0 0.73359375 0.47890625 0.009375 0.034375
0 0.64609375 0.484375 0.01171875 0.0296875
0 0.2859375 0.4609375 0.0125 0.025
0 0.3015625 0.39453125 0.01328125 0.0296875
0 0.12578125 0.3796875 0.01796875 0.03671875
0 0.13046875 0.37265625 0.01484375 0.03125
0 0.1015625 0.34453125 0.01328125 0.028125
0 0.1140625 0.33828125 0.01171875 0.028125
0 0.10625 0.23046875 0.0171875 0.04296875
0 0.10625 0.19375 0.01640625 0.03515625
0 0.11796875 0.1921875 0.01796875 0.0421875
0 0.125 0.18671875 0.01875 0.0453125