0 0.39765625 0.67578125 0.01171875 0.02421875
0 0.3734375 0.61953125 0.0171875 0.0390625
0 0.33203125 0.36796875 0.00703125 0.03203125
0 0.3265625 0.39765625 0.00859375 0.02890625
0 0.33359375 0.428125 0.01171875 0.03359375
0 0.34765625 0.428125 0.01015625 0.034375
0 0.7703125 0.58359375 0.01171875 0.03515625
0 0.87109375 0.61796875 0.01484375 0.028125
0 0.27578125 0.221875 0.01328125 0.03984375
0 0.25859375 0.16875 0.01171875 0.03984375
0 0.26875 0.165625 0.0109375 0.03984375
0 0.2765625 0.15390625 0.01484375 0.040625