0 0.409375 0.84375 0.01484375 0.06171875
0 0.23984375 0.8953125 0.01953125 0.04609375
0 0.21015625 0.93671875 0.015625 0.025
0 0.22265625 0.91640625 0.01796875 0.03671875
0 0.41171875 0.35234375 0.01015625 0.04140625
0 0.5171875 0.39296875 0.01484375 0.0546875
0 0.50703125 0.37890625 0.0078125 0.0359375
0 0.515625 0.35859375 0.0109375 0.021875
0 0.553125 0.2015625 0.009375 0.046875
0 0.5734375 0.171875 0.01015625 0.028125
0 0.5625 0.10859375 0.0078125 0.04453125
0 0.5859375 0.10703125 0.01015625 0.04453125
0 0.8609375 0.07109375 0.01953125 0.05