0 0.41953125 0.9328125 0.015625 0.04921875
0 0.2171875 0.953125 0.01640625 0.0265625
0 0.22890625 0.93203125 0.015625 0.03671875
0 0.24921875 0.9140625 0.021875 0.03828125
0 0.41796875 0.35234375 0.0125 0.04375
0 0.5328125 0.3171875 0.00859375 0.034375
0 0.53984375 0.315625 0.01015625 0.05234375
0 0.54765625 0.3328125 0.0125 0.05390625
0 0.5578125 0.19765625 0.00859375 0.04609375
0 0.57890625 0.16484375 0.009375 0.0296875
0 0.5703125 0.10390625 0.0078125 0.0453125
0 0.590625 0.10078125 0.0109375 0.0453125
0 0.9078125 0.096875 0.0203125 0.0453125