0 0.4171875 0.93125 0.01484375 0.0484375
0 0.2203125 0.9515625 0.015625 0.02578125
0 0.23125 0.93125 0.01484375 0.0359375
0 0.2515625 0.9140625 0.02109375 0.03671875
0 0.415625 0.36640625 0.01171875 0.04296875
0 0.52734375 0.33203125 0.00859375 0.0328125
0 0.53515625 0.33046875 0.009375 0.0515625
0 0.5421875 0.34765625 0.01171875 0.053125
0 0.55234375 0.215625 0.00859375 0.04453125
0 0.57265625 0.184375 0.009375 0.02890625
0 0.56484375 0.12421875 0.00703125 0.04453125
0 0.58359375 0.12109375 0.01015625 0.04453125
0 0.89296875 0.11796875 0.01953125 0.04453125