0 0.56484375 0.9796875 0.0140625 0.03515625
0 0.55703125 0.94921875 0.03125 0.034375
0 0.55859375 0.91875 0.02265625 0.0296875
0 0.52265625 0.64140625 0.0140625 0.04296875
0 0.5 0.62890625 0.009375 0.04296875
0 0.45703125 0.49140625 0.0125 0.03203125
0 0.43125 0.51484375 0.01171875 0.0515625
0 0.33203125 0.4546875 0.00859375 0.0484375
0 0.421875 0.39375 0.01328125 0.05078125
0 0.38828125 0.29453125 0.01015625 0.0515625
0 0.33359375 0.1984375 0.0125 0.0453125
0 0.36640625 0.09609375 0.01171875 0.046875