0 0.375 0.72265625 0.0140625 0.02890625
0 0.35390625 0.69296875 0.01484375 0.0484375
0 0.3609375 0.47265625 0.01015625 0.03984375
0 0.34375 0.48359375 0.0140625 0.034375
0 0.34296875 0.43828125 0.00859375 0.03046875
0 0.35234375 0.40703125 0.009375 0.028125
0 0.28828125 0.24453125 0.0125 0.0359375
0 0.2625 0.19609375 0.01484375 0.04375
0 0.2734375 0.190625 0.0125 0.0453125
0 0.2796875 0.17578125 0.01484375 0.0484375
0 0.8671875 0.60546875 0.01328125 0.02578125
0 0.76953125 0.58359375 0.01171875 0.03203125