0 0.41171875 0.840625 0.01484375 0.06015625
0 0.24609375 0.89140625 0.01875 0.0453125
0 0.21640625 0.93203125 0.01484375 0.025
0 0.22890625 0.91171875 0.01796875 0.0359375
0 0.4140625 0.359375 0.01015625 0.040625
0 0.5171875 0.39921875 0.0140625 0.05390625
0 0.50703125 0.38515625 0.0078125 0.03515625
0 0.51640625 0.365625 0.01015625 0.02109375
0 0.553125 0.21171875 0.00859375 0.0453125
0 0.57265625 0.18203125 0.01015625 0.02734375
0 0.56171875 0.11953125 0.0078125 0.04375
0 0.584375 0.11875 0.01015625 0.04375
0 0.85390625 0.08359375 0.01875 0.04921875