0 0.95859375 0.63359375 0.01015625 0.0171875
0 0.9734375 0.5984375 0.0203125 0.02890625
0 0.96015625 0.5890625 0.0125 0.01953125
0 0.1796875 0.30859375 0.0171875 0.03359375
0 0.8265625 0.26484375 0.01484375 0.0296875
0 0.8390625 0.275 0.01328125 0.0328125
0 0.81796875 0.703125 0.01171875 0.0234375
0 0.8171875 0.8734375 0.0171875 0.025
0 0.74609375 0.871875 0.0125 0.01796875
0 0.74921875 0.90859375 0.00703125 0.01875
0 0.70390625 0.74296875 0.01328125 0.028125
0 0.678125 0.70234375 0.01015625 0.02890625
0 0.44609375 0.93125 0.01015625 0.02890625
0 0.45546875 0.959375 0.01484375 0.0265625