0 0.7359375 0.94609375 0.01953125 0.0328125
0 0.7109375 0.8359375 0.01171875 0.0234375
0 0.65703125 0.77109375 0.0109375 0.0421875
0 0.39140625 0.75546875 0.02109375 0.059375
0 0.45625 0.79296875 0.01640625 0.03984375
0 0.559375 0.72109375 0.015625 0.0546875
0 0.615625 0.66484375 0.01640625 0.04296875
0 0.5671875 0.57109375 0.01171875 0.04140625
0 0.6015625 0.55390625 0.01171875 0.0453125
0 0.61875 0.60625 0.0109375 0.034375
0 0.63828125 0.59453125 0.0171875 0.0359375
0 0.66484375 0.5484375 0.0125 0.028125
0 0.653125 0.55234375 0.01484375 0.04375
0 0.61171875 0.51328125 0.01328125 0.04609375
0 0.671875 0.5125 0.01171875 0.0359375
0 0.8140625 0.1234375 0.01328125 0.03203125
0 0.80234375 0.1328125 0.0109375 0.03359375