0 0.81328125 0.7640625 0.01796875 0.02109375
0 0.73046875 0.8859375 0.01171875 0.01796875
0 0.596875 0.68671875 0.0140625 0.02578125
0 0.63359375 0.415625 0.0125 0.025
0 0.209375 0.65078125 0.02109375 0.03046875
0 0.146875 0.49765625 0.0109375 0.01015625
0 0.14296875 0.45390625 0.0203125 0.02109375
0 0.13671875 0.4796875 0.01796875 0.01484375
0 0.140625 0.509375 0.0203125 0.01796875
0 0.28125 0.62734375 0.009375 0.01640625
0 0.28828125 0.58671875 0.01328125 0.01953125
0 0.6484375 0.39140625 0.01484375 0.01796875