0 0.3828125 0.8234375 0.0109375 0.021875
0 0.38984375 0.89609375 0.01328125 0.02734375
0 0.36484375 0.91640625 0.01640625 0.03359375
0 0.90703125 0.33984375 0.03046875 0.0328125
0 0.8921875 0.38046875 0.0359375 0.03359375
0 0.42421875 0.34765625 0.02109375 0.03515625
0 0.4578125 0.26640625 0.01875 0.04140625
0 0.47734375 0.353125 0.0125 0.0375
0 0.49921875 0.4078125 0.01328125 0.02265625
0 0.55078125 0.36875 0.03203125 0.04140625
0 0.53203125 0.33125 0.01640625 0.03046875
0 0.52578125 0.6765625 0.01796875 0.0421875