0 0.3765625 0.8234375 0.01015625 0.02109375
0 0.384375 0.89453125 0.01328125 0.0265625
0 0.359375 0.91484375 0.01640625 0.03359375
0 0.89296875 0.34765625 0.0296875 0.03203125
0 0.878125 0.38828125 0.03515625 0.03359375
0 0.41796875 0.35625 0.02109375 0.034375
0 0.45078125 0.27578125 0.01796875 0.040625
0 0.4703125 0.3609375 0.01171875 0.03671875
0 0.49140625 0.41484375 0.01328125 0.021875
0 0.5421875 0.3765625 0.03125 0.040625
0 0.5234375 0.33984375 0.01640625 0.0296875
0 0.51796875 0.67890625 0.01796875 0.04140625