0 0.38828125 0.625 0.015625 0.040625
0 0.45625 0.553125 0.0140625 0.04140625
0 0.66328125 0.62578125 0.01640625 0.0546875
0 0.73984375 0.50390625 0.01640625 0.05
0 0.76015625 0.48828125 0.01171875 0.0375
0 0.77578125 0.49296875 0.01875 0.0484375
0 0.82734375 0.54375 0.0203125 0.04921875
0 0.83125 0.459375 0.0171875 0.046875
0 0.8515625 0.45625 0.01484375 0.0375
0 0.88828125 0.4609375 0.01640625 0.04453125
0 0.9046875 0.44375 0.0140625 0.03671875
0 0.90390625 0.3921875 0.01796875 0.04609375
0 0.92890625 0.32421875 0.0171875 0.0453125
0 0.95 0.325 0.0203125 0.05390625