0 0.23125 0.7828125 0.0140625 0.025
0 0.23984375 0.80859375 0.01484375 0.0265625
0 0.10546875 0.740625 0.015625 0.01953125
0 0.09765625 0.71953125 0.01171875 0.0171875
0 0.0375 0.69375 0.01171875 0.01328125
0 0.06640625 0.6609375 0.01171875 0.01328125
0 0.20546875 0.56875 0.01640625 0.0234375
0 0.034375 0.59609375 0.01015625 0.01484375
0 0.0328125 0.578125 0.015625 0.0234375
0 0.059375 0.578125 0.0125 0.0203125
0 0.15234375 0.29296875 0.0140625 0.0265625
0 0.27109375 0.303125 0.01171875 0.0265625
0 0.3546875 0.334375 0.01328125 0.03046875
0 0.36328125 0.30546875 0.0109375 0.025
0 0.3625 0.29296875 0.01171875 0.02421875
0 0.5703125 0.01953125 0.00859375 0.028125
0 0.58515625 0.421875 0.00703125 0.025
0 0.57734375 0.41171875 0.00859375 0.02421875
0 0.578125 0.39140625 0.00546875 0.02109375
0 0.5296875 0.64140625 0.01015625 0.02578125
0 0.54140625 0.64140625 0.01015625 0.025
0 0.52734375 0.578125 0.009375 0.02890625
0 0.52265625 0.56484375 0.01015625 0.0296875
0 0.98984375 0.4484375 0.01796875 0.0234375