0 0.6625 0.83671875 0.01171875 0.028125
0 0.646875 0.8234375 0.01171875 0.02734375
0 0.37109375 0.6546875 0.01328125 0.028125
0 0.36796875 0.62109375 0.01171875 0.03046875
0 0.13515625 0.3359375 0.01640625 0.03515625
0 0.20546875 0.21875 0.01171875 0.01796875
0 0.23125 0.23046875 0.01171875 0.03125
0 0.1921875 0.3921875 0.01328125 0.0265625
0 0.24296875 0.30703125 0.00625 0.01953125
0 0.25078125 0.33125 0.00625 0.015625
0 0.25078125 0.31640625 0.009375 0.02421875
0 0.2703125 0.33203125 0.00859375 0.01875
0 0.2609375 0.409375 0.00625 0.0125
0 0.2328125 0.41953125 0.009375 0.0171875
0 0.22890625 0.43984375 0.0078125 0.02109375
0 0.22421875 0.46171875 0.0109375 0.021875
0 0.44453125 0.1671875 0.00859375 0.02890625
0 0.38984375 0.41484375 0.01484375 0.0296875
0 0.75 0.59765625 0.0140625 0.02421875
0 0.74453125 0.5875 0.0109375 0.025
0 0.74296875 0.55078125 0.01328125 0.02578125
0 0.74375 0.5296875 0.009375 0.0171875
0 0.62734375 0.33046875 0.01015625 0.03515625
0 0.64375 0.31328125 0.0078125 0.0265625
0 0.65078125 0.29453125 0.0078125 0.028125
0 0.5546875 0.2484375 0.009375 0.03125
0 0.7421875 0.57421875 0.00859375 0.02109375