0 0.54921875 0.99140625 0.0125 0.01640625
0 0.47734375 0.6265625 0.0109375 0.02421875
0 0.625 0.6265625 0.01015625 0.02578125
0 0.5765625 0.69140625 0.0109375 0.01796875
0 0.56640625 0.7078125 0.00625 0.01796875
0 0.509375 0.63984375 0.01015625 0.01796875
0 0.52265625 0.48828125 0.00703125 0.0203125
0 0.7875 0.43828125 0.01328125 0.03359375
0 0.71171875 0.37890625 0.00703125 0.01484375
0 0.6484375 0.29296875 0.00859375 0.028125
0 0.63828125 0.30078125 0.0078125 0.0296875
0 0.65390625 0.3265625 0.0046875 0.01640625
0 0.49375 0.12578125 0.00546875 0.03203125
0 0.48828125 0.1359375 0.00625 0.0296875