0 0.63359375 0.8078125 0.01171875 0.0265625
0 0.61875 0.7953125 0.0109375 0.02578125
0 0.35546875 0.634375 0.0125 0.0265625
0 0.35234375 0.60234375 0.01171875 0.02890625
0 0.13046875 0.33046875 0.015625 0.03359375
0 0.196875 0.21875 0.0109375 0.0171875
0 0.221875 0.2296875 0.0109375 0.0296875
0 0.18515625 0.384375 0.0125 0.02578125
0 0.23359375 0.303125 0.00625 0.01875
0 0.240625 0.32578125 0.00546875 0.01484375
0 0.240625 0.31171875 0.00859375 0.0234375
0 0.259375 0.3265625 0.00859375 0.01796875
0 0.25 0.40078125 0.00625 0.01171875
0 0.2234375 0.41015625 0.009375 0.01640625
0 0.21953125 0.4296875 0.00703125 0.0203125
0 0.215625 0.45 0.01015625 0.02109375
0 0.425 0.16953125 0.0078125 0.028125
0 0.3734375 0.40625 0.0140625 0.028125
0 0.71640625 0.58046875 0.01328125 0.0234375
0 0.7109375 0.5703125 0.0109375 0.02421875
0 0.71015625 0.53515625 0.0125 0.02421875
0 0.7109375 0.515625 0.00859375 0.01640625
0 0.6 0.325 0.01015625 0.03359375
0 0.61484375 0.30859375 0.00703125 0.025
0 0.621875 0.29140625 0.0078125 0.0265625
0 0.53046875 0.246875 0.00859375 0.0296875
0 0.709375 0.5578125 0.0078125 0.0203125