0 0.03828125 0.7515625 0.02578125 0.01953125
0 0.61640625 0.88671875 0.01640625 0.02578125
0 0.821875 0.86171875 0.0125 0.01328125
0 0.8359375 0.746875 0.01953125 0.02109375
0 0.76484375 0.7234375 0.01015625 0.01796875
0 0.73828125 0.59296875 0.01328125 0.01875
0 0.71875 0.53984375 0.0125 0.028125
0 0.85859375 0.58828125 0.01015625 0.02421875
0 0.871875 0.1078125 0.0171875 0.03203125
0 0.85703125 0.08984375 0.01796875 0.0375
0 0.47265625 0.69296875 0.01171875 0.021875
0 0.47734375 0.71953125 0.01171875 0.021875
0 0.284375 0.03984375 0.0109375 0.03125
0 0.2828125 0.01640625 0.0078125 0.015625
0 0.271875 0.0328125 0.00703125 0.0125