0 0.409375 0.61640625 0.01484375 0.0390625
0 0.47421875 0.54765625 0.01328125 0.03984375
0 0.67421875 0.6171875 0.01640625 0.053125
0 0.74765625 0.5 0.015625 0.0484375
0 0.7671875 0.484375 0.01171875 0.0359375
0 0.78203125 0.48984375 0.01796875 0.04609375
0 0.83203125 0.53828125 0.01953125 0.046875
0 0.8359375 0.45703125 0.01640625 0.0453125
0 0.85546875 0.45390625 0.01484375 0.0359375
0 0.890625 0.45859375 0.01640625 0.04296875
0 0.90625 0.4421875 0.01328125 0.03515625
0 0.90625 0.3921875 0.0171875 0.04453125
0 0.93046875 0.32734375 0.01640625 0.04375
0 0.95078125 0.328125 0.01953125 0.0515625