0 0.98515625 0.8078125 0.0296875 0.01953125
0 0.70078125 0.93515625 0.0125 0.01953125
0 0.471875 0.78515625 0.01015625 0.01640625
0 0.4515625 0.825 0.0078125 0.0171875
0 0.1609375 0.50546875 0.0171875 0.0234375
0 0.1296875 0.5171875 0.0125 0.01015625
0 0.1234375 0.52578125 0.02109375 0.02265625
0 0.13828125 0.5984375 0.025 0.03515625
0 0.26640625 0.62265625 0.01015625 0.01875
0 0.5625 0.69609375 0.015625 0.02890625
0 0.61796875 0.3953125 0.01015625 0.0296875
0 0.63203125 0.3765625 0.01796875 0.01953125