0 0.5734375 0.99296875 0.0125 0.0140625
0 0.49609375 0.596875 0.01171875 0.0265625
0 0.65703125 0.596875 0.0109375 0.028125
0 0.6046875 0.6671875 0.01171875 0.01953125
0 0.59296875 0.6859375 0.00703125 0.01953125
0 0.53125 0.6109375 0.0109375 0.01953125
0 0.5453125 0.4453125 0.0078125 0.02265625
0 0.834375 0.390625 0.0140625 0.03671875
0 0.7515625 0.32578125 0.0078125 0.01640625
0 0.6828125 0.23203125 0.009375 0.03046875
0 0.671875 0.240625 0.00859375 0.03203125
0 0.68828125 0.26953125 0.00546875 0.01796875
0 0.5140625 0.04921875 0.00625 0.03515625
0 0.5078125 0.0609375 0.00703125 0.03203125