0 0.3421875 0.86796875 0.015625 0.03203125
0 0.40703125 0.85546875 0.015625 0.053125
0 0.68984375 0.896875 0.02421875 0.059375
0 0.7828125 0.92265625 0.01640625 0.04375
0 0.7484375 0.80234375 0.01796875 0.0515625
0 0.7828125 0.83984375 0.0203125 0.053125
0 0.81171875 0.8390625 0.02421875 0.04140625
0 0.84296875 0.81796875 0.021875 0.034375
0 0.86953125 0.7828125 0.0265625 0.04765625
0 0.90859375 0.7359375 0.01796875 0.03671875
0 0.8890625 0.6703125 0.03046875 0.04765625
0 0.86328125 0.6859375 0.02109375 0.04921875