0 0.725 0.91875 0.01328125 0.02578125
0 0.66484375 0.84609375 0.0125 0.04765625
0 0.36796875 0.82890625 0.0234375 0.06640625
0 0.440625 0.87109375 0.01796875 0.04453125
0 0.55625 0.78984375 0.0171875 0.0609375
0 0.61875 0.72734375 0.01875 0.04765625
0 0.56484375 0.621875 0.0125 0.046875
0 0.603125 0.603125 0.01328125 0.05078125
0 0.621875 0.6609375 0.0125 0.03828125
0 0.64453125 0.64921875 0.01953125 0.040625
0 0.6734375 0.59609375 0.0140625 0.03125
0 0.6609375 0.60078125 0.01640625 0.0484375
0 0.61484375 0.55703125 0.01484375 0.0515625
0 0.68203125 0.55625 0.0125 0.040625
0 0.84140625 0.1203125 0.01484375 0.0359375
0 0.82734375 0.13125 0.01171875 0.03828125