0 0.478125 0.93046875 0.01328125 0.03046875
0 0.29453125 0.73125 0.0140625 0.02421875
0 0.32578125 0.7046875 0.009375 0.0203125
0 0.3953125 0.69453125 0.00859375 0.0171875
0 0.39765625 0.678125 0.00859375 0.01796875
0 0.4140625 0.571875 0.009375 0.03125
0 0.28515625 0.59140625 0.00859375 0.01875
0 0.18125 0.18046875 0.01171875 0.03046875
0 0.190625 0.18515625 0.01171875 0.0296875
0 0.3265625 0.290625 0.00859375 0.03046875
0 0.3203125 0.3046875 0.00859375 0.0296875
0 0.3328125 0.31328125 0.0078125 0.015625
0 0.38203125 0.32578125 0.0109375 0.03125
0 0.49140625 0.20390625 0.00703125 0.03125