0 0.84375 0.75859375 0.01953125 0.02265625
0 0.7546875 0.8890625 0.0125 0.01953125
0 0.61171875 0.67578125 0.01484375 0.028125
0 0.6515625 0.384375 0.01328125 0.0265625
0 0.19609375 0.63671875 0.02265625 0.0328125
0 0.12890625 0.47265625 0.01171875 0.0109375
0 0.125 0.42578125 0.021875 0.02265625
0 0.11796875 0.453125 0.01953125 0.015625
0 0.12265625 0.4859375 0.021875 0.01875
0 0.2734375 0.6125 0.009375 0.0171875
0 0.28125 0.56796875 0.01484375 0.02109375
0 0.6671875 0.35859375 0.015625 0.01953125