0 0.47890625 0.9609375 0.01328125 0.03203125
0 0.2890625 0.7546875 0.01484375 0.025
0 0.321875 0.7265625 0.009375 0.02109375
0 0.39375 0.71640625 0.00859375 0.01796875
0 0.39609375 0.69921875 0.009375 0.01796875
0 0.41328125 0.5890625 0.009375 0.0328125
0 0.27890625 0.609375 0.009375 0.01953125
0 0.17109375 0.18203125 0.0125 0.03203125
0 0.18046875 0.1875 0.0125 0.03046875
0 0.32265625 0.296875 0.009375 0.03203125
0 0.315625 0.31171875 0.00859375 0.03046875
0 0.328125 0.3203125 0.0078125 0.01640625
0 0.3796875 0.33359375 0.01171875 0.0328125
0 0.49375 0.20703125 0.0078125 0.0328125