0 0.25703125 0.8078125 0.0265625 0.0546875
0 0.2484375 0.73984375 0.0203125 0.05390625
0 0.2546875 0.70703125 0.02421875 0.0625
0 0.32578125 0.690625 0.02421875 0.06640625
0 0.390625 0.43046875 0.0125 0.06171875
0 0.40390625 0.41875 0.0140625 0.06640625
0 0.428125 0.290625 0.01171875 0.0609375
0 0.453125 0.2296875 0.0140625 0.06171875
0 0.4734375 0.25390625 0.0140625 0.06015625
0 0.48984375 0.24609375 0.0140625 0.0546875
0 0.5078125 0.21171875 0.009375 0.05703125
0 0.35390625 0.14453125 0.01328125 0.05234375
0 0.35 0.11484375 0.01015625 0.03046875
0 0.10234375 0.23046875 0.01953125 0.05078125
0 0.97265625 0.3828125 0.021875 0.05
0 0.896875 0.2125 0.0203125 0.06171875
0 0.82109375 0.3546875 0.0203125 0.05546875
0 0.81328125 0.33984375 0.0171875 0.05
0 0.7546875 0.20859375 0.021875 0.04296875
0 0.72734375 0.2078125 0.01953125 0.0609375
0 0.715625 0.20078125 0.015625 0.053125
0 0.721875 0.19140625 0.0109375 0.04921875
0 0.67265625 0.10859375 0.0109375 0.05
0 0.6640625 0.096875 0.01015625 0.05078125
0 0.61953125 0.1 0.01328125 0.053125
0 0.603125 0.0828125 0.01171875 0.04765625
0 0.58828125 0.06484375 0.009375 0.05
0 0.59375 0.0984375 0.0078125 0.05
0 0.078125 0.10703125 0.02734375 0.05390625
0 0.06640625 0.10546875 0.015625 0.034375