0 0.60234375 0.96484375 0.015625 0.03203125
0 0.615625 0.9734375 0.01328125 0.0421875
0 0.7671875 0.965625 0.02734375 0.04609375
0 0.69140625 0.82890625 0.03046875 0.0546875
0 0.659375 0.859375 0.02578125 0.053125
0 0.62890625 0.8625 0.0171875 0.05234375
0 0.5875 0.8203125 0.021875 0.053125
0 0.5359375 0.8078125 0.01640625 0.04921875
0 0.6828125 0.753125 0.0140625 0.04765625
0 0.50390625 0.68671875 0.009375 0.0375
0 0.453125 0.6609375 0.01484375 0.02578125
0 0.48671875 0.63203125 0.0125 0.0359375
0 0.61875 0.62109375 0.0109375 0.0453125
0 0.55703125 0.56484375 0.009375 0.0390625
0 0.5171875 0.52734375 0.0171875 0.040625
0 0.5671875 0.62109375 0.015625 0.02890625
0 0.52109375 0.48046875 0.01015625 0.0296875
0 0.546875 0.478125 0.0125 0.03203125
0 0.55625 0.45546875 0.009375 0.0421875
0 0.5796875 0.45546875 0.0109375 0.03671875
0 0.6046875 0.37421875 0.01171875 0.03828125
0 0.62890625 0.38359375 0.015625 0.0375
0 0.39296875 0.4375 0.0109375 0.03828125
0 0.3953125 0.48125 0.01015625 0.04765625
0 0.375 0.4671875 0.009375 0.0453125
0 0.23046875 0.57890625 0.015625 0.0421875
0 0.2078125 0.55078125 0.01796875 0.0390625
0 0.2125 0.45546875 0.0171875 0.0375
0 0.23671875 0.40390625 0.01328125 0.03515625
0 0.13671875 0.69140625 0.01796875 0.03671875
0 0.340625 0.19296875 0.00703125 0.02109375
0 0.34765625 0.209375 0.009375 0.040625
0 0.34609375 0.2265625 0.0109375 0.034375
0 0.37265625 0.20390625 0.00859375 0.04296875
0 0.2984375 0.0125 0.01171875 0.025
0 0.3890625 0.0109375 0.00625 0.02109375
0 0.3921875 0.04765625 0.01171875 0.03515625
0 0.3890625 0.0234375 0.00625 0.01484375
0 0.4296875 0.01953125 0.00625 0.0390625
0 0.440625 0.015625 0.00859375 0.03046875
0 0.45078125 0.015625 0.00625 0.03046875
0 0.45546875 0.0046875 0.00546875 0.009375
0 0.5640625 0.0171875 0.0078125 0.02109375
0 0.6359375 0.040625 0.00546875 0.03515625
0 0.63984375 0.046875 0.00546875 0.03671875
0 0.57578125 0.16875 0.00703125 0.03515625
0 0.58203125 0.16796875 0.0078125 0.0390625
0 0.5765625 0.24375 0.00859375 0.0375
0 0.64609375 0.753125 0.015625 0.0265625