0 0.2765625 0.825 0.02890625 0.05859375
0 0.2671875 0.75078125 0.021875 0.05859375
0 0.27421875 0.715625 0.02578125 0.0671875
0 0.35078125 0.6984375 0.02578125 0.071875
0 0.4203125 0.41640625 0.01328125 0.0671875
0 0.43515625 0.40390625 0.015625 0.07109375
0 0.4609375 0.26640625 0.01328125 0.065625
0 0.48828125 0.2 0.01484375 0.06640625
0 0.51015625 0.22578125 0.01484375 0.06484375
0 0.528125 0.21796875 0.01484375 0.059375
0 0.54765625 0.18046875 0.01015625 0.06171875
0 0.38125 0.1078125 0.01484375 0.05625
0 0.37734375 0.07578125 0.0109375 0.0328125
0 0.11015625 0.20078125 0.02109375 0.0546875
0 0.9671875 0.18203125 0.021875 0.06640625
0 0.88515625 0.33515625 0.021875 0.059375
0 0.8765625 0.31953125 0.01875 0.05390625
0 0.8140625 0.17734375 0.0234375 0.04609375
0 0.78359375 0.1765625 0.02109375 0.06640625
0 0.77109375 0.16875 0.0171875 0.05703125
0 0.778125 0.15859375 0.0125 0.053125
0 0.725 0.06875 0.0125 0.05390625
0 0.715625 0.05703125 0.0109375 0.0546875
0 0.66796875 0.059375 0.01484375 0.0578125
0 0.65 0.04140625 0.01328125 0.0515625
0 0.634375 0.02421875 0.009375 0.0484375
0 0.63984375 0.0578125 0.00859375 0.05390625
0 0.08359375 0.06796875 0.02890625 0.05859375
0 0.07109375 0.06640625 0.0171875 0.0375