0 0.2390625 0.0140625 0.015625 0.028125
0 0.215625 0.04765625 0.01875 0.0265625
0 0.21875 0.03203125 0.02109375 0.02890625
0 0.12890625 0.1125 0.01875 0.0296875
0 0.09921875 0.15859375 0.02578125 0.0234375
0 0.01328125 0.31171875 0.0234375 0.02734375
0 0.19375 0.25859375 0.0171875 0.02734375
0 0.2015625 0.2375 0.01796875 0.02578125
0 0.2625 0.22578125 0.01484375 0.0328125
0 0.18359375 0.36875 0.01640625 0.01875
0 0.20625 0.378125 0.015625 0.0171875
0 0.24375 0.3859375 0.015625 0.01796875
0 0.3234375 0.2625 0.01875 0.0296875
0 0.37890625 0.2453125 0.01328125 0.021875
0 0.45 0.24921875 0.015625 0.02734375
0 0.42265625 0.3109375 0.01015625 0.021875
0 0.43203125 0.3625 0.0109375 0.025
0 0.45703125 0.4 0.01171875 0.01875
0 0.5140625 0.37421875 0.009375 0.0234375
0 0.51953125 0.28984375 0.009375 0.02421875
0 0.4890625 0.24140625 0.01640625 0.02265625
0 0.6515625 0.2421875 0.0109375 0.028125
0 0.690625 0.25703125 0.0140625 0.02265625
0 0.728125 0.19375 0.015625 0.0328125
0 0.6859375 0.14453125 0.01171875 0.0296875
0 0.703125 0.13671875 0.01328125 0.02578125
0 0.878125 0.184375 0.0203125 0.02265625
0 0.89140625 0.21796875 0.02265625 0.0265625
0 0.8953125 0.1921875 0.021875 0.021875
0 0.88828125 0.1859375 0.0203125 0.025
0 0.90546875 0.17265625 0.0140625 0.0171875
0 0.9375 0.5015625 0.02109375 0.0203125
0 0.890625 0.42578125 0.01875 0.028125
0 0.86171875 0.4984375 0.0296875 0.01796875
0 0.8921875 0.57265625 0.01953125 0.01484375
0 0.8140625 0.70625 0.01640625 0.02734375
0 0.88203125 0.7140625 0.01875 0.028125
0 0.859375 0.79296875 0.01796875 0.028125
0 0.8296875 0.7875 0.02109375 0.02265625
0 0.7296875 0.7828125 0.01796875 0.02734375
0 0.68203125 0.78125 0.0109375 0.021875
0 0.6421875 0.7828125 0.01171875 0.01875
0 0.61796875 0.665625 0.01171875 0.02109375
0 0.66953125 0.5953125 0.01328125 0.0234375
0 0.69765625 0.62109375 0.00859375 0.0203125
0 0.7609375 0.92421875 0.015625 0.0265625
0 0.59453125 0.853125 0.01484375 0.02734375
0 0.53203125 0.821875 0.01328125 0.02109375
0 0.48828125 0.73125 0.00859375 0.025
0 0.47265625 0.690625 0.01171875 0.028125
0 0.4890625 0.6625 0.0109375 0.0203125
0 0.4734375 0.62265625 0.0109375 0.02421875
0 0.52421875 0.56484375 0.0109375 0.02109375
0 0.60703125 0.47734375 0.01796875 0.02421875
0 0.3390625 0.5078125 0.015625 0.021875
0 0.23359375 0.60546875 0.02109375 0.02265625
0 0.22421875 0.6484375 0.01796875 0.03046875
0 0.29609375 0.66640625 0.01484375 0.01953125
0 0.3109375 0.67265625 0.0140625 0.01953125
0 0.3 0.75859375 0.015625 0.02890625
0 0.275 0.815625 0.01328125 0.03046875
0 0.2359375 0.75234375 0.01796875 0.02421875
0 0.146875 0.678125 0.015625 0.02578125
0 0.11953125 0.75546875 0.021875 0.02421875
0 0.10234375 0.8328125 0.02265625 0.02890625
0 0.109375 0.8640625 0.02265625 0.03046875
0 0.12421875 0.8765625 0.01640625 0.0203125
0 0.03203125 0.8703125 0.01953125 0.025
0 0.096875 0.940625 0.021875 0.02265625