0 0.10546875 0.65 0.01875 0.0390625
0 0.17890625 0.50703125 0.0171875 0.04140625
0 0.2015625 0.534375 0.01640625 0.04453125
0 0.18125 0.40703125 0.01484375 0.04765625
0 0.21015625 0.36171875 0.0140625 0.03828125
0 0.35234375 0.42265625 0.01015625 0.046875
0 0.3703125 0.3921875 0.0109375 0.04140625
0 0.3734375 0.43671875 0.01015625 0.05
0 0.5046875 0.44921875 0.01015625 0.0375
0 0.53203125 0.43984375 0.01328125 0.03359375
0 0.54375 0.43203125 0.009375 0.04296875
0 0.56796875 0.43203125 0.01328125 0.04453125
0 0.5 0.496875 0.01640625 0.04296875
0 0.5421875 0.53671875 0.01328125 0.0484375
0 0.60546875 0.58828125 0.01171875 0.0453125
0 0.5609375 0.62109375 0.01328125 0.04609375
0 0.47421875 0.61328125 0.0125 0.04375
0 0.48984375 0.66796875 0.01328125 0.04296875
0 0.4296875 0.64140625 0.01328125 0.03046875
0 0.5140625 0.775 0.0171875 0.04453125
0 0.58125 0.7984375 0.02421875 0.034375
0 0.61484375 0.834375 0.01796875 0.0375
0 0.6546875 0.8515625 0.01640625 0.0484375
0 0.68203125 0.74765625 0.02109375 0.0515625
0 0.69609375 0.81796875 0.028125 0.06015625
0 0.58984375 0.99140625 0.0203125 0.01640625
0 0.7671875 0.9453125 0.02578125 0.02890625
0 0.5921875 0.36328125 0.0125 0.040625
0 0.62265625 0.3734375 0.0109375 0.04609375
0 0.56328125 0.20234375 0.009375 0.03984375
0 0.56328125 0.121875 0.00703125 0.0359375
0 0.56953125 0.1203125 0.00859375 0.040625
0 0.6296875 0.00703125 0.00625 0.0140625
0 0.3703125 0.00625 0.01015625 0.0125
0 0.321875 0.17734375 0.0125 0.0375
0 0.315625 0.14375 0.00703125 0.02578125
0 0.321875 0.16015625 0.0109375 0.04375
0 0.34921875 0.1546875 0.00859375 0.04609375
0 0.5921875 0.95 0.01640625 0.03046875
0 0.6015625 0.9359375 0.015625 0.02890625
0 0.63828125 0.74453125 0.015625 0.0328125