0 0.71328125 0.76171875 0.00859375 0.01484375
0 0.73046875 0.76875 0.0109375 0.01015625
0 0.6953125 0.76484375 0.00859375 0.0140625
0 0.62265625 0.34765625 0.009375 0.015625
0 0.61015625 0.34921875 0.0078125 0.01484375
0 0.61015625 0.37265625 0.009375 0.0125
0 0.6078125 0.36328125 0.0078125 0.01171875
0 0.55 0.30703125 0.0078125 0.01328125
0 0.55234375 0.41796875 0.00625 0.009375
0 0.546875 0.40390625 0.00703125 0.01171875
0 0.5453125 0.43203125 0.0078125 0.009375
0 0.5546875 0.43046875 0.00546875 0.0109375
0 0.5390625 0.42734375 0.00546875 0.0109375
0 0.534375 0.415625 0.00625 0.01484375
0 0.6203125 0.46640625 0.00625 0.01484375
0 0.60625 0.490625 0.00625 0.0109375
0 0.571875 0.49453125 0.00625 0.0125
0 0.5703125 0.48671875 0.00703125 0.009375
0 0.553125 0.53203125 0.00625 0.0140625
0 0.5765625 0.61875 0.00546875 0.01328125
0 0.57265625 0.62890625 0.0046875 0.0203125
0 0.559375 0.6375 0.0078125 0.0078125
0 0.4984375 0.4875 0.00546875 0.01640625
0 0.4515625 0.41875 0.00703125 0.0140625
0 0.44453125 0.4234375 0.00625 0.009375
0 0.4421875 0.4328125 0.00625 0.009375
0 0.4515625 0.27578125 0.00625 0.0125
0 0.49453125 0.08046875 0.00546875 0.01484375
0 0.45390625 0.5953125 0.00625 0.01015625
0 0.45390625 0.6359375 0.00546875 0.01015625
0 0.4640625 0.64453125 0.00625 0.01171875
0 0.4234375 0.9484375 0.00546875 0.01875
0 0.41796875 0.946875 0.00625 0.021875
0 0.16875 0.128125 0.0125 0.0140625
0 0.1890625 0.13125 0.0125 0.015625
0 0.21328125 0.13828125 0.0140625 0.01953125
0 0.1453125 0.21015625 0.01015625 0.0171875
0 0.20625 0.221875 0.0078125 0.01484375
0 0.2140625 0.2296875 0.01171875 0.01171875
0 0.35390625 0.36015625 0.009375 0.0125
0 0.21484375 0.36015625 0.0109375 0.0125
0 0.228125 0.3609375 0.0125 0.0125
0 0.22734375 0.36875 0.01171875 0.00859375
0 0.2484375 0.3828125 0.01171875 0.0125
0 0.228125 0.390625 0.0125 0.01171875
0 0.24609375 0.40234375 0.0140625 0.01171875
0 0.2203125 0.40625 0.01015625 0.01484375
0 0.25703125 0.425 0.0109375 0.01328125
0 0.22578125 0.45859375 0.0125 0.009375
0 0.22421875 0.46875 0.0140625 0.01328125
0 0.21875 0.47890625 0.00859375 0.0109375
0 0.1765625 0.47734375 0.0125 0.0125
0 0.2640625 0.48203125 0.0078125 0.0109375
0 0.26640625 0.49375 0.009375 0.009375
0 0.2703125 0.5078125 0.0109375 0.01640625
0 0.28203125 0.51640625 0.0109375 0.0125
0 0.25859375 0.509375 0.009375 0.0109375
0 0.2125 0.55703125 0.01015625 0.01484375
0 0.35390625 0.54765625 0.01015625 0.01015625
0 0.36015625 0.5625 0.00859375 0.01015625
0 0.34921875 0.55703125 0.0078125 0.00859375
0 0.36171875 0.57421875 0.00859375 0.009375
0 0.26640625 0.67421875 0.01015625 0.01171875
0 0.25546875 0.7 0.01015625 0.01328125
0 0.215625 0.69453125 0.0109375 0.02734375
0 0.20078125 0.71171875 0.0109375 0.015625
0 0.20390625 0.71953125 0.01171875 0.0125
0 0.353125 0.7796875 0.00625 0.0140625
0 0.3828125 0.740625 0.00625 0.0125