0 0.38515625 0.1015625 0.00703125 0.01640625
0 0.4140625 0.32421875 0.00859375 0.01484375
0 0.50859375 0.26171875 0.00859375 0.0140625
0 0.56875 0.24296875 0.00703125 0.015625
0 0.57890625 0.26015625 0.00703125 0.01484375
0 0.5703125 0.26640625 0.00703125 0.01484375
0 0.575 0.278125 0.0078125 0.01953125
0 0.61328125 0.34609375 0.0078125 0.0140625
0 0.603125 0.3765625 0.009375 0.01484375
0 0.77109375 0.559375 0.009375 0.0109375
0 0.759375 0.590625 0.009375 0.01015625
0 0.56953125 0.4296875 0.00546875 0.01640625
0 0.56328125 0.428125 0.00546875 0.0140625
0 0.53671875 0.38828125 0.00546875 0.0125
0 0.53125 0.37109375 0.00703125 0.01015625
0 0.521875 0.36484375 0.00703125 0.01171875
0 0.5265625 0.39296875 0.0078125 0.0125
0 0.51875 0.39296875 0.00625 0.0109375
0 0.5125 0.38671875 0.00546875 0.015625
0 0.603125 0.54375 0.00546875 0.01171875
0 0.60234375 0.55859375 0.00703125 0.0171875
0 0.5984375 0.56796875 0.0046875 0.01171875
0 0.5953125 0.5390625 0.00546875 0.015625
0 0.56328125 0.48515625 0.00703125 0.0125
0 0.49609375 0.4921875 0.00859375 0.01328125
0 0.43359375 0.46328125 0.00859375 0.0125
0 0.428125 0.47421875 0.00703125 0.00859375
0 0.42734375 0.48515625 0.00703125 0.0109375
0 0.47890625 0.634375 0.00703125 0.01640625
0 0.5015625 0.66953125 0.00546875 0.01484375
0 0.4890625 0.6703125 0.00625 0.01171875
0 0.5375 0.99375 0.0046875 0.01171875
0 0.53046875 0.9953125 0.00625 0.009375
0 0.32265625 0.4953125 0.00859375 0.0125
0 0.37109375 0.67265625 0.01015625 0.015625
0 0.36875 0.6875 0.00859375 0.01328125
0 0.38515625 0.69375 0.00625 0.01484375
0 0.37890625 0.690625 0.00625 0.01953125
0 0.37421875 0.6984375 0.0046875 0.01328125
0 0.29453125 0.72265625 0.009375 0.015625
0 0.2796875 0.70625 0.0125 0.0140625
0 0.26953125 0.6875 0.0125 0.0125
0 0.26953125 0.703125 0.00859375 0.01328125
0 0.2640625 0.72109375 0.01171875 0.01640625
0 0.25390625 0.63515625 0.01171875 0.015625
0 0.23046875 0.60859375 0.0109375 0.0125
0 0.2125 0.6296875 0.0140625 0.02578125
0 0.23125 0.62890625 0.0140625 0.0140625
0 0.20625 0.6140625 0.009375 0.0203125
0 0.19375 0.6140625 0.0171875 0.01796875
0 0.2078125 0.6515625 0.0109375 0.015625
0 0.2265625 0.69921875 0.0125 0.0171875
0 0.2265625 0.71171875 0.0140625 0.0140625
0 0.2171875 0.71640625 0.00859375 0.01484375
0 0.18203125 0.7625 0.01328125 0.01640625
0 0.234375 0.825 0.0109375 0.015625
0 0.31796875 0.8703125 0.0078125 0.01484375
0 0.3125 0.90625 0.009375 0.01875
0 0.2765625 0.93515625 0.009375 0.02890625
0 0.26796875 0.965625 0.01171875 0.0203125
0 0.26328125 0.96328125 0.01171875 0.0171875
0 0.15859375 0.48984375 0.01328125 0.009375
0 0.1484375 0.49296875 0.01015625 0.0125
0 0.13671875 0.41171875 0.015625 0.0125
0 0.08828125 0.5296875 0.009375 0.01484375
0 0.10390625 0.42734375 0.0140625 0.0125
0 0.08984375 0.43125 0.0140625 0.01328125
0 0.0078125 0.21953125 0.015625 0.0140625
0 0.21015625 0.146875 0.01484375 0.01953125