0 0.1171875 0.18046875 0.0265625 0.0328125
0 0.3453125 0.32578125 0.02734375 0.03125
0 0.32578125 0.44296875 0.025 0.040625
0 0.3375 0.55703125 0.0265625 0.03046875
0 0.4328125 0.703125 0.0234375 0.03984375
0 0.55390625 0.64609375 0.021875 0.0375
0 0.69375 0.63984375 0.02421875 0.0421875
0 0.6640625 0.45625 0.021875 0.025
0 0.60703125 0.44765625 0.02734375 0.03671875
0 0.45390625 0.33515625 0.02421875 0.06484375
0 0.46875 0.29140625 0.01484375 0.05859375
0 0.5453125 0.2421875 0.02734375 0.04140625
0 0.66171875 0.2703125 0.02265625 0.053125