0 0.06875 0.15078125 0.0234375 0.028125
0 0.7453125 0.62890625 0.01484375 0.02421875
0 0.68671875 0.084375 0.01484375 0.03828125
0 0.57578125 0.62421875 0.01328125 0.021875
0 0.70078125 0.08984375 0.01484375 0.03515625
0 0.59765625 0.68203125 0.0125 0.0203125
0 0.5078125 0.23671875 0.0140625 0.02578125
0 0.6765625 0.74296875 0.015625 0.03359375
0 0.628125 0.746875 0.01484375 0.0234375
0 0.6859375 0.7359375 0.0140625 0.03046875
0 0.459375 0.1890625 0.0125 0.01796875
0 0.64453125 0.77265625 0.0140625 0.02578125
0 0.66875 0.76328125 0.01484375 0.02890625