0 0.61484375 0.83203125 0.0171875 0.05546875
0 0.64609375 0.85 0.01484375 0.0484375
0 0.6765625 0.86640625 0.02421875 0.04453125
0 0.7171875 0.85703125 0.015625 0.03515625
0 0.825 0.725 0.021875 0.0328125
0 0.69140625 0.70390625 0.015625 0.03984375
0 0.66171875 0.79375 0.015625 0.0484375
0 0.62578125 0.709375 0.015625 0.0375
0 0.60703125 0.70234375 0.01484375 0.0484375
0 0.5984375 0.634375 0.0125 0.0421875
0 0.6765625 0.5890625 0.01953125 0.03515625
0 0.71640625 0.6109375 0.01640625 0.04296875
0 0.76171875 0.5609375 0.01875 0.05546875
0 0.784375 0.5375 0.02734375 0.0359375
0 0.6734375 0.53515625 0.01484375 0.05859375
0 0.6546875 0.55 0.01796875 0.05390625
0 0.63515625 0.56875 0.015625 0.04609375
0 0.59921875 0.56640625 0.02578125 0.0453125
0 0.61484375 0.5046875 0.03203125 0.04921875
0 0.56328125 0.478125 0.0109375 0.04296875
0 0.5375 0.51875 0.0234375 0.05625
0 0.49453125 0.53828125 0.01015625 0.04375
0 0.540625 0.3671875 0.01875 0.0390625
0 0.55859375 0.3921875 0.0203125 0.05234375
0 0.57421875 0.4 0.01015625 0.046875
0 0.59765625 0.36328125 0.01171875 0.03984375
0 0.6296875 0.41171875 0.01171875 0.03046875
0 0.57109375 0.2984375 0.0109375 0.02734375
0 0.55078125 0.296875 0.009375 0.03984375
0 0.5828125 0.059375 0.00703125 0.0375
0 0.575 0.03046875 0.00625 0.03515625
0 0.58203125 0.0265625 0.00625 0.034375
0 0.4046875 0.1640625 0.0078125 0.028125
0 0.41015625 0.1953125 0.0078125 0.0484375
0 0.3921875 0.1890625 0.00625 0.04296875
0 0.36796875 0.0296875 0.00859375 0.03671875
0 0.39375 0.01796875 0.0078125 0.0359375
0 0.30546875 0.1671875 0.009375 0.0390625
0 0.2484375 0.17421875 0.01015625 0.04921875
0 0.24921875 0.24375 0.00859375 0.04765625
0 0.259375 0.2640625 0.01015625 0.04375
0 0.17890625 0.33515625 0.015625 0.04140625
0 0.7765625 0.82890625 0.021875 0.040625