0 0.61640625 0.82890625 0.0171875 0.0546875
0 0.64765625 0.84765625 0.01484375 0.0484375
0 0.678125 0.86328125 0.02421875 0.04453125
0 0.71796875 0.85390625 0.015625 0.03515625
0 0.82578125 0.7234375 0.02109375 0.0328125
0 0.6921875 0.7015625 0.015625 0.03984375
0 0.66328125 0.79140625 0.015625 0.0484375
0 0.62734375 0.70703125 0.015625 0.0375
0 0.60859375 0.7 0.01484375 0.0484375
0 0.6 0.6328125 0.0125 0.0421875
0 0.678125 0.5875 0.01953125 0.03515625
0 0.7171875 0.609375 0.015625 0.04296875
0 0.7625 0.56015625 0.01875 0.05546875
0 0.784375 0.5359375 0.02734375 0.0359375
0 0.675 0.534375 0.01484375 0.05859375
0 0.65625 0.54921875 0.01796875 0.05390625
0 0.63671875 0.5671875 0.015625 0.04609375
0 0.60078125 0.56484375 0.02578125 0.0453125
0 0.615625 0.50390625 0.03125 0.04921875
0 0.56484375 0.4765625 0.0109375 0.04296875
0 0.53984375 0.51796875 0.0234375 0.05625
0 0.49609375 0.53671875 0.01015625 0.04296875
0 0.5421875 0.3671875 0.01875 0.0390625
0 0.56015625 0.39140625 0.0203125 0.0515625
0 0.5765625 0.4 0.01015625 0.046875
0 0.59921875 0.36328125 0.01171875 0.03984375
0 0.63046875 0.41171875 0.01171875 0.03046875
0 0.57265625 0.2984375 0.0109375 0.02734375
0 0.55234375 0.296875 0.009375 0.0390625
0 0.584375 0.0609375 0.00703125 0.0375
0 0.57734375 0.03203125 0.00625 0.03515625
0 0.58359375 0.02890625 0.00625 0.034375
0 0.4078125 0.16484375 0.00703125 0.028125
0 0.4125 0.19609375 0.0078125 0.04765625
0 0.39453125 0.18984375 0.00625 0.04296875
0 0.37109375 0.03125 0.00859375 0.03671875
0 0.39609375 0.01875 0.0078125 0.0375
0 0.30859375 0.16796875 0.009375 0.03828125
0 0.2515625 0.175 0.01015625 0.0484375
0 0.253125 0.24453125 0.00859375 0.046875
0 0.2625 0.26484375 0.01015625 0.04375
0 0.1828125 0.33515625 0.015625 0.04140625
0 0.7765625 0.8265625 0.02109375 0.03984375