0 0.0625 0.63515625 0.0203125 0.01640625
0 0.04453125 0.59296875 0.01796875 0.01015625
0 0.13828125 0.86171875 0.0171875 0.021875
0 0.1984375 0.5734375 0.0140625 0.01328125
0 0.3625 0.5078125 0.009375 0.0203125
0 0.4203125 0.196875 0.01015625 0.02265625
0 0.46171875 0.17265625 0.0078125 0.021875
0 0.40390625 0.23515625 0.009375 0.02265625
0 0.39375 0.23828125 0.0109375 0.01875
0 0.375 0.3015625 0.01015625 0.025
0 0.365625 0.3140625 0.0109375 0.0140625
0 0.4296875 0.38671875 0.00859375 0.01796875
0 0.4390625 0.37109375 0.00703125 0.01875
0 0.44453125 0.3578125 0.00703125 0.015625
0 0.4484375 0.3890625 0.01484375 0.01640625
0 0.4453125 0.4046875 0.00859375 0.01328125
0 0.43828125 0.41640625 0.01015625 0.01328125
0 0.4890625 0.31875 0.01015625 0.01484375
0 0.48515625 0.325 0.01015625 0.01640625
0 0.53125 0.32734375 0.00859375 0.02109375
0 0.5640625 0.31015625 0.009375 0.01484375
0 0.57265625 0.2984375 0.0078125 0.0171875
0 0.58203125 0.30859375 0.01484375 0.01171875
0 0.584375 0.3203125 0.00859375 0.0140625
0 0.6203125 0.33046875 0.01015625 0.01953125
0 0.48828125 0.51171875 0.0109375 0.01875
0 0.44609375 0.61953125 0.009375 0.0171875
0 0.45625 0.64375 0.0078125 0.01640625
0 0.45 0.6375 0.00703125 0.01796875
0 0.57734375 0.615625 0.00859375 0.0171875
0 0.59453125 0.5984375 0.00703125 0.01796875
0 0.59921875 0.5734375 0.00859375 0.01484375
0 0.81015625 0.65 0.015625 0.01328125
0 0.809375 0.66171875 0.01640625 0.01484375
0 0.66953125 0.76484375 0.0109375 0.01796875
0 0.40859375 0.86796875 0.0140625 0.02109375
0 0.53984375 0.85078125 0.00625 0.02578125
0 0.54609375 0.8625 0.0078125 0.02265625
0 0.553125 0.8484375 0.00859375 0.0265625
0 0.56171875 0.84765625 0.00703125 0.0171875
0 0.5578125 0.83125 0.00703125 0.0203125
0 0.55625 0.88046875 0.00703125 0.02109375
0 0.46640625 0.14140625 0.009375 0.0265625