0 0.35546875 0.3375 0.0296875 0.034375
0 0.32421875 0.48203125 0.03046875 0.03671875
0 0.3171875 0.546875 0.03515625 0.03359375
0 0.48359375 0.2890625 0.0171875 0.0359375
0 0.51953125 0.34140625 0.025 0.0359375
0 0.5328125 0.40078125 0.01796875 0.04296875
0 0.4890625 0.41875 0.0203125 0.04375
0 0.69921875 0.4828125 0.028125 0.0328125
0 0.88984375 0.028125 0.0359375 0.05546875
0 0.67265625 0.65078125 0.02265625 0.04609375
0 0.54453125 0.6421875 0.015625 0.04296875
0 0.4484375 0.6421875 0.02109375 0.03515625