0 0.09765625 0.61875 0.03359375 0.0578125
0 0.09921875 0.571875 0.02890625 0.06953125
0 0.21875 0.45703125 0.0265625 0.0640625
0 0.246875 0.4578125 0.01640625 0.06328125
0 0.396875 0.02265625 0.009375 0.0453125
0 0.4078125 0.0203125 0.01171875 0.040625
0 0.31875 0.12421875 0.01015625 0.04140625
0 0.32734375 0.15625 0.01171875 0.05
0 0.359375 0.125 0.0125 0.0578125
0 0.4015625 0.34453125 0.015625 0.059375
0 0.40390625 0.32109375 0.01328125 0.0484375
0 0.41640625 0.33359375 0.01484375 0.06640625
0 0.5890625 0.19296875 0.01171875 0.06015625
0 0.72265625 0.37265625 0.015625 0.05703125
0 0.73125 0.3515625 0.0109375 0.04765625
0 0.740625 0.3546875 0.00859375 0.05859375