0 0.9234375 0.671875 0.01953125 0.01484375
0 0.69609375 0.746875 0.009375 0.021875
0 0.59140625 0.6453125 0.009375 0.015625
0 0.396875 0.68125 0.00703125 0.015625
0 0.34296875 0.16875 0.01015625 0.01640625
0 0.4515625 0.38046875 0.01328125 0.015625
0 0.46328125 0.36328125 0.01640625 0.0203125
0 0.4796875 0.19609375 0.01484375 0.021875
0 0.57421875 0.1265625 0.00625 0.0234375
0 0.6390625 0.15859375 0.0109375 0.02109375
0 0.7484375 0.3671875 0.009375 0.01640625
0 0.72109375 0.29296875 0.00859375 0.01953125
0 0.7078125 0.29765625 0.0109375 0.0171875
0 0.75234375 0.225 0.01171875 0.01796875
0 0.784375 0.15859375 0.0140625 0.02265625
0 0.834375 0.19453125 0.00625 0.01171875