0 0.5 0.1421875 0.01484375 0.04375
0 0.45859375 0.16796875 0.0109375 0.03515625
0 0.43828125 0.19296875 0.0140625 0.03515625
0 0.85390625 0.26328125 0.02734375 0.02890625
0 0.653125 0.43984375 0.01796875 0.02421875
0 0.65546875 0.4609375 0.01640625 0.01796875
0 0.65 0.49296875 0.01875 0.02578125
0 0.59921875 0.54609375 0.01875 0.0359375
0 0.55390625 0.9890625 0.01171875 0.021875
0 0.559375 0.8625 0.01875 0.0453125
0 0.5265625 0.74609375 0.01328125 0.0359375
0 0.51171875 0.74609375 0.0125 0.02890625
0 0.49609375 0.7546875 0.01484375 0.05625
0 0.51953125 0.79609375 0.015625 0.03046875
0 0.49375 0.7984375 0.01640625 0.03125
0 0.47890625 0.80078125 0.01328125 0.028125
0 0.41484375 0.7421875 0.009375 0.03671875
0 0.40390625 0.74453125 0.0125 0.02421875
0 0.3609375 0.54765625 0.01015625 0.02578125
0 0.29609375 0.5203125 0.0171875 0.02265625
0 0.29296875 0.546875 0.0234375 0.0234375
0 0.29609375 0.571875 0.021875 0.0265625
0 0.3125 0.6203125 0.021875 0.0265625
0 0.68359375 0.015625 0.0171875 0.03125
0 0.3078125 0.6734375 0.0203125 0.028125
0 0.30234375 0.65 0.01953125 0.03125