0 0.17578125 0.61328125 0.021875 0.0375
0 0.140625 0.68984375 0.02265625 0.03828125
0 0.14765625 0.81875 0.03125 0.03671875
0 0.17265625 0.8625 0.0234375 0.03671875
0 0.33828125 0.73359375 0.0140625 0.04140625
0 0.3609375 0.71484375 0.01171875 0.03125
0 0.365625 0.75 0.01640625 0.0421875
0 0.44296875 0.72421875 0.0109375 0.03125
0 0.4546875 0.76953125 0.0140625 0.03828125
0 0.471875 0.8359375 0.02109375 0.04140625
0 0.55 0.9484375 0.01328125 0.04140625
0 0.56171875 0.96484375 0.0109375 0.05390625
0 0.58203125 0.98828125 0.01640625 0.0234375
0 0.6109375 0.965625 0.0234375 0.0421875
0 0.596875 0.88671875 0.015625 0.04453125
0 0.59765625 0.7703125 0.01796875 0.0265625
0 0.48984375 0.7203125 0.0140625 0.04296875
0 0.48984375 0.6734375 0.01328125 0.02734375
0 0.61796875 0.77734375 0.0140625 0.0265625
0 0.51640625 0.5859375 0.01171875 0.04296875
0 0.4921875 0.5625 0.01328125 0.03984375
0 0.5390625 0.528125 0.0109375 0.02265625
0 0.5546875 0.51171875 0.01328125 0.03203125
0 0.55703125 0.2953125 0.00703125 0.04140625
0 0.5640625 0.29609375 0.0078125 0.03671875
0 0.59375 0.3 0.01015625 0.03515625
0 0.60546875 0.32109375 0.0140625 0.03125
0 0.5625 0.35078125 0.00703125 0.0359375
0 0.63828125 0.86328125 0.0140625 0.0359375
0 0.30546875 0.359375 0.00859375 0.03203125
0 0.309375 0.37578125 0.01328125 0.03671875
0 0.3375 0.365625 0.01015625 0.04296875
0 0.3078125 0.39375 0.01484375 0.03359375
0 0.34609375 0.09375 0.00859375 0.03359375
0 0.2796875 0.12265625 0.01015625 0.0296875
0 0.25859375 0.1421875 0.00859375 0.03125
0 0.35859375 0.1234375 0.00859375 0.0359375
0 0.365625 0.13203125 0.00703125 0.03515625
0 0.365625 0.1671875 0.01171875 0.03828125
0 0.403125 0.1359375 0.00703125 0.040625
0 0.41640625 0.12734375 0.009375 0.03515625
0 0.42734375 0.128125 0.00703125 0.034375
0 0.42890625 0.0953125 0.00625 0.03359375
0 0.49296875 0.01875 0.0078125 0.0171875
0 0.50234375 0.021875 0.00703125 0.03515625
0 0.515625 0.0375 0.00703125 0.034375
0 0.52265625 0.040625 0.00390625 0.034375
0 0.56796875 0.07890625 0.00390625 0.03515625
0 0.5703125 0.06796875 0.00546875 0.03203125
0 0.57578125 0.08359375 0.00625 0.040625
0 0.5875 0.071875 0.0078125 0.03828125
0 0.6265625 0.15546875 0.00546875 0.03515625
0 0.63125 0.16484375 0.00703125 0.0375
0 0.5484375 0.12890625 0.00859375 0.02109375
0 0.659375 0.04609375 0.00546875 0.02421875
0 0.5328125 0.70078125 0.015625 0.03828125