0 0.17890625 0.67734375 0.02109375 0.0375
0 0.2015625 0.7109375 0.0171875 0.040625
0 0.43828125 0.73984375 0.009375 0.06171875
0 0.54296875 0.92421875 0.01640625 0.03125
0 0.571875 0.890625 0.0140625 0.02734375
0 0.621875 0.91015625 0.028125 0.04453125
0 0.621875 0.8234375 0.01640625 0.0453125
0 0.6421875 0.79609375 0.01796875 0.0359375
0 0.6515625 0.8875 0.02265625 0.04375
0 0.4828125 0.75625 0.01171875 0.025
0 0.49140625 0.62421875 0.01328125 0.03984375
0 0.5375 0.6328125 0.0109375 0.0234375
0 0.53203125 0.65703125 0.0140625 0.0265625
0 0.37265625 0.56015625 0.0109375 0.034375
0 0.3546875 0.5875 0.01171875 0.04375
0 0.375 0.6 0.01328125 0.04765625
0 0.18515625 0.57265625 0.02265625 0.03515625
0 0.20625 0.50390625 0.0125 0.0375
0 0.3234375 0.31484375 0.01171875 0.03046875
0 0.32578125 0.30078125 0.0109375 0.03359375
0 0.31875 0.27890625 0.00703125 0.01875
0 0.3515625 0.290625 0.0078125 0.04375
0 0.25703125 0.09765625 0.009375 0.0328125
0 0.284375 0.08046875 0.0109375 0.02890625
0 0.37265625 0.1203125 0.01171875 0.03515625
0 0.37734375 0.09453125 0.0078125 0.03203125
0 0.3703125 0.08125 0.00625 0.034375
0 0.35546875 0.053125 0.0078125 0.0328125
0 0.4109375 0.08984375 0.00625 0.0390625
0 0.42265625 0.08359375 0.00859375 0.03359375
0 0.43203125 0.084375 0.00546875 0.03203125
0 0.434375 0.05703125 0.00703125 0.03203125
0 0.51640625 0.01015625 0.00625 0.0203125
0 0.521875 0.01171875 0.00390625 0.0234375
0 0.56484375 0.0390625 0.00390625 0.03515625
0 0.56796875 0.03125 0.00390625 0.03046875
0 0.571875 0.0453125 0.00546875 0.0390625
0 0.58359375 0.03515625 0.0078125 0.03671875
0 0.546875 0.0859375 0.0078125 0.0203125
0 0.6203125 0.109375 0.00546875 0.034375
0 0.62421875 0.1171875 0.00546875 0.03671875
0 0.65234375 0.01171875 0.00546875 0.02265625
0 0.5578125 0.24296875 0.00625 0.03828125
0 0.56484375 0.2421875 0.00703125 0.0390625
0 0.5609375 0.309375 0.0078125 0.0328125
0 0.5859375 0.36953125 0.0140625 0.028125
0 0.6015625 0.3890625 0.0140625 0.034375
0 0.56328125 0.5109375 0.0078125 0.04140625
0 0.53828125 0.5140625 0.009375 0.0390625
0 0.52578125 0.559375 0.0125 0.0453125
0 0.50625 0.5625 0.01171875 0.03828125
0 0.60859375 0.959375 0.01875 0.03359375
0 0.60703125 0.7125 0.0109375 0.03515625
0 0.1 0.84140625 0.02109375 0.0328125
0 0.45703125 0.7125 0.0140625 0.02109375