0 0.12578125 0.1453125 0.02109375 0.0515625
0 0.209375 0.07734375 0.01640625 0.0546875
0 0.20625 0.0578125 0.0171875 0.0515625
0 0.29375 0.00703125 0.01015625 0.01328125
0 0.37265625 0.01328125 0.0078125 0.0265625
0 0.39296875 0.0171875 0.0078125 0.034375
0 0.56796875 0.1515625 0.01484375 0.03671875
0 0.61171875 0.1578125 0.02109375 0.0484375
0 0.61171875 0.20546875 0.01328125 0.053125
0 0.5359375 0.22734375 0.0171875 0.05390625
0 0.56171875 0.253125 0.0171875 0.05859375
0 0.590625 0.25390625 0.01640625 0.06171875
0 0.64765625 0.24765625 0.01640625 0.06171875
0 0.63125 0.30390625 0.0140625 0.071875
0 0.63203125 0.35625 0.028125 0.0703125
0 0.57734375 0.321875 0.01640625 0.05625
0 0.52578125 0.3546875 0.01640625 0.04140625
0 0.67578125 0.421875 0.01875 0.078125
0 0.69453125 0.43828125 0.02734375 0.04765625
0 0.61171875 0.5046875 0.02421875 0.05546875
0 0.73671875 0.44921875 0.02265625 0.05
0 0.80703125 0.37890625 0.02421875 0.05703125
0 0.7921875 0.41875 0.01953125 0.040625
0 0.7671875 0.490625 0.03359375 0.046875
0 0.7484375 0.49765625 0.0234375 0.05625
0 0.715625 0.5828125 0.0234375 0.06953125
0 0.65546875 0.67578125 0.01953125 0.05703125
0 0.66796875 0.66328125 0.0203125 0.06953125
0 0.696875 0.75546875 0.0296875 0.0578125
0 0.6625 0.79921875 0.028125 0.05546875
0 0.73125 0.81015625 0.028125 0.08125
0 0.76328125 0.81484375 0.028125 0.05859375
0 0.790625 0.8078125 0.028125 0.0515625
0 0.85078125 0.66796875 0.02734375 0.05546875
0 0.89375 0.64609375 0.03046875 0.0734375
0 0.5328125 0.48359375 0.0234375 0.046875