0 0.11171875 0.06640625 0.0265625 0.02890625
0 0.69296875 0.09609375 0.01484375 0.03125
0 0.55859375 0.265625 0.0109375 0.025
0 0.6 0.309375 0.0140625 0.02109375
0 0.57734375 0.275 0.01015625 0.025
0 0.7359375 0.38125 0.01796875 0.0171875
0 0.75 0.36875 0.01328125 0.01640625
0 0.77109375 0.3859375 0.0171875 0.0234375
0 0.76015625 0.40625 0.01875 0.02421875
0 0.74921875 0.4265625 0.02109375 0.01953125
0 0.94296875 0.43359375 0.0234375 0.021875
0 0.9203125 0.50625 0.0265625 0.02890625
0 0.74765625 0.39375 0.02109375 0.021875
0 0.9640625 0.52421875 0.02578125 0.0203125
0 0.96640625 0.55703125 0.02578125 0.0265625
0 0.9578125 0.584375 0.03046875 0.02265625
0 0.9546875 0.60703125 0.02421875 0.02109375
0 0.97421875 0.67265625 0.028125 0.0328125
0 0.93515625 0.6734375 0.03125 0.034375
0 0.9015625 0.634375 0.02265625 0.02265625
0 0.98046875 0.72890625 0.03515625 0.03515625
0 0.96171875 0.734375 0.02890625 0.0328125
0 0.9390625 0.73046875 0.03203125 0.02109375
0 0.9890625 0.6 0.021875 0.021875
0 0.98984375 0.53984375 0.01953125 0.0125
0 0.98828125 0.13203125 0.02265625 0.02734375
0 0.97890625 0.16484375 0.0296875 0.034375
0 0.38203125 0.29140625 0.0125 0.02421875
0 0.37265625 0.3046875 0.01640625 0.0140625
0 0.3671875 0.32265625 0.01484375 0.02265625
0 0.3703125 0.37109375 0.01484375 0.02265625
0 0.6015625 0.63203125 0.01171875 0.0203125
0 0.596875 0.64765625 0.01328125 0.021875
0 0.584375 0.65625 0.0140625 0.02578125
0 0.5234375 0.58046875 0.0125 0.02734375
0 0.7578125 0.75390625 0.01875 0.03203125
0 0.98203125 0.98046875 0.0359375 0.0390625
0 0.990625 0.95234375 0.01875 0.03515625
0 0.38046875 0.540625 0.01328125 0.0203125
0 0.37578125 0.53125 0.01015625 0.01796875
0 0.41015625 0.6234375 0.015625 0.03046875
0 0.4234375 0.6375 0.015625 0.0390625
0 0.43359375 0.64609375 0.01015625 0.02109375
0 0.44140625 0.6640625 0.0109375 0.02578125
0 0.4203125 0.68515625 0.01328125 0.0265625
0 0.40859375 0.65625 0.0140625 0.01875
0 0.26640625 0.628125 0.01796875 0.0234375
0 0.30546875 0.73515625 0.01640625 0.021875
0 0.31484375 0.75703125 0.01328125 0.02421875
0 0.3296875 0.80234375 0.0125 0.0265625
0 0.40078125 0.79609375 0.01640625 0.025
0 0.43046875 0.8453125 0.01484375 0.02578125
0 0.3546875 0.346875 0.01953125 0.02578125
0 0.409375 0.38203125 0.0109375 0.02421875