0 0.74296875 0.28671875 0.015625 0.02109375
0 0.60859375 0.40390625 0.015625 0.0203125
0 0.6015625 0.3546875 0.0109375 0.01953125
0 0.5875 0.33046875 0.0125 0.01875
0 0.39765625 0.2921875 0.0109375 0.0234375
0 0.40703125 0.2296875 0.01171875 0.02578125
0 0.42734375 0.21640625 0.009375 0.0203125
0 0.4171875 0.21796875 0.0109375 0.021875
0 0.48515625 0.571875 0.01015625 0.0421875
0 0.52578125 0.6921875 0.0109375 0.02421875
0 0.5390625 0.69453125 0.01015625 0.02265625
0 0.54609375 0.684375 0.009375 0.01953125
0 0.65546875 0.91953125 0.01171875 0.04609375
0 0.25234375 0.44140625 0.01328125 0.0265625
0 0.26640625 0.546875 0.015625 0.01875
0 0.26640625 0.575 0.0140625 0.02109375
0 0.27578125 0.6421875 0.0140625 0.0203125
0 0.32265625 0.671875 0.01796875 0.02578125
0 0.36484375 0.75859375 0.01171875 0.0234375
0 0.39921875 0.5890625 0.01171875 0.02265625
0 0.39609375 0.56640625 0.009375 0.01796875
0 0.38828125 0.55 0.01875 0.02734375
0 0.3734375 0.53046875 0.01484375 0.01796875
0 0.371875 0.55859375 0.01171875 0.01875
0 0.37578125 0.59140625 0.01328125 0.025
0 0.71953125 0.62265625 0.01953125 0.0171875
0 0.73359375 0.615625 0.01484375 0.021875
0 0.7484375 0.60625 0.015625 0.021875
0 0.72578125 0.58984375 0.02109375 0.015625
0 0.73125 0.571875 0.01484375 0.015625
0 0.71796875 0.571875 0.01484375 0.01796875
0 0.93828125 0.465625 0.02109375 0.02109375
0 0.9265625 0.5171875 0.01484375 0.01875
0 0.89765625 0.5421875 0.01875 0.015625
0 0.990625 0.5640625 0.01875 0.02421875
0 0.99453125 0.58125 0.0109375 0.015625
0 0.9765625 0.57734375 0.03125 0.0203125
0 0.88046875 0.76640625 0.01953125 0.0234375
0 0.84296875 0.8203125 0.0203125 0.02265625
0 0.8734375 0.8640625 0.0234375 0.021875
0 0.93828125 0.88515625 0.02421875 0.025
0 0.90546875 0.896875 0.02421875 0.0328125
0 0.88125 0.91015625 0.021875 0.03125
0 0.86953125 0.92578125 0.02578125 0.0265625
0 0.84921875 0.925 0.01875 0.03203125
0 0.88984375 0.965625 0.01796875 0.02734375
0 0.96875 0.96953125 0.0296875 0.03671875
0 0.8609375 0.9953125 0.01953125 0.00859375
0 0.8296875 0.98046875 0.02578125 0.03828125
0 0.80703125 0.9265625 0.0171875 0.02890625
0 0.36875 0.4203125 0.009375 0.01640625
0 0.37109375 0.4328125 0.01484375 0.01484375