0 0.68828125 0.01953125 0.009375 0.0390625
0 0.65078125 0.28671875 0.0125 0.05859375
0 0.61953125 0.31484375 0.01875 0.05703125
0 0.6234375 0.35 0.0140625 0.06640625
0 0.6046875 0.37734375 0.01640625 0.06015625
0 0.60625 0.425 0.01484375 0.0734375
0 0.6265625 0.47578125 0.0171875 0.06328125
0 0.4921875 0.39921875 0.0171875 0.05625
0 0.46015625 0.26640625 0.01953125 0.0671875
0 0.44453125 0.27734375 0.0234375 0.046875
0 0.4203125 0.2875 0.0265625 0.0421875
0 0.3734375 0.265625 0.015625 0.05
0 0.38359375 0.2953125 0.01640625 0.046875
0 0.40625 0.3109375 0.0140625 0.0578125
0 0.3484375 0.29765625 0.02265625 0.04921875
0 0.32578125 0.2984375 0.01640625 0.05703125
0 0.3578125 0.3765625 0.01796875 0.059375
0 0.403125 0.384375 0.0171875 0.05546875
0 0.396875 0.45 0.01875 0.046875
0 0.46171875 0.46328125 0.01640625 0.06328125
0 0.3953125 0.5234375 0.01953125 0.05859375
0 0.4375 0.50546875 0.0171875 0.0546875
0 0.47890625 0.484375 0.01484375 0.03984375
0 0.49765625 0.5328125 0.01640625 0.05078125
0 0.5046875 0.56953125 0.01953125 0.059375
0 0.32578125 0.25390625 0.01875 0.059375
0 0.3046875 0.24453125 0.0140625 0.05078125
0 0.29296875 0.25625 0.0171875 0.05546875
0 0.284375 0.2765625 0.01484375 0.05390625
0 0.2890625 0.32109375 0.02109375 0.0515625
0 0.26875 0.28984375 0.015625 0.0515625
0 0.2421875 0.275 0.01484375 0.053125
0 0.253125 0.32265625 0.021875 0.0328125
0 0.225 0.2578125 0.01640625 0.05625
0 0.21015625 0.32890625 0.0296875 0.0484375
0 0.246875 0.4171875 0.01875 0.06328125
0 0.23671875 0.45703125 0.01875 0.06640625
0 0.28984375 0.68984375 0.028125 0.0765625
0 0.36484375 0.9765625 0.01328125 0.046875