0 0.16328125 0.76875 0.02421875 0.02109375
0 0.22421875 0.1984375 0.021875 0.0265625
0 0.2953125 0.053125 0.0171875 0.04453125
0 0.03515625 0.30859375 0.02109375 0.01875
0 0.0703125 0.565625 0.0265625 0.0140625
0 0.834375 0.796875 0.01953125 0.01953125
0 0.03203125 0.2828125 0.028125 0.015625
0 0.62265625 0.746875 0.0109375 0.02421875
0 0.8390625 0.82890625 0.02421875 0.02890625
0 0.9359375 0.79921875 0.02421875 0.02890625
0 0.884375 0.89296875 0.02734375 0.0359375
0 0.9640625 0.84765625 0.0234375 0.03515625
0 0.94453125 0.8734375 0.02421875 0.03046875
0 0.9125 0.96171875 0.0265625 0.04375
0 0.89453125 0.340625 0.02578125 0.03203125
0 0.0375 0.265625 0.01875 0.02109375
0 0.915625 0.34296875 0.02578125 0.034375
0 0.90546875 0.93046875 0.028125 0.03046875
0 0.953125 0.84921875 0.02734375 0.03125
0 0.90625 0.3375 0.02421875 0.02109375
0 0.92734375 0.95859375 0.02421875 0.0375