0 0.88828125 0.6875 0.0203125 0.01328125
0 0.37421875 0.74140625 0.0125 0.0140625
0 0.58828125 0.66875 0.01953125 0.01953125
0 0.65390625 0.81484375 0.01640625 0.01484375
0 0.784375 0.2453125 0.0046875 0.0140625
0 0.71484375 0.21171875 0.0109375 0.02109375
0 0.6671875 0.2734375 0.00859375 0.02109375
0 0.67265625 0.4265625 0.0109375 0.0171875
0 0.6328125 0.34765625 0.00703125 0.01796875
0 0.58359375 0.3203125 0.009375 0.015625
0 0.5515625 0.2453125 0.00703125 0.01796875
0 0.49375 0.23671875 0.0078125 0.01953125
0 0.36796875 0.25 0.009375 0.01875
0 0.31953125 0.2703125 0.0125 0.01953125
0 0.33671875 0.44296875 0.0078125 0.02265625
0 0.33203125 0.4265625 0.0125 0.0125