0 0.7359375 0.2515625 0.0140625 0.021875
0 0.615625 0.3890625 0.01484375 0.02421875
0 0.6046875 0.34375 0.01171875 0.0203125
0 0.58984375 0.32265625 0.01171875 0.01875
0 0.40625 0.32265625 0.01015625 0.025
0 0.4296875 0.24765625 0.00859375 0.01875
0 0.41875 0.24921875 0.01484375 0.021875
0 0.4109375 0.2640625 0.01171875 0.02421875
0 0.3859375 0.45390625 0.00859375 0.015625
0 0.38828125 0.46484375 0.01328125 0.01484375
0 0.27421875 0.4953125 0.01328125 0.02734375
0 0.29375 0.5953125 0.015625 0.01796875
0 0.29609375 0.621875 0.01328125 0.02109375
0 0.30859375 0.67890625 0.0140625 0.01953125
0 0.35703125 0.703125 0.015625 0.0234375
0 0.39765625 0.77421875 0.0140625 0.025
0 0.0734375 0.93828125 0.02734375 0.02734375
0 0.0546875 0.93984375 0.015625 0.01875
0 0.39609375 0.584375 0.01171875 0.02109375
0 0.396875 0.55703125 0.01328125 0.0171875
0 0.41171875 0.575 0.0171875 0.02890625
0 0.41953125 0.5875 0.009375 0.0171875
0 0.4234375 0.609375 0.0109375 0.021875
0 0.4015625 0.6171875 0.01171875 0.02421875
0 0.50625 0.57578125 0.0109375 0.0359375
0 0.55078125 0.684375 0.0109375 0.0234375
0 0.5640625 0.68359375 0.01015625 0.0203125
0 0.5703125 0.67109375 0.009375 0.0203125
0 0.6875 0.875 0.01328125 0.04609375
0 0.7328125 0.57734375 0.0203125 0.015625
0 0.76015625 0.55390625 0.015625 0.01953125
0 0.74609375 0.56640625 0.015625 0.01875
0 0.73671875 0.54453125 0.01953125 0.01328125
0 0.74296875 0.525 0.0109375 0.015625
0 0.72890625 0.52890625 0.01640625 0.01640625
0 0.90078125 0.46484375 0.01328125 0.01640625
0 0.925 0.43359375 0.01484375 0.01640625
0 0.93359375 0.3828125 0.0171875 0.0203125
0 0.9890625 0.46015625 0.021875 0.015625
0 0.978125 0.48046875 0.03359375 0.01640625
0 0.89609375 0.684375 0.02109375 0.02265625
0 0.8625 0.74296875 0.02265625 0.02421875
0 0.896875 0.78125 0.02265625 0.01953125
0 0.92734375 0.80703125 0.02421875 0.03203125
0 0.9578125 0.784375 0.02265625 0.02265625
0 0.903125 0.81953125 0.021875 0.02578125
0 0.89375 0.83671875 0.02578125 0.02265625
0 0.87578125 0.8484375 0.0203125 0.02265625
0 0.915625 0.87109375 0.0171875 0.025
0 0.83359375 0.84921875 0.0171875 0.025
0 0.8578125 0.9 0.02734375 0.03828125
0 0.890625 0.92109375 0.0203125 0.03671875
0 0.85625 0.95390625 0.02109375 0.03359375
0 0.8734375 0.96953125 0.01640625 0.025
0 0.88671875 0.9734375 0.02265625 0.04296875
0 0.990625 0.86171875 0.01796875 0.02734375