0 0.15859375 0.60546875 0.0125 0.025
0 0.22578125 0.4890625 0.01484375 0.0359375
0 0.24453125 0.5125 0.01484375 0.0421875
0 0.44296875 0.625 0.009375 0.03671875
0 0.48984375 0.59921875 0.01171875 0.04140625
0 0.503125 0.65078125 0.01015625 0.046875
0 0.51640625 0.7203125 0.015625 0.03515625
0 0.5765625 0.7765625 0.0140625 0.05
0 0.60390625 0.775 0.0203125 0.03203125
0 0.63046875 0.7171875 0.0109375 0.05078125
0 0.67578125 0.725 0.01484375 0.0484375
0 0.68984375 0.771875 0.02265625 0.04609375
0 0.5828125 0.915625 0.01484375 0.0421875
0 0.5859375 0.95625 0.0140625 0.0390625
0 0.6671875 0.98203125 0.03125 0.0359375
0 0.74453125 0.87734375 0.0234375 0.034375
0 0.5921875 0.890625 0.01484375 0.028125
0 0.5953125 0.8640625 0.0140625 0.02890625
0 0.565625 0.9828125 0.0140625 0.034375
0 0.565625 0.61484375 0.01640625 0.0390625
0 0.59921875 0.5734375 0.01328125 0.04765625
0 0.54375 0.5328125 0.01484375 0.05546875
0 0.50859375 0.48671875 0.01171875 0.03203125
0 0.5109375 0.45 0.0078125 0.028125
0 0.53359375 0.43359375 0.01015625 0.025
0 0.54609375 0.44296875 0.009375 0.03828125
0 0.56640625 0.44375 0.01171875 0.04453125
0 0.58984375 0.40234375 0.01171875 0.0390625
0 0.61796875 0.40546875 0.0125 0.0421875
0 0.22578125 0.40234375 0.0125 0.0390625
0 0.253125 0.3671875 0.01171875 0.034375
0 0.37578125 0.41796875 0.00859375 0.04140625
0 0.3921875 0.39296875 0.0109375 0.03671875
0 0.39453125 0.42890625 0.009375 0.04609375
0 0.35 0.20625 0.0109375 0.0359375
0 0.35078125 0.19375 0.00859375 0.0359375
0 0.34453125 0.17890625 0.00703125 0.021875
0 0.3734375 0.1875 0.00703125 0.0390625
0 0.5625 0.234375 0.00859375 0.03515625
0 0.5625 0.165625 0.00546875 0.03359375
0 0.56875 0.1640625 0.00625 0.0390625
0 0.621875 0.0515625 0.00546875 0.034375
0 0.6171875 0.04609375 0.00546875 0.03125
0 0.55078125 0.025 0.00703125 0.0203125
0 0.4515625 0.01015625 0.0046875 0.01953125
0 0.44609375 0.021875 0.00625 0.03046875
0 0.43671875 0.0203125 0.0078125 0.03203125
0 0.4265625 0.02578125 0.0125 0.03515625
0 0.38828125 0.02265625 0.00625 0.025
0 0.38515625 0.04140625 0.00625 0.0328125
0 0.3921875 0.05078125 0.009375 0.03125
0 0.30078125 0.0171875 0.01015625 0.0265625
0 0.640625 0.7921875 0.0140625 0.034375