0 0.93046875 0.7546875 0.02421875 0.01953125
0 0.70078125 0.6125 0.01328125 0.02109375
0 0.66171875 0.73203125 0.01328125 0.01875
0 0.36953125 0.415625 0.015625 0.01640625
0 0.890625 0.4046875 0.01875 0.01640625
0 0.86328125 0.3234375 0.0234375 0.01484375
0 0.8671875 0.2890625 0.02421875 0.0234375
0 0.909375 0.2609375 0.0203125 0.01875
0 0.91875 0.1984375 0.015625 0.01875
0 0.77890625 0.2234375 0.01796875 0.0171875
0 0.82734375 0.1609375 0.01796875 0.02734375
0 0.86484375 0.11328125 0.01875 0.0296875
0 0.8 0.35703125 0.01640625 0.015625
0 0.63359375 0.0546875 0.00859375 0.0265625