0 0.64453125 0.278125 0.02109375 0.03359375
0 0.653125 0.30078125 0.01953125 0.03359375
0 0.653125 0.34140625 0.0234375 0.03359375
0 0.628125 0.43984375 0.02890625 0.0421875
0 0.3953125 0.04453125 0.0203125 0.04453125
0 0.35859375 0.12421875 0.02109375 0.04765625
0 0.340625 0.17109375 0.01953125 0.04140625
0 0.56953125 0.7375 0.0203125 0.040625
0 0.6265625 0.79765625 0.021875 0.05703125
0 0.55 0.74921875 0.01640625 0.0359375
0 0.5359375 0.771875 0.01953125 0.05859375
0 0.571875 0.79921875 0.01640625 0.0453125
0 0.54140625 0.82421875 0.015625 0.04453125
0 0.525 0.84296875 0.015625 0.05
0 0.425 0.83125 0.0125 0.03515625
0 0.43671875 0.82421875 0.01171875 0.04140625
0 0.29921875 0.7640625 0.02578125 0.0453125
0 0.26328125 0.71953125 0.028125 0.046875
0 0.2515625 0.69609375 0.028125 0.04609375
0 0.33125 0.64296875 0.009375 0.03515625
0 0.25234375 0.6625 0.0234375 0.03046875
0 0.2890625 0.8078125 0.02578125 0.04609375
0 0.29921875 0.83125 0.02421875 0.0421875