0 0.1046875 0.509375 0.0203125 0.02109375
0 0.56171875 0.4859375 0.01328125 0.021875
0 0.6921875 0.53046875 0.0125 0.02109375
0 0.85859375 0.5015625 0.02109375 0.02109375
0 0.85 0.721875 0.02109375 0.02890625
0 0.8125 0.8109375 0.02265625 0.03671875
0 0.90234375 0.51171875 0.02421875 0.02890625
0 0.8921875 0.48046875 0.02734375 0.021875
0 0.79140625 0.9125 0.02421875 0.03203125
0 0.99140625 0.9765625 0.0171875 0.02421875
0 0.79921875 0.81953125 0.02109375 0.034375
0 0.79296875 0.77578125 0.02109375 0.028125
0 0.83359375 0.7484375 0.01875 0.03359375
0 0.77265625 0.6859375 0.01640625 0.0296875
0 0.88671875 0.51328125 0.025 0.02109375
0 0.696875 0.56171875 0.01796875 0.021875
0 0.93046875 0.74140625 0.025 0.02734375
0 0.8375 0.725 0.0234375 0.03046875
0 0.77109375 0.74296875 0.01171875 0.02109375
0 0.765625 0.928125 0.00859375 0.025
0 0.94609375 0.7453125 0.01875 0.01875