0 0.925 0.8328125 0.025 0.02578125
0 0.70078125 0.63359375 0.0140625 0.01953125
0 0.6546875 0.73828125 0.0125 0.02109375
0 0.37890625 0.3359375 0.01640625 0.03828125
0 0.66484375 0.025 0.01328125 0.0328125
0 0.80078125 0.265625 0.01796875 0.02265625
0 0.87109375 0.18984375 0.0203125 0.0265625
0 0.90546875 0.1296875 0.0203125 0.021875
0 0.90390625 0.32265625 0.0265625 0.02109375
0 0.9515625 0.28359375 0.0234375 0.02421875
0 0.9640625 0.2609375 0.0140625 0.0203125
0 0.884375 0.4078125 0.01875 0.021875
0 0.81484375 0.40703125 0.021875 0.01796875
0 0.91328125 0.49296875 0.01875 0.0203125