0 0.496875 0.09765625 0.01640625 0.04765625
0 0.45234375 0.125 0.0125 0.03828125
0 0.43046875 0.15234375 0.01484375 0.03828125
0 0.88046875 0.22890625 0.0296875 0.03125
0 0.66328125 0.4203125 0.01953125 0.0265625
0 0.66640625 0.44296875 0.01796875 0.01953125
0 0.66015625 0.478125 0.0203125 0.028125
0 0.6046875 0.5359375 0.0203125 0.0390625
0 0.56171875 0.8796875 0.0203125 0.04921875
0 0.5265625 0.753125 0.01484375 0.0390625
0 0.509375 0.753125 0.0140625 0.03125
0 0.49296875 0.7625 0.01640625 0.0609375
0 0.51796875 0.8078125 0.01640625 0.0328125
0 0.490625 0.81015625 0.01796875 0.034375
0 0.47421875 0.8125 0.0140625 0.03046875
0 0.4046875 0.74921875 0.01015625 0.03984375
0 0.39296875 0.7515625 0.01328125 0.0265625
0 0.34609375 0.5375 0.0109375 0.028125
0 0.27578125 0.5078125 0.01875 0.02421875
0 0.27265625 0.53671875 0.02578125 0.02578125
0 0.27578125 0.5640625 0.0234375 0.02890625
0 0.29375 0.61640625 0.02421875 0.02890625
0 0.28828125 0.67421875 0.021875 0.03046875
0 0.2828125 0.6484375 0.02109375 0.03359375