0 0.440625 0.11171875 0.0171875 0.046875
0 0.4046875 0.17109375 0.0171875 0.0390625
0 0.38671875 0.21015625 0.0171875 0.0375
0 0.8390625 0.05078125 0.03671875 0.05859375
0 0.65234375 0.3515625 0.01875 0.03359375
0 0.65859375 0.37421875 0.01796875 0.02890625
0 0.65703125 0.4109375 0.021875 0.03046875
0 0.62734375 0.4921875 0.02109375 0.03984375
0 0.6140625 0.82578125 0.01875 0.040625
0 0.565625 0.746875 0.015625 0.0390625
0 0.54765625 0.7546875 0.01484375 0.03046875
0 0.53125 0.77265625 0.01328125 0.05078125
0 0.56484375 0.80234375 0.0140625 0.03828125
0 0.5375 0.82109375 0.01484375 0.03671875
0 0.52265625 0.8359375 0.0140625 0.0421875
0 0.44453125 0.8046875 0.0109375 0.0390625
0 0.4328125 0.81015625 0.01171875 0.0296875
0 0.35859375 0.62890625 0.009375 0.03125
0 0.321875 0.72890625 0.021875 0.03515625
0 0.2953125 0.6875 0.02421875 0.0328125
0 0.2859375 0.6625 0.02421875 0.04375
0 0.2859375 0.63203125 0.021875 0.02421875
0 0.32265625 0.78984375 0.02109375 0.0375
0 0.3140625 0.765625 0.02734375 0.0390625