0 0.84140625 0.165625 0.01796875 0.03203125
0 0.8359375 0.153125 0.01875 0.021875
0 0.76640625 0.47109375 0.01328125 0.0171875
0 0.6296875 0.4984375 0.0109375 0.01875
0 0.63203125 0.45 0.0109375 0.0171875
0 0.62578125 0.41953125 0.01171875 0.0140625
0 0.5046875 0.228125 0.009375 0.0171875
0 0.496875 0.22265625 0.0078125 0.01640625
0 0.4859375 0.22578125 0.01015625 0.0171875
0 0.478125 0.24765625 0.00859375 0.025
0 0.4640625 0.290625 0.01171875 0.025
0 0.42421875 0.371875 0.0125 0.01484375
0 0.421875 0.3859375 0.0140625 0.0125
0 0.32890625 0.25625 0.0109375 0.02578125
0 0.3171875 0.34375 0.0125 0.02421875
0 0.3140625 0.42890625 0.01328125 0.01796875
0 0.309375 0.44609375 0.01328125 0.01953125
0 0.309375 0.525 0.01328125 0.01875
0 0.33515625 0.55390625 0.015625 0.01875
0 0.03984375 0.55625 0.02890625 0.015625
0 0.01953125 0.53828125 0.02734375 0.0140625
0 0.403125 0.4734375 0.01484375 0.015625
0 0.403125 0.496875 0.01015625 0.01796875
0 0.41796875 0.49453125 0.01875 0.01953125
0 0.42265625 0.51328125 0.009375 0.0171875
0 0.421875 0.534375 0.0125 0.01953125
0 0.4015625 0.5234375 0.0109375 0.01953125
0 0.50078125 0.56875 0.01015625 0.0421875
0 0.3734375 0.684375 0.01015625 0.015625
0 0.51484375 0.696875 0.00859375 0.02109375
0 0.5265625 0.70546875 0.00703125 0.02109375
0 0.53359375 0.70078125 0.0078125 0.01796875
0 0.590625 0.96328125 0.01015625 0.03515625
0 0.69296875 0.7484375 0.015625 0.02109375
0 0.71953125 0.75078125 0.0140625 0.021875
0 0.703125 0.725 0.0171875 0.01875
0 0.70078125 0.70234375 0.01328125 0.021875
0 0.71171875 0.7109375 0.0109375 0.01640625
0 0.70546875 0.74921875 0.01328125 0.025
0 0.9109375 0.7421875 0.0234375 0.0234375
0 0.88359375 0.77421875 0.01953125 0.01953125
0 0.8578125 0.7796875 0.0203125 0.0171875
0 0.9390625 0.8578125 0.02109375 0.03359375
0 0.91953125 0.85859375 0.02578125 0.02421875
0 0.93671875 0.878125 0.02109375 0.01796875
0 0.80625 0.94921875 0.0140625 0.02734375
0 0.765625 0.97734375 0.0125 0.02578125