0 0.74921875 0.24140625 0.0140625 0.02265625
0 0.6265625 0.38203125 0.01484375 0.02421875
0 0.615625 0.3359375 0.01171875 0.02109375
0 0.60078125 0.31484375 0.01171875 0.01953125
0 0.41328125 0.3140625 0.01015625 0.02578125
0 0.43671875 0.23828125 0.00859375 0.01953125
0 0.42578125 0.2390625 0.015625 0.021875
0 0.41796875 0.2546875 0.01171875 0.025
0 0.39140625 0.4484375 0.00859375 0.015625
0 0.39453125 0.459375 0.01328125 0.015625
0 0.278125 0.490625 0.0140625 0.028125
0 0.29765625 0.59296875 0.015625 0.01796875
0 0.30078125 0.61953125 0.01328125 0.02109375
0 0.3125 0.678125 0.0140625 0.0203125
0 0.3625 0.703125 0.015625 0.0234375
0 0.40390625 0.775 0.01484375 0.02578125
0 0.07265625 0.94296875 0.028125 0.028125
0 0.053125 0.94453125 0.01640625 0.01875
0 0.40234375 0.58125 0.0125 0.021875
0 0.40390625 0.55390625 0.0140625 0.01796875
0 0.41796875 0.571875 0.0171875 0.0296875
0 0.4265625 0.584375 0.009375 0.01796875
0 0.43046875 0.60703125 0.0109375 0.021875
0 0.4078125 0.61484375 0.0125 0.02421875
0 0.51484375 0.57265625 0.0109375 0.03671875
0 0.56015625 0.6828125 0.0109375 0.02421875
0 0.57421875 0.68203125 0.0109375 0.02109375
0 0.5796875 0.6703125 0.009375 0.0203125
0 0.7 0.878125 0.01328125 0.04765625
0 0.746875 0.57421875 0.0203125 0.015625
0 0.77421875 0.55 0.01640625 0.01953125
0 0.759375 0.5625 0.015625 0.01953125
0 0.75078125 0.540625 0.0203125 0.0140625
0 0.75625 0.5203125 0.0109375 0.01640625
0 0.74296875 0.52421875 0.0171875 0.01640625
0 0.91796875 0.459375 0.0140625 0.0171875
0 0.94296875 0.42734375 0.01484375 0.0171875
0 0.9515625 0.37578125 0.0171875 0.0203125
0 0.9890625 0.47421875 0.021875 0.0171875
0 0.9125 0.68359375 0.02109375 0.02265625
0 0.87890625 0.74375 0.0234375 0.02421875
0 0.9140625 0.78203125 0.0234375 0.01953125
0 0.9453125 0.80859375 0.025 0.0328125
0 0.97578125 0.7859375 0.0234375 0.02265625
0 0.9203125 0.821875 0.021875 0.0265625
0 0.91015625 0.83828125 0.0265625 0.0234375
0 0.8921875 0.85078125 0.0203125 0.02265625
0 0.9328125 0.87421875 0.01796875 0.025
0 0.84921875 0.8515625 0.01796875 0.02578125
0 0.87421875 0.90390625 0.028125 0.0390625
0 0.9078125 0.925 0.02109375 0.0375
0 0.871875 0.95859375 0.021875 0.034375
0 0.890625 0.97421875 0.01640625 0.02578125
0 0.903125 0.978125 0.02265625 0.04375