0 0.109375 0.18203125 0.0265625 0.0328125
0 0.33984375 0.328125 0.028125 0.03203125
0 0.3203125 0.446875 0.025 0.040625
0 0.33203125 0.56171875 0.0265625 0.03046875
0 0.42890625 0.71015625 0.0234375 0.040625
0 0.55078125 0.65234375 0.02265625 0.0375
0 0.6921875 0.64609375 0.025 0.0421875
0 0.6625 0.4609375 0.02265625 0.025
0 0.60390625 0.4515625 0.028125 0.03671875
0 0.45 0.33828125 0.02421875 0.065625
0 0.46484375 0.29375 0.01484375 0.059375
0 0.5421875 0.24375 0.028125 0.04140625
0 0.659375 0.271875 0.02265625 0.05390625