0 0.05078125 0.171875 0.02265625 0.03125
0 0.13125 0.16015625 0.021875 0.028125
0 0.01796875 0.246875 0.02578125 0.03203125
0 0.09296875 0.303125 0.028125 0.03125
0 0.1375 0.278125 0.02421875 0.03125
0 0.06171875 0.3734375 0.025 0.03046875
0 0.02578125 0.35 0.02265625 0.02265625
0 0.10625 0.62109375 0.01875 0.034375
0 0.22109375 0.5703125 0.01796875 0.03125
0 0.19375 0.7265625 0.02109375 0.02890625
0 0.21328125 0.7546875 0.0171875 0.02890625
0 0.078125 0.7390625 0.02421875 0.02734375
0 0.00703125 0.803125 0.0140625 0.02734375
0 0.096875 0.77890625 0.0375 0.02421875
0 0.078125 0.8140625 0.02890625 0.02890625
0 0.096875 0.86328125 0.02578125 0.02734375
0 0.15234375 0.91640625 0.02265625 0.028125
0 0.18359375 0.88046875 0.01484375 0.02421875
0 0.496875 0.91328125 0.01640625 0.02890625
0 0.51484375 0.83671875 0.0140625 0.03984375
0 0.46640625 0.80234375 0.0203125 0.0296875
0 0.40234375 0.79140625 0.01171875 0.02890625
0 0.4296875 0.690625 0.01328125 0.0375
0 0.48515625 0.6109375 0.01796875 0.021875
0 0.621875 0.746875 0.01953125 0.034375
0 0.65625 0.64921875 0.021875 0.03046875
0 0.6859375 0.71875 0.015625 0.02109375
0 0.64765625 0.9125 0.01796875 0.03046875
0 0.69609375 0.90078125 0.01328125 0.03125
0 0.74609375 0.98203125 0.01875 0.0359375
0 0.93671875 0.90859375 0.02578125 0.03046875
0 0.9171875 0.91171875 0.02734375 0.0234375
0 0.875 0.79765625 0.02265625 0.02890625
0 0.97578125 0.81015625 0.0265625 0.03984375
0 0.96796875 0.6171875 0.028125 0.0203125
0 0.97265625 0.4421875 0.02578125 0.028125
0 0.9203125 0.48125 0.02421875 0.03125
0 0.79375 0.66640625 0.02265625 0.025
0 0.4625 0.3734375 0.0140625 0.02421875
0 0.4890625 0.25859375 0.01640625 0.03515625
0 0.4296875 0.1625 0.015625 0.03359375
0 0.38125 0.19453125 0.0171875 0.03203125
0 0.34765625 0.26953125 0.01640625 0.0265625
0 0.36015625 0.33984375 0.0140625 0.0375
0 0.390625 0.37421875 0.0140625 0.06328125
0 0.65703125 0.17890625 0.01953125 0.0359375
0 0.7421875 0.196875 0.01875 0.028125
0 0.77421875 0.1015625 0.0234375 0.0390625
0 0.703125 0.03984375 0.01640625 0.03359375
0 0.66328125 0.08203125 0.0171875 0.03125
0 0.44140625 0.85234375 0.015625 0.040625
0 0.9921875 0.20859375 0.015625 0.0375
0 0.971875 0.1828125 0.0328125 0.028125
0 0.98671875 0.1 0.0265625 0.03359375
0 0.95625 0.0953125 0.03046875 0.04296875