0 0.60625 0.94140625 0.02890625 0.053125
0 0.7171875 0.9578125 0.03515625 0.0578125
0 0.79453125 0.809375 0.02890625 0.05
0 0.778125 0.94375 0.03203125 0.1125
0 0.68828125 0.23984375 0.01171875 0.0484375
0 0.69140625 0.21015625 0.01015625 0.021875
0 0.6984375 0.22734375 0.01328125 0.053125
0 0.57109375 0.09453125 0.0109375 0.053125
0 0.41484375 0.23125 0.0109375 0.06640625
0 0.40390625 0.215625 0.01328125 0.05078125
0 0.40078125 0.23671875 0.0125 0.0609375
0 0.26796875 0.31015625 0.01328125 0.05390625
0 0.24375 0.3171875 0.021875 0.0609375
0 0.32578125 0.0484375 0.00703125 0.0328125
0 0.334375 0.07734375 0.0125 0.04765625
0 0.359375 0.0546875 0.0109375 0.05
0 0.14140625 0.40546875 0.0234375 0.0546875
0 0.1421875 0.44296875 0.025 0.05859375
0 0.0296875 0.53203125 0.03359375 0.046875