0 0.8890625 0.7125 0.01953125 0.01171875
0 0.5859375 0.675 0.01171875 0.01796875
0 0.65390625 0.80703125 0.01015625 0.02109375
0 0.375 0.71875 0.0109375 0.0140625
0 0.3984375 0.42734375 0.0078125 0.01796875
0 0.36328125 0.39765625 0.0109375 0.02421875
0 0.328125 0.2578125 0.0109375 0.0203125
0 0.38046875 0.225 0.0109375 0.0203125
0 0.48046875 0.24765625 0.0140625 0.02265625
0 0.5390625 0.2609375 0.01015625 0.025
0 0.5421875 0.32734375 0.01015625 0.01953125
0 0.61484375 0.37265625 0.0078125 0.015625
0 0.653125 0.27734375 0.0109375 0.01875
0 0.79375 0.26328125 0.00625 0.0140625
0 0.70703125 0.23671875 0.01015625 0.025
0 0.6609375 0.43984375 0.009375 0.0140625