0 0.05234375 0.4171875 0.02734375 0.02109375
0 0.79765625 0.53671875 0.0203125 0.03125
0 0.5109375 0.39609375 0.01796875 0.02421875
0 0.61640625 0.7421875 0.01171875 0.034375
0 0.69140625 0.93046875 0.01953125 0.03515625
0 0.71015625 0.93984375 0.01796875 0.03359375
0 0.8625 0.896875 0.021875 0.03359375
0 0.72890625 0.29921875 0.01640625 0.03203125
0 0.73125 0.8078125 0.01484375 0.0296875
0 0.8125 0.5421875 0.01953125 0.01796875
0 0.71484375 0.84921875 0.01796875 0.028125
0 0.76640625 0.315625 0.01640625 0.03828125
0 0.703125 0.853125 0.0171875 0.0359375
0 0.696875 0.80546875 0.01484375 0.0265625
0 0.7375 0.77578125 0.0171875 0.03203125
0 0.778125 0.2671875 0.0203125 0.034375
0 0.66953125 0.76953125 0.01328125 0.02265625
0 0.78203125 0.30859375 0.01875 0.02578125
0 0.559375 0.44375 0.00859375 0.025
0 0.5640625 0.475 0.0125 0.01875
0 0.7484375 0.76953125 0.0171875 0.03046875