0 0.74375 0.30546875 0.01484375 0.01953125
0 0.6171875 0.41640625 0.01484375 0.01953125
0 0.6109375 0.36953125 0.01015625 0.01796875
0 0.59765625 0.34609375 0.01171875 0.0171875
0 0.41875 0.31015625 0.01015625 0.021875
0 0.42734375 0.2515625 0.0109375 0.02421875
0 0.44609375 0.2390625 0.00859375 0.01875
0 0.43671875 0.240625 0.01015625 0.0203125
0 0.5015625 0.57421875 0.009375 0.03984375
0 0.5390625 0.68828125 0.01015625 0.0234375
0 0.5515625 0.68984375 0.009375 0.02109375
0 0.55859375 0.68046875 0.00859375 0.01875
0 0.6609375 0.9015625 0.0109375 0.04296875
0 0.28125 0.45078125 0.0125 0.025
0 0.2953125 0.55078125 0.01484375 0.01796875
0 0.2953125 0.5765625 0.01328125 0.0203125
0 0.30390625 0.640625 0.01328125 0.01875
0 0.34765625 0.66875 0.0171875 0.02421875
0 0.3875 0.75 0.0109375 0.021875
0 0.4203125 0.590625 0.0109375 0.02109375
0 0.4171875 0.56875 0.00859375 0.0171875
0 0.409375 0.55390625 0.01796875 0.02578125
0 0.39609375 0.53515625 0.0140625 0.0171875
0 0.39375 0.56171875 0.01171875 0.01796875
0 0.3984375 0.59296875 0.0125 0.0234375
0 0.72265625 0.621875 0.01875 0.01640625
0 0.73515625 0.615625 0.0140625 0.02109375
0 0.74921875 0.60703125 0.01484375 0.0203125
0 0.728125 0.59140625 0.0203125 0.01484375
0 0.7328125 0.57421875 0.0140625 0.01484375
0 0.7203125 0.57421875 0.0140625 0.0171875
0 0.928125 0.4734375 0.0203125 0.0203125
0 0.9171875 0.52265625 0.0140625 0.0171875
0 0.88984375 0.54609375 0.01796875 0.01484375
0 0.98203125 0.56796875 0.0265625 0.02265625
0 0.9875 0.584375 0.01953125 0.01640625
0 0.9640625 0.5796875 0.02890625 0.01953125
0 0.8734375 0.7578125 0.01796875 0.02265625
0 0.83828125 0.80859375 0.01875 0.02109375
0 0.8671875 0.84921875 0.021875 0.02109375
0 0.92890625 0.86953125 0.02265625 0.02421875
0 0.89765625 0.88046875 0.02265625 0.03046875
0 0.87421875 0.89296875 0.0203125 0.0296875
0 0.86328125 0.9078125 0.025 0.025
0 0.84375 0.90703125 0.01796875 0.03046875
0 0.8828125 0.9453125 0.0171875 0.02578125
0 0.95703125 0.94921875 0.02734375 0.034375
0 0.85625 0.984375 0.01875 0.03125
0 0.8265625 0.96171875 0.02421875 0.0390625
0 0.8046875 0.90859375 0.01640625 0.02734375
0 0.39140625 0.43125 0.00859375 0.015625
0 0.39296875 0.44296875 0.0140625 0.0140625