0 0.44140625 0.60703125 0.00859375 0.015625
0 0.44375 0.62578125 0.0078125 0.0171875
0 0.45 0.6328125 0.0078125 0.0171875
0 0.48984375 0.50625 0.0109375 0.015625
0 0.45625 0.38125 0.01328125 0.01875
0 0.446875 0.3625 0.0078125 0.01875
0 0.43671875 0.3765625 0.00859375 0.01875
0 0.58359375 0.31640625 0.00859375 0.015625
0 0.58984375 0.3265625 0.01328125 0.01484375
0 0.5921875 0.340625 0.009375 0.01328125
0 0.62421875 0.3578125 0.0078125 0.02109375
0 0.5390625 0.3375 0.00703125 0.01796875
0 0.4984375 0.3203125 0.0078125 0.015625
0 0.4953125 0.325 0.0078125 0.01875
0 0.45390625 0.35234375 0.00703125 0.0140625
0 0.3890625 0.2765625 0.01015625 0.02265625
0 0.37734375 0.29921875 0.009375 0.01953125
0 0.41953125 0.22265625 0.00859375 0.02265625
0 0.409375 0.225 0.01171875 0.01875
0 0.43671875 0.18984375 0.0078125 0.0203125
0 0.47890625 0.175 0.00859375 0.01796875
0 0.48515625 0.14609375 0.00859375 0.02265625
0 0.20234375 0.51484375 0.01328125 0.01328125
0 0.065625 0.55234375 0.01875 0.01484375
0 0.05 0.50625 0.0171875 0.01015625
0 0.59375 0.58984375 0.00859375 0.01484375
0 0.5875 0.61484375 0.00625 0.01640625
0 0.56875 0.6265625 0.0078125 0.0125
0 0.79609375 0.70390625 0.0140625 0.0140625
0 0.79375 0.71640625 0.01640625 0.01484375
0 0.3921875 0.846875 0.0140625 0.02578125
0 0.52109375 0.85078125 0.00546875 0.02578125
0 0.52734375 0.86328125 0.0078125 0.021875
0 0.5359375 0.8859375 0.00625 0.025
0 0.534375 0.85078125 0.00703125 0.02734375
0 0.53984375 0.834375 0.00625 0.021875
0 0.5421875 0.8515625 0.00703125 0.015625
0 0.36484375 0.49140625 0.00859375 0.0125
0 0.57265625 0.32578125 0.009375 0.01640625
0 0.5578125 0.37421875 0.003125 0.0125