0 0.821875 0.17265625 0.0171875 0.03125
0 0.81640625 0.16015625 0.01796875 0.02109375
0 0.7484375 0.46796875 0.01328125 0.01640625
0 0.61640625 0.49453125 0.0109375 0.01796875
0 0.61875 0.44765625 0.0109375 0.01640625
0 0.6125 0.41875 0.0109375 0.0140625
0 0.4953125 0.2328125 0.009375 0.0171875
0 0.4875 0.228125 0.0078125 0.01640625
0 0.4765625 0.23125 0.009375 0.01640625
0 0.46953125 0.2515625 0.00859375 0.02421875
0 0.45625 0.29375 0.0109375 0.02421875
0 0.4171875 0.37265625 0.0125 0.0140625
0 0.41484375 0.3859375 0.01328125 0.0125
0 0.325 0.26015625 0.01015625 0.025
0 0.31328125 0.3453125 0.0125 0.0234375
0 0.31015625 0.42734375 0.01328125 0.0171875
0 0.30546875 0.44375 0.01328125 0.01875
0 0.30625 0.5203125 0.0125 0.01796875
0 0.33046875 0.5484375 0.01484375 0.01796875
0 0.04453125 0.55078125 0.028125 0.015625
0 0.025 0.53359375 0.0265625 0.01328125
0 0.396875 0.4703125 0.0140625 0.01484375
0 0.396875 0.49375 0.009375 0.01796875
0 0.41171875 0.490625 0.01796875 0.01875
0 0.415625 0.509375 0.009375 0.01640625
0 0.41484375 0.52890625 0.01171875 0.01875
0 0.3953125 0.51953125 0.01015625 0.01875
0 0.49140625 0.56328125 0.01015625 0.040625
0 0.36796875 0.67421875 0.01015625 0.015625
0 0.50546875 0.68671875 0.00859375 0.02109375
0 0.51640625 0.6953125 0.00703125 0.0203125
0 0.52265625 0.690625 0.0078125 0.0171875
0 0.57890625 0.9453125 0.009375 0.034375
0 0.678125 0.7375 0.01484375 0.0203125
0 0.703125 0.7390625 0.01328125 0.02109375
0 0.6875 0.7140625 0.01640625 0.01875
0 0.68515625 0.69296875 0.01328125 0.02109375
0 0.6953125 0.7 0.0109375 0.015625
0 0.6890625 0.7375 0.0125 0.02421875
0 0.88828125 0.73046875 0.02265625 0.02265625
0 0.86171875 0.7625 0.01875 0.01953125
0 0.8375 0.7671875 0.0203125 0.01640625
0 0.915625 0.84296875 0.02109375 0.03203125
0 0.896875 0.84375 0.025 0.0234375
0 0.91328125 0.8625 0.0203125 0.01796875
0 0.7875 0.93125 0.0140625 0.02578125
0 0.74765625 0.95859375 0.0125 0.025