0 0.596875 0.36796875 0.01953125 0.046875
0 0.60625 0.51484375 0.02421875 0.0359375
0 0.6546875 0.634375 0.02421875 0.03671875
0 0.50234375 0.621875 0.02421875 0.03828125
0 0.4859375 0.46328125 0.0203125 0.03046875
0 0.50625 0.34375 0.02109375 0.0359375
0 0.43125 0.33203125 0.02578125 0.04140625
0 0.34453125 0.31640625 0.02421875 0.0328125
0 0.453125 0.478125 0.0171875 0.04375
0 0.265625 0.44453125 0.02890625 0.03984375
0 0.32421875 0.5671875 0.028125 0.03203125
0 0.40078125 0.6375 0.02265625 0.04375
0 0.9875 0.36484375 0.025 0.04453125
0 0.9875 0.41640625 0.025 0.05