0 0.34296875 0.3609375 0.03046875 0.0359375
0 0.3015625 0.49296875 0.03125 0.0421875
0 0.31484375 0.57578125 0.0296875 0.03515625
0 0.4375 0.70625 0.02265625 0.05234375
0 0.5421875 0.52890625 0.01875 0.0390625
0 0.55703125 0.34765625 0.02421875 0.05078125
0 0.47421875 0.30703125 0.01875 0.05703125
0 0.48125 0.43046875 0.025 0.03984375
0 0.68828125 0.69453125 0.03125 0.04453125
0 0.71171875 0.51796875 0.02890625 0.03359375
0 0.5953125 0.65546875 0.01953125 0.0421875
0 0.7953125 0.2 0.0375 0.05625