0 0.01953125 0.14140625 0.025 0.025
0 0.0078125 0.103125 0.015625 0.02578125
0 0.00546875 0.934375 0.0109375 0.02265625
0 0.13828125 0.7828125 0.015625 0.0171875
0 0.31015625 0.56640625 0.01171875 0.02578125
0 0.44765625 0.5234375 0.01171875 0.025
0 0.4265625 0.65859375 0.01015625 0.02265625
0 0.434375 0.67734375 0.0078125 0.02109375
0 0.4421875 0.678125 0.0078125 0.01953125
0 0.3578125 0.1328125 0.01015625 0.02578125
0 0.36015625 0.1 0.0046875 0.0265625
0 0.32421875 0.19609375 0.01328125 0.021875
0 0.30703125 0.25859375 0.0140625 0.0234375
0 0.296875 0.2671875 0.0125 0.021875
0 0.28046875 0.359375 0.01328125 0.01484375
0 0.290625 0.36875 0.0125 0.02265625
0 0.37109375 0.38828125 0.009375 0.01796875
0 0.37421875 0.365625 0.0140625 0.0171875
0 0.3640625 0.4109375 0.01015625 0.0203125
0 0.38515625 0.39921875 0.01875 0.015625
0 0.38515625 0.42109375 0.009375 0.01640625
0 0.38046875 0.43828125 0.01171875 0.01640625
0 0.41796875 0.29375 0.01171875 0.01640625
0 0.41640625 0.3078125 0.00859375 0.01328125
0 0.46953125 0.2640625 0.009375 0.0203125
0 0.49921875 0.2328125 0.0109375 0.0203125
0 0.50625 0.21484375 0.00859375 0.01953125
0 0.5203125 0.21953125 0.01796875 0.01875
0 0.52421875 0.23203125 0.009375 0.01484375
0 0.57265625 0.5703125 0.01171875 0.0234375
0 0.5875 0.53515625 0.00859375 0.0171875
0 0.58828125 0.503125 0.0109375 0.015625
0 0.703125 0.66640625 0.0125 0.01875
0 0.83984375 0.4546875 0.01875 0.0203125
0 0.83828125 0.43984375 0.01875 0.01484375
0 0.434375 0.96171875 0.01015625 0.03046875
0 0.575 0.853125 0.01015625 0.02734375
0 0.584375 0.86171875 0.0109375 0.02734375
0 0.59921875 0.8765625 0.01015625 0.02578125
0 0.5890625 0.84140625 0.0140625 0.028125
0 0.59140625 0.81953125 0.0109375 0.02421875
0 0.60078125 0.83515625 0.009375 0.01640625