0 0.084375 0.80234375 0.02421875 0.0375
0 0.16796875 0.6296875 0.02265625 0.0421875
0 0.19375 0.665625 0.0171875 0.04375
0 0.175 0.515625 0.021875 0.03984375
0 0.19921875 0.45078125 0.015625 0.04375
0 0.38046875 0.50234375 0.0109375 0.04453125
0 0.35859375 0.53046875 0.0109375 0.046875
0 0.38125 0.5453125 0.0125 0.05390625
0 0.50859375 0.578125 0.01796875 0.04140625
0 0.47421875 0.6796875 0.0203125 0.0265625
0 0.45390625 0.72421875 0.0171875 0.04609375
0 0.5 0.73515625 0.0109375 0.028125
0 0.528125 0.5265625 0.0140625 0.03828125
0 0.5515625 0.51171875 0.0125 0.04453125
0 0.56171875 0.478125 0.01015625 0.046875
0 0.58828125 0.47109375 0.0125 0.0390625
0 0.5625 0.60546875 0.01171875 0.03671875
0 0.56171875 0.640625 0.01875 0.03046875
0 0.63671875 0.6875 0.0125 0.04921875
0 0.55625 0.90546875 0.01875 0.03671875
0 0.6 0.88359375 0.0125 0.03046875
0 0.65859375 0.8078125 0.01953125 0.0421875
0 0.6859375 0.79453125 0.01484375 0.05
0 0.69453125 0.88984375 0.0296875 0.04453125
0 0.66484375 0.9140625 0.021875 0.03828125
0 0.64453125 0.95234375 0.01484375 0.04609375
0 0.61484375 0.33671875 0.0140625 0.034375
0 0.63515625 0.35625 0.0125 0.034375
0 0.5859375 0.2484375 0.009375 0.04296875
0 0.5828125 0.165625 0.00703125 0.0390625
0 0.590625 0.165625 0.0078125 0.040625
0 0.65625 0.03046875 0.00625 0.03984375
0 0.6515625 0.02265625 0.00625 0.0375
0 0.5703125 0.00390625 0.0078125 0.00703125
0 0.44375 0.00546875 0.00625 0.0109375
0 0.4328125 0.00546875 0.009375 0.0109375
0 0.42109375 0.0109375 0.00703125 0.021875
0 0.3765625 0.00546875 0.00625 0.0109375
0 0.38125 0.01171875 0.0125 0.0234375
0 0.37890625 0.03359375 0.01328125 0.03984375
0 0.246875 0.0109375 0.009375 0.021875
0 0.31953125 0.20390625 0.00625 0.0203125
0 0.328125 0.22421875 0.01015625 0.04375
0 0.35625 0.21640625 0.00859375 0.04765625
0 0.3265625 0.24375 0.01171875 0.0359375