0 0.17265625 0.86484375 0.02109375 0.03125
0 0.14609375 0.825 0.03125 0.0375
0 0.140625 0.69765625 0.0203125 0.0359375
0 0.3375 0.74609375 0.0109375 0.03984375
0 0.365625 0.7296875 0.01015625 0.03671875
0 0.3703125 0.76328125 0.0140625 0.0421875
0 0.5578125 0.88984375 0.01953125 0.0359375
0 0.5765625 0.94609375 0.0140625 0.02890625
0 0.6078125 0.928125 0.015625 0.040625
0 0.5921875 0.85390625 0.015625 0.05
0 0.62734375 0.8265625 0.0140625 0.03359375
0 0.60703125 0.72734375 0.0140625 0.034375
0 0.46875 0.78515625 0.0140625 0.02890625
0 0.48828125 0.71953125 0.0125 0.04140625
0 0.45 0.715625 0.015625 0.03828125
0 0.44921875 0.67578125 0.01015625 0.0234375
0 0.47734375 0.65390625 0.01484375 0.04140625
0 0.53203125 0.684375 0.01328125 0.0421875
0 0.17578125 0.615625 0.01796875 0.0375
0 0.48515625 0.5171875 0.0125 0.03515625
0 0.5109375 0.53828125 0.0125 0.02890625
0 0.55078125 0.4828125 0.01015625 0.03828125
0 0.53359375 0.5234375 0.01484375 0.0375
0 0.56171875 0.33359375 0.0078125 0.03125
0 0.55703125 0.29453125 0.00703125 0.0359375
0 0.56484375 0.29375 0.01015625 0.03984375
0 0.6078125 0.2734375 0.0109375 0.0296875
0 0.59609375 0.25390625 0.0078125 0.03359375
0 0.66015625 0.046875 0.00625 0.021875
0 0.63203125 0.165625 0.00625 0.0375
0 0.62734375 0.15625 0.00625 0.03359375
0 0.58828125 0.071875 0.0078125 0.03828125
0 0.5765625 0.084375 0.00625 0.04140625
0 0.56875 0.078125 0.00546875 0.0375
0 0.57109375 0.06640625 0.00546875 0.0296875
0 0.54921875 0.1296875 0.0078125 0.02109375
0 0.52265625 0.04296875 0.00546875 0.03203125
0 0.5171875 0.0375 0.00703125 0.03359375
0 0.503125 0.02265625 0.00625 0.03671875
0 0.49296875 0.01953125 0.00859375 0.01875
0 0.428125 0.0953125 0.00625 0.03359375
0 0.4265625 0.12890625 0.00625 0.034375
0 0.41640625 0.12890625 0.009375 0.0359375
0 0.40390625 0.13515625 0.00703125 0.04140625
0 0.3609375 0.121875 0.00703125 0.0359375
0 0.36640625 0.1296875 0.00703125 0.034375
0 0.36796875 0.16328125 0.0078125 0.0359375
0 0.3453125 0.09375 0.00859375 0.034375
0 0.284375 0.12265625 0.0109375 0.02734375
0 0.265625 0.14140625 0.0109375 0.03125
0 0.3375 0.36875 0.0109375 0.04375
0 0.3125 0.35703125 0.00859375 0.034375
0 0.30859375 0.378125 0.01484375 0.03828125
0 0.3078125 0.3953125 0.01328125 0.0359375
0 0.53515625 0.9265625 0.0109375 0.04765625
0 0.590625 0.76953125 0.0171875 0.03828125