0 0.36484375 0.08515625 0.02109375 0.0484375
0 0.33203125 0.17578125 0.02578125 0.05234375
0 0.31484375 0.225 0.021875 0.040625
0 0.63203125 0.2828125 0.0203125 0.0359375
0 0.6421875 0.30234375 0.01953125 0.034375
0 0.64453125 0.3453125 0.02578125 0.03984375
0 0.63046875 0.4453125 0.028125 0.04609375
0 0.63984375 0.8046875 0.02109375 0.0546875
0 0.578125 0.7640625 0.021875 0.04296875
0 0.5578125 0.7796875 0.021875 0.0359375
0 0.54609375 0.80546875 0.01875 0.0640625
0 0.584375 0.83046875 0.01640625 0.0421875
0 0.55390625 0.85859375 0.0171875 0.04765625
0 0.5390625 0.878125 0.01640625 0.0546875
0 0.44609375 0.875 0.0140625 0.0453125
0 0.43359375 0.8859375 0.01171875 0.0359375
0 0.2640625 0.8015625 0.02890625 0.04140625
0 0.25 0.77890625 0.0265625 0.05234375
0 0.30546875 0.8375 0.02734375 0.04296875
0 0.33046875 0.7109375 0.01015625 0.03984375
0 0.24921875 0.74296875 0.025 0.03203125
0 0.29453125 0.88828125 0.0265625 0.0453125