0 0.7015625 0.27265625 0.02734375 0.053125
0 0.4546875 0.2734375 0.0203125 0.03984375
0 0.5296875 0.3015625 0.02578125 0.0421875
0 0.465625 0.41640625 0.02109375 0.0484375
0 0.52265625 0.478125 0.0140625 0.04296875
0 0.66640625 0.49609375 0.01875 0.0359375
0 0.69609375 0.65546875 0.02890625 0.0453125
0 0.56640625 0.66171875 0.01953125 0.0484375
0 0.41796875 0.71015625 0.02421875 0.0390625
0 0.27421875 0.57109375 0.0265625 0.040625
0 0.33359375 0.3296875 0.02109375 0.04375
0 0.18046875 0.46796875 0.03515625 0.03125