0 0.6015625 0.3671875 0.0203125 0.04765625
0 0.6109375 0.515625 0.02421875 0.03671875
0 0.66015625 0.63671875 0.02421875 0.03671875
0 0.50625 0.62421875 0.02421875 0.03828125
0 0.4890625 0.4640625 0.0203125 0.03046875
0 0.51015625 0.34296875 0.021875 0.03671875
0 0.43359375 0.33125 0.0265625 0.04140625
0 0.34609375 0.315625 0.02421875 0.03359375
0 0.45625 0.47890625 0.0171875 0.04375
0 0.26640625 0.4453125 0.0296875 0.03984375
0 0.32578125 0.56875 0.028125 0.03203125
0 0.403125 0.640625 0.0234375 0.04453125
0 0.99140625 0.36328125 0.0171875 0.0453125
0 0.99140625 0.415625 0.0171875 0.05