0 0.2078125 0.48203125 0.01484375 0.040625
0 0.290625 0.38828125 0.0125 0.0484375
0 0.271875 0.3765625 0.0140625 0.04296875
0 0.49375 0.56796875 0.0125 0.03984375
0 0.5640625 0.534375 0.01328125 0.04296875
0 0.5578125 0.5734375 0.0140625 0.03828125
0 0.5734375 0.64765625 0.0203125 0.04296875
0 0.621875 0.65546875 0.0203125 0.0328125
0 0.640625 0.59609375 0.01640625 0.03984375
0 0.61953125 0.75859375 0.0140625 0.05234375
0 0.640625 0.7640625 0.01484375 0.046875
0 0.6453125 0.84921875 0.01328125 0.03671875
0 0.70546875 0.81953125 0.0203125 0.0328125
0 0.73203125 0.94140625 0.01484375 0.0390625
0 0.80625 0.95703125 0.01875 0.034375
0 0.6953125 0.959375 0.01875 0.03671875
0 0.74921875 0.671875 0.02578125 0.03515625
0 0.6796875 0.70703125 0.0140625 0.040625
0 0.64609375 0.478125 0.0125 0.0453125
0 0.596875 0.44453125 0.009375 0.03515625
0 0.65 0.4203125 0.01484375 0.0421875
0 0.6765625 0.4078125 0.01328125 0.0296875
0 0.61484375 0.384375 0.01015625 0.04375
0 0.55859375 0.4 0.009375 0.03984375
0 0.56640625 0.384375 0.0109375 0.04609375
0 0.578125 0.36796875 0.00859375 0.04765625
0 0.5875 0.36953125 0.0109375 0.03984375
0 0.42109375 0.30625 0.00859375 0.04453125
0 0.43671875 0.284375 0.01015625 0.0359375
0 0.43984375 0.3203125 0.0078125 0.04296875
0 0.6109375 0.1578125 0.00703125 0.02890625
0 0.61171875 0.08203125 0.00703125 0.034375
0 0.61875 0.08203125 0.00703125 0.0359375
0 0.3015625 0.27109375 0.0125 0.03515625
0 0.2671875 0.29453125 0.01328125 0.04609375
0 0.39375 0.1125 0.01015625 0.03515625
0 0.3953125 0.09921875 0.009375 0.0390625
0 0.41796875 0.09453125 0.00703125 0.0421875
0 0.765625 0.63828125 0.02109375 0.0375
0 0.65234375 0.6609375 0.01640625 0.02890625
0 0.65390625 0.8359375 0.01796875 0.040625
0 0.6359375 0.8578125 0.0140625 0.03515625
0 0.6734375 0.6265625 0.0125 0.03828125
0 0.8125 0.7671875 0.02265625 0.03671875