0 0.196875 0.45625 0.01328125 0.03828125
0 0.25625 0.35859375 0.0125 0.04140625
0 0.275 0.36875 0.01171875 0.04765625
0 0.4703125 0.5515625 0.015625 0.0359375
0 0.5328125 0.54609375 0.01015625 0.0296875
0 0.53828125 0.51953125 0.01015625 0.04375
0 0.5546875 0.63359375 0.0171875 0.04765625
0 0.59140625 0.61796875 0.01953125 0.0328125
0 0.61484375 0.59375 0.0203125 0.04765625
0 0.62421875 0.634375 0.0203125 0.0328125
0 0.64765625 0.67578125 0.01640625 0.03203125
0 0.5890625 0.72578125 0.0109375 0.04140625
0 0.609375 0.73203125 0.0140625 0.0375
0 0.77734375 0.93046875 0.01640625 0.0390625
0 0.6734375 0.78828125 0.02109375 0.03984375
0 0.73359375 0.6015625 0.02734375 0.0375
0 0.69453125 0.89765625 0.01484375 0.03984375
0 0.66171875 0.909375 0.01875 0.0328125
0 0.5328125 0.3875 0.0109375 0.0359375
0 0.54296875 0.37734375 0.01015625 0.03046875
0 0.55 0.36171875 0.0078125 0.04765625
0 0.5578125 0.3671875 0.00859375 0.03828125
0 0.58671875 0.37578125 0.01171875 0.034375
0 0.64921875 0.41796875 0.01328125 0.0296875
0 0.6234375 0.4296875 0.01484375 0.0421875
0 0.615625 0.46328125 0.0109375 0.04296875
0 0.56953125 0.43359375 0.01328125 0.034375
0 0.39921875 0.2921875 0.00703125 0.04296875
0 0.41328125 0.26796875 0.00625 0.0265625
0 0.4171875 0.30234375 0.00703125 0.0453125
0 0.28828125 0.26015625 0.009375 0.034375
0 0.253125 0.2796875 0.0125 0.0453125
0 0.3734375 0.11015625 0.00859375 0.0328125
0 0.37578125 0.09453125 0.00859375 0.0375
0 0.39609375 0.0921875 0.00703125 0.03984375
0 0.58203125 0.08515625 0.00546875 0.03203125
0 0.58828125 0.08359375 0.00625 0.03515625
0 0.58125 0.15625 0.009375 0.02265625
0 0.60859375 0.821875 0.01796875 0.03359375
0 0.64140625 0.58984375 0.01484375 0.03203125
0 0.72578125 0.64765625 0.0171875 0.03515625
0 0.775 0.72734375 0.0234375 0.03359375
0 0.61953125 0.8140625 0.01171875 0.03828125
0 0.628125 0.80859375 0.01015625 0.03046875