0 0.13203125 0.33125 0.01953125 0.0453125
0 0.2109375 0.22734375 0.0125 0.053125
0 0.221875 0.25 0.0125 0.05078125
0 0.21328125 0.15234375 0.0125 0.053125
0 0.27890625 0.14296875 0.01484375 0.04375
0 0.371875 0.16640625 0.00859375 0.05234375
0 0.38671875 0.13828125 0.009375 0.03046875
0 0.39140625 0.17421875 0.009375 0.05390625
0 0.3453125 0.00625 0.01015625 0.0125
0 0.49375 0.578125 0.0140625 0.0453125
0 0.5359375 0.54921875 0.01875 0.0453125
0 0.621875 0.5171875 0.03828125 0.0578125
0 0.609375 0.60390625 0.01796875 0.0640625
0 0.60234375 0.66953125 0.0171875 0.04765625
0 0.615625 0.74921875 0.015625 0.05078125
0 0.63359375 0.76640625 0.01875 0.0625
0 0.621875 0.896875 0.02265625 0.04765625
0 0.678125 0.8609375 0.01796875 0.0515625
0 0.7046875 0.93671875 0.02265625 0.0390625
0 0.7390625 0.91328125 0.03046875 0.046875
0 0.79765625 0.88359375 0.02734375 0.03359375
0 0.70625 0.76015625 0.01875 0.05625
0 0.7421875 0.67578125 0.0234375 0.05390625
0 0.8625 0.78828125 0.0265625 0.04296875
0 0.69375 0.61875 0.0234375 0.03046875
0 0.6484375 0.59609375 0.0203125 0.05859375
0 0.66953125 0.57734375 0.02109375 0.0625
0 0.68984375 0.56328125 0.01953125 0.0453125
0 0.78515625 0.575 0.01875 0.05625
0 0.81328125 0.5609375 0.025 0.053125
0 0.5640625 0.5078125 0.0140625 0.05
0 0.55859375 0.4109375 0.01484375 0.0625
0 0.54140625 0.38203125 0.01640625 0.05234375
0 0.57890625 0.40625 0.0109375 0.0484375
0 0.603125 0.371875 0.0125 0.05390625
0 0.63984375 0.40703125 0.01328125 0.03671875
0 0.5515625 0.29765625 0.01015625 0.05234375
0 0.575 0.30390625 0.01015625 0.0421875
0 0.5859375 0.021875 0.00859375 0.04140625
0 0.6609375 0.91640625 0.0203125 0.0421875