0 0.121875 0.11171875 0.01875 0.02109375
0 0.109375 0.078125 0.01796875 0.021875
0 0.06953125 0.8109375 0.01953125 0.01875
0 0.04765625 0.77578125 0.0203125 0.0140625
0 0.0375 0.7671875 0.01796875 0.0171875
0 0.19921875 0.6984375 0.0125 0.01640625
0 0.36015625 0.55 0.01015625 0.01640625
0 0.3515625 0.35625 0.01015625 0.01796875
0 0.34375 0.3609375 0.009375 0.01953125
0 0.36328125 0.2765625 0.01171875 0.01953125
0 0.37265625 0.2703125 0.01171875 0.02109375
0 0.3890625 0.2171875 0.0109375 0.01875
0 0.4234375 0.17421875 0.0078125 0.02578125
0 0.42578125 0.140625 0.009375 0.02265625
0 0.415625 0.41328125 0.00859375 0.01875
0 0.42265625 0.39453125 0.0078125 0.01796875
0 0.4265625 0.37734375 0.01015625 0.015625
0 0.43515625 0.4078125 0.01640625 0.01484375
0 0.43359375 0.4265625 0.0078125 0.01484375
0 0.428125 0.440625 0.0109375 0.01484375
0 0.46640625 0.33203125 0.00859375 0.0125
0 0.46875 0.3203125 0.0109375 0.01484375
0 0.5140625 0.3046875 0.00859375 0.015625
0 0.54296875 0.28203125 0.01015625 0.01796875
0 0.55078125 0.26640625 0.0078125 0.0171875
0 0.56015625 0.27265625 0.01171875 0.015625
0 0.56484375 0.28515625 0.009375 0.0125
0 0.6046875 0.2765625 0.009375 0.015625
0 0.83046875 0.525 0.01640625 0.0125
0 0.83125 0.53828125 0.0171875 0.01484375
0 0.60859375 0.53515625 0.009375 0.01328125
0 0.60625 0.56328125 0.0078125 0.01640625
0 0.590625 0.58984375 0.009375 0.01796875
0 0.70078125 0.7015625 0.01015625 0.01640625
0 0.44921875 0.91015625 0.00859375 0.02421875
0 0.578125 0.840625 0.0078125 0.025
0 0.5859375 0.84921875 0.009375 0.02265625
0 0.59140625 0.8328125 0.01171875 0.0265625
0 0.6015625 0.82890625 0.0078125 0.01640625
0 0.5953125 0.81328125 0.00859375 0.02109375
0 0.59921875 0.86484375 0.00859375 0.02265625
0 0.48515625 0.52421875 0.009375 0.01796875
0 0.47109375 0.66328125 0.00625 0.015625
0 0.4640625 0.6609375 0.00625 0.01875
0 0.4578125 0.64296875 0.009375 0.01875