0 0.1484375 0.64609375 0.025 0.03515625
0 0.3421875 0.334375 0.02109375 0.03359375
0 0.38515625 0.45625 0.0234375 0.04765625
0 0.3578125 0.49453125 0.0234375 0.0359375
0 0.43203125 0.58828125 0.01953125 0.03828125
0 0.53828125 0.64765625 0.0234375 0.03984375
0 0.54140625 0.396875 0.02578125 0.04140625
0 0.55078125 0.34609375 0.01640625 0.0390625
0 0.45390625 0.28125 0.01484375 0.06171875
0 0.478125 0.25625 0.0203125 0.06328125
0 0.67578125 0.2640625 0.025 0.0421875
0 0.61953125 0.453125 0.02578125 0.0265625
0 0.68359375 0.64296875 0.03203125 0.040625