0 0.45234375 0.9609375 0.0203125 0.046875
0 0.43359375 0.9421875 0.01875 0.06484375
0 0.36328125 0.63046875 0.03046875 0.06640625
0 0.49921875 0.4984375 0.01328125 0.059375
0 0.50234375 0.41875 0.02421875 0.04453125
0 0.54765625 0.50703125 0.021875 0.0640625
0 0.56875 0.46875 0.0171875 0.0515625
0 0.5890625 0.47265625 0.01640625 0.0703125
0 0.61328125 0.55546875 0.0265625 0.0609375
0 0.61328125 0.59609375 0.02109375 0.05625
0 0.60859375 0.4171875 0.01484375 0.04765625
0 0.7359375 0.45 0.0234375 0.0796875
0 0.740625 0.39453125 0.0203125 0.05859375
0 0.7578125 0.515625 0.02109375 0.075
0 0.76640625 0.33515625 0.021875 0.0625
0 0.796875 0.3234375 0.0203125 0.0734375
0 0.00859375 0.084375 0.0171875 0.02734375
0 0.0265625 0.0640625 0.025 0.05234375
0 0.1109375 0.03046875 0.02109375 0.05390625
0 0.12265625 0.0203125 0.02109375 0.040625
0 0.13828125 0.02265625 0.021875 0.0453125
0 0.33359375 0.371875 0.0171875 0.0625
0 0.35 0.33046875 0.015625 0.06796875
0 0.32734375 0.2359375 0.025 0.05390625
0 0.35 0.1796875 0.0140625 0.04453125
0 0.3703125 0.1890625 0.02109375 0.0609375
0 0.36328125 0.22890625 0.01484375 0.046875
0 0.39140625 0.221875 0.01796875 0.05078125
0 0.4046875 0.20234375 0.01328125 0.05390625
0 0.4171875 0.17890625 0.0140625 0.06328125
0 0.42734375 0.1796875 0.0109375 0.06015625
0 0.4484375 0.1890625 0.01328125 0.0578125
0 0.41171875 0.25078125 0.01796875 0.0546875
0 0.4375 0.23359375 0.01796875 0.0625
0 0.46015625 0.23125 0.01171875 0.065625
0 0.48046875 0.18828125 0.01484375 0.06484375
0 0.5328125 0.23828125 0.01796875 0.0484375
0 0.521875 0.2625 0.01484375 0.0828125
0 0.50234375 0.259375 0.01875 0.0421875
0 0.47734375 0.325 0.028125 0.06640625
0 0.51796875 0.35859375 0.01796875 0.06171875
0 0.56796875 0.24609375 0.01875 0.06171875
0 0.5921875 0.2578125 0.025 0.05078125
0 0.765625 0.37265625 0.01953125 0.0671875