0 0.09921875 0.18828125 0.02265625 0.021875
0 0.0859375 0.1546875 0.02109375 0.02265625
0 0.08203125 0.90234375 0.0203125 0.02109375
0 0.0578125 0.87265625 0.01875 0.01875
0 0.0453125 0.86796875 0.015625 0.01640625
0 0.20625 0.765625 0.0140625 0.01484375
0 0.3609375 0.5703125 0.0109375 0.0234375
0 0.48515625 0.53203125 0.0109375 0.02265625
0 0.465625 0.65390625 0.009375 0.0203125
0 0.47265625 0.6703125 0.00703125 0.01953125
0 0.4796875 0.67109375 0.00703125 0.01796875
0 0.403125 0.18125 0.00859375 0.0234375
0 0.40546875 0.15078125 0.0046875 0.02421875
0 0.3734375 0.2375 0.0125 0.0203125
0 0.3578125 0.29375 0.0125 0.02109375
0 0.34921875 0.3015625 0.0109375 0.01953125
0 0.334375 0.384375 0.01171875 0.01328125
0 0.34375 0.39296875 0.0109375 0.0203125
0 0.415625 0.41015625 0.00859375 0.01640625
0 0.41875 0.390625 0.0125 0.01484375
0 0.409375 0.43125 0.009375 0.01875
0 0.42890625 0.4203125 0.01640625 0.0140625
0 0.428125 0.43984375 0.0078125 0.01484375
0 0.42421875 0.45546875 0.0109375 0.01484375
0 0.4578125 0.32578125 0.0109375 0.01484375
0 0.45625 0.33828125 0.0078125 0.01171875
0 0.50390625 0.29921875 0.00859375 0.01875
0 0.53046875 0.2703125 0.01015625 0.01796875
0 0.5375 0.25390625 0.0078125 0.01796875
0 0.55 0.25859375 0.01640625 0.01640625
0 0.55390625 0.26953125 0.00859375 0.01328125
0 0.596875 0.57421875 0.01015625 0.02109375
0 0.6109375 0.54296875 0.0078125 0.015625
0 0.6109375 0.5140625 0.01015625 0.0140625
0 0.71484375 0.6609375 0.0109375 0.0171875
0 0.8375 0.4703125 0.0171875 0.01796875
0 0.8359375 0.45703125 0.0171875 0.01328125
0 0.47265625 0.9265625 0.009375 0.02734375
0 0.59921875 0.82890625 0.009375 0.02421875
0 0.6078125 0.83671875 0.009375 0.025
0 0.62109375 0.85 0.00859375 0.0234375
0 0.6125 0.81875 0.0125 0.025
0 0.6140625 0.7984375 0.01015625 0.02109375
0 0.621875 0.81328125 0.00859375 0.01484375
0 0.725 0.978125 0.01484375 0.021875
0 0.74609375 0.98984375 0.0125 0.0203125
0 0.7796875 0.9890625 0.01484375 0.02109375