0 0.17421875 0.14921875 0.01640625 0.04296875
0 0.2375 0.084375 0.0125 0.0484375
0 0.2453125 0.08984375 0.0109375 0.05234375
0 0.31171875 0.02890625 0.01171875 0.0484375
0 0.32734375 0.0375 0.009375 0.028125
0 0.41015625 0.01484375 0.00859375 0.02890625
0 0.4265625 0.01484375 0.0078125 0.0296875
0 0.56953125 0.28828125 0.02109375 0.06015625
0 0.534375 0.3359375 0.01484375 0.0546875
0 0.590625 0.32890625 0.0140625 0.0609375
0 0.66796875 0.278125 0.0140625 0.05078125
0 0.61484375 0.34453125 0.01640625 0.06875
0 0.60078125 0.365625 0.0125 0.05625
0 0.584375 0.38203125 0.0171875 0.0359375
0 0.63046875 0.334375 0.01796875 0.059375
0 0.64921875 0.34765625 0.01640625 0.053125
0 0.66484375 0.35390625 0.0171875 0.04765625
0 0.61640625 0.415625 0.0171875 0.0609375
0 0.6296875 0.425 0.01328125 0.0578125
0 0.66796875 0.4203125 0.01796875 0.07109375
0 0.7296875 0.3921875 0.01796875 0.05546875
0 0.7 0.4625 0.0203125 0.06015625
0 0.7203125 0.46875 0.01875 0.0625
0 0.6703125 0.5453125 0.0234375 0.0609375
0 0.67421875 0.65859375 0.02265625 0.05234375
0 0.65859375 0.7796875 0.02109375 0.0625
0 0.69140625 0.7953125 0.0234375 0.05859375
0 0.7046875 0.70546875 0.02109375 0.04921875
0 0.76484375 0.7546875 0.0234375 0.0671875
0 0.74609375 0.78125 0.02734375 0.06171875
0 0.75703125 0.92109375 0.03046875 0.06953125
0 0.78359375 0.49765625 0.021875 0.06328125
0 0.8109375 0.584375 0.02265625 0.07109375
0 0.9828125 0.7765625 0.034375 0.05625
0 0.45703125 0.77421875 0.0265625 0.05390625
0 0.51015625 0.48671875 0.01484375 0.0625
0 0.5359375 0.46875 0.02109375 0.065625