0 0.8046875 0.096875 0.01640625 0.03515625
0 0.8 0.0859375 0.0171875 0.02578125
0 0.75 0.4140625 0.0140625 0.0171875
0 0.61796875 0.46875 0.0125 0.01875
0 0.6171875 0.42109375 0.0109375 0.01640625
0 0.609375 0.39375 0.01171875 0.015625
0 0.47890625 0.23125 0.0078125 0.0171875
0 0.46953125 0.228125 0.00703125 0.01875
0 0.46015625 0.234375 0.00859375 0.02109375
0 0.44296875 0.29609375 0.01171875 0.02265625
0 0.3015625 0.3765625 0.01328125 0.01796875
0 0.303125 0.46796875 0.0125 0.01640625
0 0.3 0.4875 0.01328125 0.01953125
0 0.303125 0.5578125 0.0125 0.0234375
0 0.3328125 0.58984375 0.01328125 0.0203125
0 0.396875 0.49296875 0.0171875 0.01640625
0 0.41015625 0.5109375 0.01875 0.01875
0 0.41484375 0.52890625 0.009375 0.015625
0 0.415625 0.55 0.01171875 0.01796875
0 0.39453125 0.54375 0.0109375 0.01953125
0 0.39453125 0.515625 0.009375 0.01796875
0 0.375 0.69765625 0.0125 0.02265625
0 0.49453125 0.5671875 0.0109375 0.04140625
0 0.51640625 0.6890625 0.0078125 0.021875
0 0.52890625 0.69609375 0.0078125 0.02109375
0 0.53515625 0.6890625 0.0078125 0.01796875
0 0.04296875 0.65078125 0.02578125 0.01875
0 0.02421875 0.6375 0.02734375 0.01875
0 0.6078125 0.9359375 0.01015625 0.03828125
0 0.69921875 0.65546875 0.0140625 0.01796875
0 0.7109375 0.66015625 0.0109375 0.015625
0 0.703125 0.6765625 0.0171875 0.01640625
0 0.7203125 0.6984375 0.0140625 0.021875
0 0.70703125 0.70078125 0.01171875 0.02421875
0 0.69453125 0.703125 0.015625 0.01796875
0 0.859375 0.696875 0.02109375 0.015625
0 0.88359375 0.68671875 0.01953125 0.01953125
0 0.9046875 0.6484375 0.02421875 0.0203125
0 0.94375 0.75703125 0.02265625 0.03046875
0 0.94296875 0.77578125 0.0203125 0.0171875
0 0.925 0.7609375 0.02734375 0.02265625
0 0.81875 0.87734375 0.015625 0.02890625
0 0.78125 0.91328125 0.01484375 0.028125
0 0.803125 0.965625 0.01484375 0.025
0 0.4078125 0.390625 0.0109375 0.01484375
0 0.40703125 0.40390625 0.01328125 0.0109375