0 0.0984375 0.6171875 0.034375 0.0578125
0 0.1 0.57109375 0.02890625 0.06953125
0 0.21953125 0.4546875 0.0265625 0.06484375
0 0.24765625 0.45546875 0.01640625 0.0640625
0 0.39921875 0.0203125 0.009375 0.040625
0 0.409375 0.01796875 0.01171875 0.03515625
0 0.3203125 0.1203125 0.0109375 0.04140625
0 0.32890625 0.15234375 0.0125 0.05078125
0 0.36171875 0.12109375 0.0125 0.0578125
0 0.40390625 0.3421875 0.015625 0.059375
0 0.40625 0.31796875 0.01328125 0.0484375
0 0.41875 0.33046875 0.01484375 0.06640625
0 0.5921875 0.18984375 0.01171875 0.0609375
0 0.7265625 0.3703125 0.015625 0.05703125
0 0.73515625 0.3484375 0.0109375 0.0484375
0 0.74453125 0.35234375 0.00859375 0.05859375