0 0.08359375 0.53203125 0.021875 0.02265625
0 0.5734375 0.50703125 0.0140625 0.02421875
0 0.71328125 0.55390625 0.01328125 0.02265625
0 0.8921875 0.5234375 0.02265625 0.02265625
0 0.8828125 0.76015625 0.02265625 0.03125
0 0.84296875 0.85625 0.02421875 0.03984375
0 0.9390625 0.534375 0.02578125 0.03125
0 0.92734375 0.50078125 0.0296875 0.02421875
0 0.81953125 0.96484375 0.02578125 0.03515625
0 0.828125 0.865625 0.02265625 0.03671875
0 0.821875 0.81796875 0.02265625 0.0296875
0 0.865625 0.78828125 0.0203125 0.0359375
0 0.8 0.721875 0.0171875 0.03203125
0 0.921875 0.5359375 0.0265625 0.02265625
0 0.71796875 0.58828125 0.01953125 0.02421875
0 0.96875 0.78125 0.0265625 0.02890625
0 0.86875 0.76328125 0.025 0.0328125
0 0.79765625 0.7828125 0.0125 0.02265625
0 0.7921875 0.98125 0.009375 0.0265625
0 0.9859375 0.78515625 0.0203125 0.01953125