0 0.4328125 0.9 0.01015625 0.02265625
0 0.4140625 0.86640625 0.01015625 0.02109375
0 0.38046875 0.7234375 0.01015625 0.028125
0 0.371875 0.6703125 0.00859375 0.015625
0 0.38125 0.68125 0.00859375 0.01796875
0 0.5 0.2515625 0.01484375 0.0265625
0 0.5125 0.2375 0.009375 0.02578125
0 0.51953125 0.26171875 0.01484375 0.02265625
0 0.50859375 0.30078125 0.009375 0.0171875
0 0.4953125 0.27109375 0.0109375 0.0171875
0 0.49765625 0.29296875 0.00859375 0.0140625
0 0.61171875 0.246875 0.0140625 0.0203125
0 0.59921875 0.2375 0.01015625 0.02265625
0 0.39453125 0.93359375 0.0109375 0.01953125