0 0.465625 0.3921875 0.02109375 0.025
0 0.87890625 0.93671875 0.025 0.03828125
0 0.69140625 0.93828125 0.021875 0.0375
0 0.66875 0.9375 0.021875 0.0328125
0 0.73125 0.328125 0.01875 0.0328125
0 0.65546875 0.75703125 0.0140625 0.0234375
0 0.69140625 0.84921875 0.01875 0.034375
0 0.80859375 0.58828125 0.02109375 0.02890625
0 0.70546875 0.83828125 0.01796875 0.03125
0 0.61796875 0.7171875 0.01328125 0.03046875
0 0.5484375 0.44296875 0.009375 0.02578125
0 0.55390625 0.4765625 0.01484375 0.0203125
0 0.72421875 0.78671875 0.0171875 0.0359375
0 0.73125 0.75625 0.01953125 0.0375
0 0.684375 0.79296875 0.0171875 0.02734375
0 0.74296875 0.7484375 0.01875 0.0296875
0 0.82265625 0.59375 0.02109375 0.01953125
0 0.77265625 0.34765625 0.0203125 0.0359375
0 0.7859375 0.29453125 0.01875 0.02734375
0 0.78671875 0.34296875 0.0171875 0.03203125