0 0.0375 0.40625 0.02734375 0.021875
0 0.7984375 0.528125 0.02109375 0.03203125
0 0.50546875 0.384375 0.01875 0.02421875
0 0.61328125 0.7375 0.01171875 0.03515625
0 0.690625 0.9296875 0.0203125 0.0359375
0 0.709375 0.93984375 0.01796875 0.034375
0 0.86484375 0.89609375 0.021875 0.034375
0 0.728125 0.2859375 0.01640625 0.0328125
0 0.73125 0.8046875 0.01484375 0.0296875
0 0.8140625 0.53359375 0.0203125 0.01796875
0 0.7140625 0.846875 0.01796875 0.028125
0 0.7671875 0.30234375 0.0171875 0.0390625
0 0.7015625 0.85078125 0.0171875 0.03671875
0 0.69609375 0.80234375 0.01484375 0.02734375
0 0.7375 0.771875 0.01796875 0.0328125
0 0.77890625 0.253125 0.02109375 0.03515625
0 0.66796875 0.765625 0.01328125 0.02265625
0 0.7828125 0.29453125 0.01953125 0.0265625
0 0.5546875 0.43359375 0.009375 0.02578125
0 0.56015625 0.46484375 0.0125 0.01875
0 0.7484375 0.765625 0.01796875 0.03125