0 0.07578125 0.93203125 0.02578125 0.0328125
0 0.165625 0.74765625 0.028125 0.03671875
0 0.18515625 0.7859375 0.021875 0.0375
0 0.1625 0.63359375 0.02109375 0.03203125
0 0.1921875 0.5578125 0.015625 0.03828125
0 0.346875 0.65546875 0.0125 0.0390625
0 0.3640625 0.63125 0.0125 0.03984375
0 0.3703125 0.66640625 0.01328125 0.0421875
0 0.43515625 0.75 0.01171875 0.028125
0 0.4515625 0.77890625 0.015625 0.03515625
0 0.48125 0.80390625 0.0140625 0.02890625
0 0.55078125 0.97734375 0.0140625 0.0453125
0 0.56640625 0.9234375 0.01640625 0.04609375
0 0.61328125 0.93671875 0.01953125 0.04609375
0 0.6484375 0.88984375 0.021875 0.03515625
0 0.60859375 0.75546875 0.01328125 0.04140625
0 0.63203125 0.809375 0.01484375 0.03671875
0 0.6109375 0.84765625 0.015625 0.02578125
0 0.4875 0.675 0.0125 0.03828125
0 0.51796875 0.67265625 0.01328125 0.03515625
0 0.534375 0.671875 0.01015625 0.034375
0 0.5015625 0.57421875 0.01015625 0.0359375
0 0.5390625 0.52890625 0.009375 0.034375
0 0.5609375 0.5234375 0.01328125 0.04140625
0 0.5625 0.3359375 0.0078125 0.0359375
0 0.58984375 0.34765625 0.0125 0.02890625
0 0.6015625 0.36953125 0.01171875 0.02734375
0 0.55703125 0.2703125 0.00859375 0.0375
0 0.5640625 0.27109375 0.00703125 0.03828125
0 0.628125 0.140625 0.00625 0.034375
0 0.6234375 0.1328125 0.00546875 0.034375
0 0.546875 0.10859375 0.00859375 0.01953125
0 0.65546875 0.03125 0.00546875 0.0203125
0 0.58515625 0.0546875 0.0078125 0.03828125
0 0.5734375 0.06484375 0.00625 0.0390625
0 0.56640625 0.059375 0.0046875 0.03671875
0 0.56875 0.05078125 0.0046875 0.03125
0 0.521875 0.0234375 0.0046875 0.03671875
0 0.515625 0.02109375 0.00625 0.03359375
0 0.50234375 0.0125 0.00703125 0.02421875
0 0.49296875 0.00546875 0.00859375 0.0109375
0 0.43046875 0.07578125 0.00546875 0.03046875
0 0.4296875 0.10703125 0.00703125 0.0328125
0 0.41953125 0.10625 0.00859375 0.034375
0 0.40703125 0.11328125 0.00625 0.03828125
0 0.3640625 0.103125 0.009375 0.03515625
0 0.371875 0.11484375 0.00625 0.03515625
0 0.36796875 0.14453125 0.0125 0.0359375
0 0.35078125 0.07421875 0.00859375 0.03359375
0 0.2796875 0.103125 0.01015625 0.0265625
0 0.25546875 0.121875 0.0109375 0.03046875
0 0.3109375 0.3171875 0.0078125 0.0203125
0 0.31796875 0.3359375 0.01171875 0.04140625
0 0.34453125 0.32734375 0.009375 0.04453125
0 0.31640625 0.35625 0.0125 0.02890625
0 0.52265625 0.59921875 0.01015625 0.0515625