0 0.2421875 0.01796875 0.01484375 0.02890625
0 0.21796875 0.05078125 0.01796875 0.0265625
0 0.2203125 0.03515625 0.0203125 0.028125
0 0.13125 0.115625 0.01875 0.0296875
0 0.10234375 0.16171875 0.02578125 0.0234375
0 0.01640625 0.3140625 0.02265625 0.02734375
0 0.19609375 0.2609375 0.01640625 0.02734375
0 0.20390625 0.240625 0.0171875 0.025
0 0.2640625 0.228125 0.0140625 0.0328125
0 0.18515625 0.3703125 0.01640625 0.01875
0 0.20859375 0.3796875 0.015625 0.0171875
0 0.24609375 0.3875 0.015625 0.01796875
0 0.325 0.26484375 0.01875 0.0296875
0 0.38046875 0.24765625 0.01328125 0.021875
0 0.45078125 0.2515625 0.015625 0.02734375
0 0.4234375 0.31328125 0.01015625 0.021875
0 0.4328125 0.3640625 0.0109375 0.025
0 0.4578125 0.4015625 0.01171875 0.01875
0 0.51484375 0.37578125 0.009375 0.0234375
0 0.5203125 0.29140625 0.009375 0.02421875
0 0.48984375 0.24375 0.01640625 0.021875
0 0.6515625 0.24453125 0.0109375 0.028125
0 0.68984375 0.259375 0.0140625 0.021875
0 0.728125 0.19609375 0.015625 0.03203125
0 0.68515625 0.146875 0.01171875 0.0296875
0 0.70234375 0.13984375 0.01328125 0.02578125
0 0.8765625 0.1875 0.0203125 0.02265625
0 0.88984375 0.2203125 0.02265625 0.0265625
0 0.89375 0.19453125 0.021875 0.021875
0 0.88671875 0.18828125 0.0203125 0.02421875
0 0.90390625 0.175 0.0140625 0.0171875
0 0.9359375 0.50234375 0.02109375 0.0203125
0 0.8890625 0.42734375 0.01875 0.028125
0 0.86015625 0.49921875 0.0296875 0.01796875
0 0.890625 0.5734375 0.01953125 0.01484375
0 0.81328125 0.70625 0.01640625 0.02734375
0 0.88046875 0.7140625 0.01875 0.028125
0 0.85859375 0.7921875 0.01796875 0.028125
0 0.828125 0.78671875 0.02109375 0.02265625
0 0.72890625 0.78203125 0.01796875 0.02734375
0 0.68125 0.78046875 0.0109375 0.021875
0 0.6421875 0.78203125 0.01171875 0.01875
0 0.6171875 0.665625 0.01171875 0.02109375
0 0.66875 0.5953125 0.01328125 0.0234375
0 0.69765625 0.62109375 0.00859375 0.0203125
0 0.76015625 0.92265625 0.015625 0.02578125
0 0.59453125 0.85234375 0.01484375 0.02734375
0 0.5328125 0.82109375 0.01328125 0.02109375
0 0.48828125 0.73125 0.00859375 0.025
0 0.4734375 0.690625 0.01171875 0.028125
0 0.4890625 0.6625 0.0109375 0.0203125
0 0.4734375 0.62265625 0.0109375 0.02421875
0 0.52421875 0.565625 0.0109375 0.0203125
0 0.60703125 0.478125 0.01796875 0.02421875
0 0.340625 0.50859375 0.015625 0.021875
0 0.2359375 0.60625 0.02109375 0.02265625
0 0.22578125 0.6484375 0.01796875 0.03046875
0 0.29765625 0.66640625 0.01484375 0.01875
0 0.3125 0.67265625 0.0140625 0.01875
0 0.3015625 0.75859375 0.015625 0.02890625
0 0.2765625 0.81484375 0.01328125 0.03046875
0 0.2375 0.7515625 0.01796875 0.02421875
0 0.14921875 0.678125 0.015625 0.02578125
0 0.121875 0.7546875 0.02109375 0.0234375
0 0.1046875 0.83125 0.02265625 0.028125
0 0.11171875 0.86328125 0.02265625 0.03046875
0 0.1265625 0.87578125 0.01640625 0.0203125
0 0.03515625 0.86875 0.01953125 0.02421875
0 0.09921875 0.9390625 0.02109375 0.02265625