0 0.1765625 0.3140625 0.0171875 0.0421875
0 0.24765625 0.22265625 0.0109375 0.046875
0 0.25703125 0.24140625 0.0125 0.0453125
0 0.25234375 0.15703125 0.0109375 0.04765625
0 0.3109375 0.146875 0.009375 0.04140625
0 0.36875 0.015625 0.009375 0.03125
0 0.3921875 0.1671875 0.00703125 0.0453125
0 0.40546875 0.1421875 0.0078125 0.028125
0 0.41015625 0.175 0.0078125 0.04765625
0 0.5546875 0.29296875 0.01171875 0.05078125
0 0.575 0.29765625 0.01015625 0.0359375
0 0.5390625 0.36875 0.0140625 0.0515625
0 0.56015625 0.4 0.0125 0.0484375
0 0.578125 0.3953125 0.01015625 0.05078125
0 0.6 0.35859375 0.01015625 0.04140625
0 0.63359375 0.38125 0.0140625 0.034375
0 0.5640625 0.47890625 0.0140625 0.040625
0 0.534375 0.5125 0.0265625 0.03515625
0 0.50703125 0.56171875 0.0109375 0.04609375
0 0.60546875 0.56328125 0.01484375 0.05
0 0.5953125 0.6171875 0.0171875 0.040625
0 0.64609375 0.55234375 0.015625 0.05078125
0 0.68046875 0.54296875 0.021875 0.04140625
0 0.684375 0.58203125 0.0203125 0.0359375
0 0.7578125 0.528125 0.01796875 0.04609375
0 0.7859375 0.52421875 0.01796875 0.046875
0 0.6296875 0.7109375 0.01875 0.0453125
0 0.61640625 0.84453125 0.01875 0.05625
0 0.66953125 0.8078125 0.01875 0.05390625
0 0.65390625 0.8546875 0.02265625 0.04296875
0 0.69453125 0.88125 0.02421875 0.05
0 0.71796875 0.83671875 0.0203125 0.04609375
0 0.615625 0.48046875 0.034375 0.05078125
0 0.5796875 0.01640625 0.00703125 0.0328125
0 0.5875 0.0171875 0.00859375 0.034375
0 0.58359375 0.03828125 0.00625 0.03671875
0 0.65703125 0.5421875 0.0140625 0.0390625
0 0.6125 0.7046875 0.0140625 0.04609375
0 0.690625 0.70234375 0.01796875 0.04140625
0 0.73203125 0.64375 0.01875 0.04375
0 0.77578125 0.80625 0.0234375 0.03515625
0 0.834375 0.73515625 0.0203125 0.0421875
0 0.39609375 0.009375 0.0078125 0.01875