0 0.2171875 0.4375 0.01328125 0.03984375
0 0.2765625 0.34140625 0.0125 0.040625
0 0.29453125 0.35234375 0.0125 0.04453125
0 0.2734375 0.2625 0.01171875 0.046875
0 0.309375 0.2453125 0.00859375 0.0375
0 0.41875 0.27578125 0.0078125 0.04296875
0 0.43203125 0.2546875 0.00703125 0.03359375
0 0.43671875 0.2859375 0.0078125 0.04453125
0 0.553125 0.38203125 0.01015625 0.03828125
0 0.56875 0.3453125 0.009375 0.0390625
0 0.57578125 0.35703125 0.00859375 0.03125
0 0.56484375 0.3703125 0.0125 0.034375
0 0.60703125 0.37421875 0.0140625 0.04765625
0 0.5890625 0.425 0.01015625 0.0375
0 0.6375 0.45390625 0.0203125 0.040625
0 0.64921875 0.4421875 0.01484375 0.04375
0 0.66875 0.43203125 0.015625 0.03515625
0 0.55859375 0.50234375 0.0109375 0.0375
0 0.55234375 0.5375 0.01015625 0.03203125
0 0.49296875 0.53984375 0.0140625 0.03359375
0 0.584375 0.6234375 0.0234375 0.03515625
0 0.609375 0.596875 0.01484375 0.0296875
0 0.63359375 0.5875 0.015625 0.03203125
0 0.66015625 0.57890625 0.01640625 0.0359375
0 0.65 0.6203125 0.01328125 0.03359375
0 0.60703125 0.70546875 0.0125 0.03359375
0 0.62734375 0.721875 0.0125 0.04375
0 0.6671875 0.66953125 0.01796875 0.0375
0 0.6328125 0.815625 0.0140625 0.04453125
0 0.7 0.76484375 0.01796875 0.0375
0 0.74765625 0.62890625 0.02109375 0.02734375
0 0.7578125 0.58125 0.02265625 0.03359375
0 0.709375 0.87578125 0.0171875 0.05078125
0 0.6796875 0.884375 0.0171875 0.02890625
0 0.39296875 0.096875 0.00859375 0.0328125
0 0.39375 0.08046875 0.00859375 0.03515625
0 0.415625 0.0796875 0.00703125 0.0390625
0 0.6 0.1453125 0.01015625 0.0203125
0 0.6 0.07421875 0.00625 0.03125
0 0.60703125 0.07265625 0.00625 0.034375
0 0.79921875 0.91953125 0.01875 0.04453125
0 0.79765625 0.70625 0.01796875 0.03046875
0 0.6484375 0.803125 0.01328125 0.0328125