0 0.68984375 0.5921875 0.01015625 0.01171875
0 0.65234375 0.70703125 0.01328125 0.01953125
0 0.928125 0.67734375 0.0234375 0.01953125
0 0.353125 0.51796875 0.01171875 0.0171875
0 0.60078125 0.08203125 0.0140625 0.02890625
0 0.646875 0.01015625 0.00703125 0.01953125
0 0.8234375 0.096875 0.0140625 0.02421875
0 0.778125 0.16171875 0.01171875 0.01875
0 0.759375 0.184375 0.009375 0.02421875
0 0.8734375 0.14140625 0.01015625 0.02109375
0 0.85859375 0.21171875 0.0125 0.0375
0 0.8328125 0.23125 0.01796875 0.01328125
0 0.84921875 0.24453125 0.0171875 0.0296875
0 0.85625 0.31953125 0.01640625 0.01953125
0 0.77109375 0.30546875 0.01328125 0.02265625