0 0.96953125 0.69765625 0.04453125 0.06171875
0 0.80390625 0.78359375 0.0359375 0.05234375
0 0.66875 0.8015625 0.03359375 0.065625
0 0.71328125 0.834375 0.03828125 0.07265625
0 0.75078125 0.87578125 0.0328125 0.05859375
0 0.16171875 0.90625 0.04609375 0.07421875
0 0.73125 0.9078125 0.03125 0.06953125
0 0.13984375 0.96484375 0.053125 0.06171875
0 0.44765625 0.39375 0.02578125 0.0703125
0 0.41875 0.3953125 0.02890625 0.07109375
0 0.38359375 0.40234375 0.03125 0.0703125
0 0.96953125 0.45234375 0.04609375 0.05859375