0 0.32890625 0.3625 0.03125 0.0359375
0 0.246875 0.478125 0.03203125 0.03671875
0 0.27890625 0.584375 0.03359375 0.0359375
0 0.42109375 0.6921875 0.02109375 0.046875
0 0.53359375 0.6703125 0.0203125 0.0375
0 0.52734375 0.51875 0.02265625 0.04375
0 0.4515625 0.43203125 0.04453125 0.03671875
0 0.45546875 0.30546875 0.01953125 0.0578125
0 0.5984375 0.38984375 0.02421875 0.0453125
0 0.6875 0.26796875 0.02578125 0.05546875
0 0.68515625 0.5203125 0.0296875 0.03359375
0 0.68203125 0.6796875 0.03125 0.0359375