0 0.9171875 0.6109375 0.021875 0.015625
0 0.68046875 0.58515625 0.009375 0.021875
0 0.65546875 0.71484375 0.01328125 0.015625
0 0.35703125 0.58984375 0.01015625 0.021875
0 0.62109375 0.03515625 0.01171875 0.0296875
0 0.5828125 0.11875 0.009375 0.02734375
0 0.75625 0.26484375 0.0140625 0.01640625
0 0.734375 0.178125 0.0140625 0.0234375
0 0.7140625 0.1578125 0.01328125 0.025
0 0.7984375 0.1546875 0.0125 0.02421875
0 0.81953125 0.184375 0.009375 0.025
0 0.83046875 0.11640625 0.00625 0.01796875
0 0.81484375 0.2703125 0.0171875 0.01953125
0 0.78125 0.09453125 0.0125 0.02109375
0 0.7828125 0.228125 0.01171875 0.0265625