0 0.9265625 0.50546875 0.03984375 0.0359375
0 0.45546875 0.5734375 0.025 0.0515625
0 0.396875 0.57578125 0.028125 0.05546875
0 0.4328125 0.578125 0.02421875 0.0546875
0 0.1421875 0.71484375 0.03984375 0.046875
0 0.121875 0.76484375 0.04296875 0.06015625
0 0.78828125 0.88984375 0.03359375 0.06484375
0 0.728125 0.89453125 0.04375 0.078125
0 0.69453125 0.8984375 0.0390625 0.07265625
0 0.75546875 0.92890625 0.03125 0.05390625
0 0.753125 0.97109375 0.03125 0.0578125
0 0.9390625 0.290625 0.0421875 0.06015625