0 0.7984375 0.10078125 0.0078125 0.0171875
0 0.73359375 0.0796875 0.01015625 0.0265625
0 0.74453125 0.13046875 0.015625 0.02421875
0 0.78046875 0.15078125 0.01328125 0.021875
0 0.778125 0.25546875 0.0140625 0.025
0 0.740625 0.2421875 0.0125 0.01875
0 0.7328125 0.228125 0.00859375 0.02890625
0 0.68515625 0.19453125 0.01015625 0.01328125
0 0.66328125 0.14609375 0.01171875 0.02265625
0 0.59140625 0.03046875 0.00703125 0.025
0 0.546875 0.1390625 0.01171875 0.028125
0 0.8984375 0.60859375 0.021875 0.0140625
0 0.65234375 0.59375 0.0078125 0.021875
0 0.64765625 0.7265625 0.00859375 0.01953125
0 0.315625 0.61328125 0.01171875 0.02109375
0 0.2609375 0.0359375 0.01015625 0.02578125