0 0.1609375 0.6875 0.021875 0.03828125
0 0.18515625 0.72265625 0.0171875 0.04140625
0 0.42734375 0.75234375 0.009375 0.06328125
0 0.534375 0.940625 0.0171875 0.03203125
0 0.56484375 0.90703125 0.0140625 0.028125
0 0.61640625 0.9265625 0.02890625 0.04609375
0 0.61640625 0.83828125 0.01640625 0.04609375
0 0.63671875 0.809375 0.01875 0.0375
0 0.646875 0.90390625 0.0234375 0.0453125
0 0.4734375 0.76875 0.01171875 0.02578125
0 0.48203125 0.6328125 0.01328125 0.040625
0 0.52890625 0.6421875 0.0109375 0.02421875
0 0.5234375 0.66640625 0.0140625 0.02734375
0 0.36015625 0.5671875 0.0109375 0.03515625
0 0.34140625 0.5953125 0.01171875 0.0453125
0 0.3625 0.60859375 0.01328125 0.04921875
0 0.16796875 0.58046875 0.02265625 0.03671875
0 0.1890625 0.51015625 0.01328125 0.0390625
0 0.309375 0.315625 0.01171875 0.03125
0 0.31171875 0.30078125 0.0109375 0.034375
0 0.3046875 0.278125 0.00703125 0.01953125
0 0.33828125 0.290625 0.0078125 0.0453125
0 0.24140625 0.0921875 0.01015625 0.03359375
0 0.26953125 0.075 0.0109375 0.0296875
0 0.36015625 0.115625 0.0125 0.0359375
0 0.36484375 0.08984375 0.00859375 0.0328125
0 0.3578125 0.07578125 0.00703125 0.03515625
0 0.3421875 0.04765625 0.0078125 0.03359375
0 0.39921875 0.08515625 0.00625 0.03984375
0 0.4109375 0.078125 0.00859375 0.034375
0 0.42109375 0.07890625 0.00625 0.03359375
0 0.4234375 0.05078125 0.00703125 0.03359375
0 0.50703125 0.00625 0.00625 0.0125
0 0.51328125 0.0078125 0.0046875 0.015625
0 0.55703125 0.0328125 0.00390625 0.0359375
0 0.56015625 0.02421875 0.00390625 0.03125
0 0.56484375 0.03828125 0.00625 0.03984375
0 0.5765625 0.028125 0.0078125 0.03828125
0 0.5390625 0.08046875 0.0078125 0.02109375
0 0.6140625 0.1046875 0.00546875 0.03515625
0 0.61875 0.1125 0.00625 0.0375
0 0.64765625 0.0078125 0.00625 0.01484375
0 0.55078125 0.2421875 0.00703125 0.03984375
0 0.5578125 0.24140625 0.00703125 0.03984375
0 0.553125 0.31015625 0.00859375 0.03359375
0 0.5796875 0.371875 0.0140625 0.02890625
0 0.5953125 0.3921875 0.0140625 0.03515625
0 0.55546875 0.5171875 0.00859375 0.0421875
0 0.53046875 0.5203125 0.009375 0.03984375
0 0.51796875 0.56640625 0.01328125 0.046875
0 0.49765625 0.5703125 0.01171875 0.03984375
0 0.603125 0.97734375 0.01953125 0.034375
0 0.60078125 0.72421875 0.0109375 0.03671875
0 0.08046875 0.85625 0.021875 0.03359375
0 0.446875 0.7234375 0.01484375 0.021875