0 0.91328125 0.47421875 0.04609375 0.05078125
0 0.921875 0.69765625 0.040625 0.04140625
0 0.7640625 0.6984375 0.0328125 0.05625
0 0.62890625 0.71484375 0.03203125 0.06171875
0 0.6796875 0.765625 0.02890625 0.05625
0 0.7125 0.79140625 0.034375 0.071875
0 0.68828125 0.82578125 0.03125 0.05234375
0 0.18046875 0.8890625 0.0328125 0.06484375
0 0.16171875 0.9359375 0.04140625 0.05703125
0 0.4078125 0.33125 0.0265625 0.06953125
0 0.4328125 0.33203125 0.0234375 0.06796875
0 0.3734375 0.3390625 0.0265625 0.06484375