0 0.04296875 0.27890625 0.025 0.01875
0 0.378125 0.196875 0.009375 0.03046875
0 0.378125 0.1625 0.00703125 0.0203125
0 0.35 0.265625 0.01171875 0.02109375
0 0.33515625 0.3359375 0.01484375 0.021875
0 0.32578125 0.3453125 0.01328125 0.01796875
0 0.3140625 0.43671875 0.0125 0.01953125
0 0.3265625 0.45390625 0.01328125 0.0203125
0 0.4484375 0.34765625 0.01171875 0.0140625
0 0.4453125 0.3609375 0.0125 0.01640625
0 0.49921875 0.30625 0.009375 0.021875
0 0.525 0.27109375 0.01171875 0.02109375
0 0.53203125 0.24921875 0.00859375 0.01953125
0 0.54296875 0.25390625 0.0078125 0.0171875
0 0.55078125 0.26328125 0.009375 0.0171875
0 0.4078125 0.4296875 0.01328125 0.01796875
0 0.40625 0.45390625 0.00859375 0.01875
0 0.40078125 0.47734375 0.009375 0.0203125
0 0.421875 0.46015625 0.01953125 0.0140625
0 0.42265625 0.4828125 0.00859375 0.0171875
0 0.41796875 0.5015625 0.01328125 0.01640625
0 0.490625 0.57421875 0.0109375 0.0265625
0 0.19609375 0.896875 0.015625 0.021875
0 0.02734375 0.24921875 0.02421875 0.0234375
0 0.35390625 0.6375 0.01171875 0.01796875
0 0.478125 0.71328125 0.009375 0.0234375
0 0.48671875 0.72890625 0.0078125 0.02265625
0 0.4953125 0.72890625 0.0078125 0.01875
0 0.63125 0.521875 0.01171875 0.01640625
0 0.6328125 0.5546875 0.009375 0.01875
0 0.61953125 0.59375 0.0125 0.025
0 0.75546875 0.6625 0.0140625 0.0171875
0 0.87734375 0.40546875 0.01953125 0.01640625
0 0.88046875 0.41953125 0.01875 0.0234375
0 0.6375 0.87578125 0.01171875 0.02578125
0 0.64765625 0.8828125 0.0109375 0.0265625
0 0.66328125 0.89296875 0.0109375 0.0203125
0 0.6515625 0.8609375 0.01484375 0.025
0 0.65234375 0.8375 0.01328125 0.021875
0 0.6609375 0.85234375 0.0109375 0.01796875