0 0.09765625 0.47265625 0.0296875 0.04140625
0 0.3671875 0.340625 0.01953125 0.0375
0 0.32265625 0.47109375 0.0328125 0.03828125
0 0.34296875 0.578125 0.02421875 0.0265625
0 0.5328125 0.5390625 0.01640625 0.0375
0 0.68984375 0.4796875 0.021875 0.0359375
0 0.7421875 0.2921875 0.02578125 0.04609375
0 0.5609375 0.2609375 0.0296875 0.04375
0 0.48046875 0.3140625 0.0171875 0.06484375
0 0.44609375 0.7328125 0.02734375 0.0390625
0 0.57109375 0.70234375 0.025 0.040625
0 0.74921875 0.74296875 0.03359375 0.03125