0 0.0125 0.75859375 0.0171875 0.0203125
0 0.10546875 0.678125 0.021875 0.0203125
0 0.13203125 0.63125 0.01875 0.015625
0 0.1359375 0.6421875 0.01953125 0.01875
0 0.22890625 0.7109375 0.0171875 0.01640625
0 0.259375 0.6828125 0.01796875 0.01640625
0 0.240625 0.690625 0.01953125 0.01875
0 0.22734375 0.69296875 0.01015625 0.01953125
0 0.309375 0.696875 0.01171875 0.01953125
0 0.25390625 0.94921875 0.01875 0.03125
0 0.259375 0.9625 0.01328125 0.0296875
0 0.278125 0.965625 0.0171875 0.02890625
0 0.35546875 0.9390625 0.0109375 0.01953125
0 0.35859375 0.925 0.01171875 0.0234375
0 0.39375 0.92109375 0.0125 0.0171875
0 0.390625 0.9046875 0.00703125 0.01875
0 0.3984375 0.89375 0.01484375 0.02265625
0 0.39453125 0.84921875 0.01484375 0.021875
0 0.4015625 0.82734375 0.01484375 0.02265625
0 0.33359375 0.815625 0.01171875 0.01640625
0 0.34453125 0.82109375 0.01171875 0.02109375
0 0.4265625 0.83203125 0.00859375 0.01640625
0 0.43671875 0.85859375 0.01171875 0.02578125
0 0.40078125 0.99453125 0.01015625 0.01015625
0 0.43125 0.98984375 0.0109375 0.01953125
0 0.56484375 0.97578125 0.0140625 0.03046875
0 0.92421875 0.98828125 0.0125 0.015625
0 0.940625 0.99296875 0.01015625 0.01328125
0 0.99453125 0.98984375 0.0109375 0.0171875
0 0.92734375 0.8890625 0.01328125 0.0171875
0 0.9390625 0.8859375 0.01015625 0.01953125
0 0.94453125 0.90859375 0.01015625 0.01953125
0 0.93203125 0.9234375 0.0109375 0.01875
0 0.91875 0.91328125 0.0109375 0.01484375
0 0.92421875 0.62734375 0.01640625 0.01796875
0 0.98828125 0.24296875 0.0234375 0.01640625
0 0.98984375 0.2609375 0.01953125 0.02734375
0 0.8921875 0.215625 0.0203125 0.02421875
0 0.75703125 0.078125 0.0109375 0.02109375
0 0.74140625 0.07578125 0.01171875 0.02421875
0 0.7390625 0.09921875 0.01328125 0.01796875
0 0.746875 0.11875 0.0125 0.02421875
0 0.67578125 0.07734375 0.01171875 0.02109375
0 0.68359375 0.09765625 0.0125 0.0203125
0 0.69375 0.08046875 0.01328125 0.01953125
0 0.675 0.16484375 0.0109375 0.021875
0 0.6203125 0.1609375 0.0125 0.03671875
0 0.62890625 0.16796875 0.015625 0.0328125
0 0.63515625 0.18671875 0.02421875 0.03359375
0 0.63046875 0.02734375 0.01171875 0.0265625
0 0.6171875 0.03359375 0.01484375 0.03203125
0 0.55546875 0.015625 0.0109375 0.03125
0 0.56484375 0.01875 0.01015625 0.0375
0 0.5328125 0.08515625 0.01484375 0.03046875
0 0.51953125 0.07890625 0.0109375 0.0234375
0 0.553125 0.16953125 0.01328125 0.02578125
0 0.559375 0.153125 0.01171875 0.02734375
0 0.5734375 0.16015625 0.01875 0.0390625
0 0.57890625 0.17109375 0.015625 0.0265625
0 0.46953125 0.184375 0.01328125 0.0203125
0 0.47578125 0.20546875 0.015625 0.01875
0 0.4734375 0.22578125 0.01328125 0.0234375
0 0.46328125 0.24609375 0.00859375 0.02109375
0 0.45546875 0.184375 0.0125 0.021875
0 0.425 0.23203125 0.015625 0.028125
0 0.415625 0.2203125 0.01640625 0.028125
0 0.50234375 0.27734375 0.01015625 0.01953125
0 0.496875 0.30546875 0.0109375 0.0359375
0 0.5125 0.34765625 0.009375 0.025
0 0.52578125 0.34921875 0.0140625 0.025
0 0.52890625 0.37109375 0.0125 0.0265625
0 0.51796875 0.384375 0.0109375 0.0234375
0 0.50625 0.371875 0.01484375 0.02421875
0 0.48359375 0.36484375 0.009375 0.01484375
0 0.48984375 0.4015625 0.01015625 0.0171875
0 0.45859375 0.37265625 0.0171875 0.02265625
0 0.44296875 0.425 0.0140625 0.02578125
0 0.42265625 0.4390625 0.01484375 0.015625
0 0.4390625 0.453125 0.01484375 0.021875
0 0.47890625 0.4734375 0.01328125 0.0234375
0 0.49296875 0.490625 0.01953125 0.01796875
0 0.38984375 0.4421875 0.0109375 0.0203125
0 0.38203125 0.45703125 0.01171875 0.01953125
0 0.39375 0.4734375 0.015625 0.021875
0 0.3671875 0.50390625 0.01171875 0.01640625
0 0.346875 0.5015625 0.0125 0.021875
0 0.34296875 0.534375 0.0109375 0.02109375
0 0.3484375 0.54140625 0.02109375 0.0328125
0 0.34609375 0.57265625 0.0125 0.021875
0 0.328125 0.559375 0.0109375 0.01875
0 0.34921875 0.41328125 0.01484375 0.02109375
0 0.3625 0.41640625 0.0109375 0.01796875
0 0.375 0.33984375 0.0109375 0.0203125
0 0.47734375 0.43125 0.01015625 0.0234375
0 0.4984375 0.4703125 0.0109375 0.0203125
0 0.59765625 0.296875 0.01484375 0.02265625
0 0.60625 0.28046875 0.01171875 0.015625
0 0.59453125 0.27734375 0.0078125 0.01796875
0 0.65078125 0.25 0.0125 0.0265625
0 0.6609375 0.25703125 0.00859375 0.02421875
0 0.6640625 0.29453125 0.01171875 0.02109375
0 0.61875 0.43515625 0.0125 0.0203125
0 0.61328125 0.4546875 0.0125 0.01796875
0 0.61640625 0.47109375 0.01171875 0.01953125
0 0.628125 0.46328125 0.00859375 0.01640625
0 0.6390625 0.43984375 0.01328125 0.01640625
0 0.74296875 0.26796875 0.01171875 0.028125
0 0.75234375 0.2609375 0.01015625 0.0265625
0 0.73828125 0.315625 0.01171875 0.02578125
0 0.74765625 0.42265625 0.01328125 0.02578125
0 0.73984375 0.45703125 0.0125 0.021875
0 0.709375 0.4671875 0.01171875 0.01796875
0 0.7875 0.28828125 0.0109375 0.015625
0 0.796875 0.29609375 0.01171875 0.021875
0 0.7984375 0.32734375 0.01171875 0.0171875
0 0.78828125 0.3359375 0.01171875 0.0234375
0 0.8203125 0.35703125 0.00859375 0.0234375
0 0.8171875 0.67109375 0.01640625 0.01875
0 0.9734375 0.753125 0.0203125 0.01796875
0 0.97890625 0.78671875 0.0140625 0.02578125
0 0.68671875 0.56953125 0.009375 0.021875
0 0.69609375 0.565625 0.01015625 0.0234375
0 0.703125 0.58671875 0.01171875 0.0171875
0 0.63046875 0.59140625 0.01015625 0.0296875
0 0.60625 0.62578125 0.01015625 0.02265625
0 0.6140625 0.60390625 0.009375 0.03515625
0 0.60859375 0.6109375 0.01328125 0.0265625
0 0.64296875 0.59453125 0.0125 0.01875
0 0.584375 0.62421875 0.01328125 0.0203125
0 0.57890625 0.61015625 0.0078125 0.0140625
0 0.4953125 0.5984375 0.009375 0.02734375
0 0.50546875 0.59375 0.0078125 0.0171875
0 0.5125 0.59765625 0.01015625 0.0203125
0 0.51953125 0.60703125 0.0125 0.0265625
0 0.53046875 0.6109375 0.01328125 0.021875
0 0.5703125 0.60234375 0.009375 0.01953125
0 0.6234375 0.61640625 0.01015625 0.01484375
0 0.64296875 0.58125 0.01015625 0.01328125
0 0.66640625 0.6828125 0.009375 0.02890625
0 0.67734375 0.68984375 0.0109375 0.015625
0 0.6578125 0.709375 0.01015625 0.02109375
0 0.6453125 0.71328125 0.00859375 0.0234375
0 0.6375 0.69140625 0.0109375 0.025
0 0.6671875 0.728125 0.01640625 0.0203125
0 0.66640625 0.74921875 0.01015625 0.0171875
0 0.684375 0.76640625 0.01015625 0.01953125
0 0.690625 0.78671875 0.01171875 0.0203125
0 0.68515625 0.79921875 0.009375 0.0296875
0 0.65859375 0.796875 0.0109375 0.03828125
0 0.6453125 0.78984375 0.0125 0.01953125
0 0.646875 0.81328125 0.0125 0.021875
0 0.63203125 0.82109375 0.015625 0.0421875
0 0.63203125 0.85 0.0109375 0.0171875
0 0.61953125 0.82890625 0.015625 0.01796875
0 0.58515625 0.81875 0.01640625 0.0203125
0 0.58984375 0.8 0.01015625 0.0203125
0 0.5984375 0.7921875 0.00859375 0.01640625
0 0.60859375 0.80859375 0.0109375 0.0203125
0 0.59140625 0.8421875 0.0109375 0.02265625
0 0.60234375 0.8453125 0.009375 0.01875
0 0.55546875 0.81484375 0.01171875 0.02109375
0 0.5390625 0.80859375 0.01171875 0.0421875
0 0.53359375 0.7828125 0.0125 0.01640625
0 0.54921875 0.78203125 0.00859375 0.025
0 0.55703125 0.7765625 0.00859375 0.021875
0 0.56875 0.7890625 0.01015625 0.01484375
0 0.56484375 0.8046875 0.01015625 0.01875
0 0.609375 0.7734375 0.009375 0.02109375
0 0.62421875 0.75703125 0.0171875 0.0203125
0 0.6265625 0.740625 0.0140625 0.015625
0 0.61484375 0.7203125 0.01171875 0.025
0 0.59296875 0.740625 0.01015625 0.02109375
0 0.57421875 0.74375 0.01015625 0.01796875
0 0.5390625 0.75078125 0.0109375 0.02421875
0 0.52265625 0.76015625 0.01015625 0.01953125
0 0.5078125 0.771875 0.01015625 0.028125
0 0.48515625 0.79609375 0.009375 0.02109375
0 0.46953125 0.7328125 0.015625 0.02421875
0 0.46875 0.7125 0.01015625 0.01953125
0 0.45859375 0.721875 0.009375 0.01484375
0 0.4578125 0.74765625 0.0109375 0.02421875
0 0.428125 0.6890625 0.009375 0.02265625
0 0.43359375 0.67109375 0.01171875 0.021875
0 0.44609375 0.678125 0.015625 0.02265625
0 0.44296875 0.66484375 0.0125 0.02109375
0 0.40625 0.74296875 0.0171875 0.025
0 0.36328125 0.65234375 0.009375 0.02109375
0 0.35703125 0.6703125 0.0078125 0.0375
0 0.36875 0.6765625 0.0109375 0.02734375
0 0.37734375 0.66484375 0.009375 0.02109375
0 0.34296875 0.628125 0.0171875 0.03515625
0 0.39140625 0.615625 0.0109375 0.01875
0 0.403125 0.6078125 0.009375 0.01875
0 0.41484375 0.6203125 0.0125 0.028125
0 0.4375 0.60703125 0.01171875 0.0203125
0 0.45234375 0.61015625 0.01171875 0.02265625
0 0.43515625 0.525 0.009375 0.0203125
0 0.44453125 0.53203125 0.009375 0.0140625
0 0.46953125 0.55546875 0.0109375 0.0265625
0 0.478125 0.5609375 0.00859375 0.025
0 0.4859375 0.56328125 0.009375 0.028125
0 0.47109375 0.7484375 0.0109375 0.01484375
0 0.70234375 0.61328125 0.01484375 0.01953125
0 0.6296875 0.2984375 0.009375 0.0140625
0 0.621875 0.3578125 0.01875 0.0390625
0 0.63671875 0.359375 0.009375 0.01953125
0 0.64453125 0.28984375 0.01015625 0.02265625
0 0.22578125 0.5375 0.0171875 0.01796875
0 0.34296875 0.646875 0.01796875 0.01875
0 0.3921875 0.35234375 0.0125 0.01875
0 0.49140625 0.27578125 0.0109375 0.021875
0 0.4453125 0.34609375 0.0078125 0.01640625
0 0.43203125 0.42734375 0.0109375 0.02109375
0 0.453125 0.209375 0.01328125 0.021875
0 0.6640625 0.271875 0.02265625 0.0359375
0 0.45703125 0.23671875 0.0109375 0.02734375
0 0.38359375 0.71328125 0.0140625 0.02578125