0 0.053125 0.21015625 0.0265625 0.02578125
0 0.753125 0.68671875 0.0171875 0.028125
0 0.49765625 0.26171875 0.01484375 0.025
0 0.70703125 0.18671875 0.015625 0.03125
0 0.68828125 0.18515625 0.02109375 0.0390625
0 0.459375 0.2421875 0.01171875 0.025
0 0.6296875 0.7578125 0.0125 0.03046875
0 0.45859375 0.27109375 0.01015625 0.02109375
0 0.59609375 0.703125 0.01171875 0.028125
0 0.55625 0.6515625 0.01328125 0.0234375
0 0.63046875 0.8046875 0.01796875 0.03515625
0 0.6453125 0.80546875 0.01484375 0.03359375
0 0.66171875 0.77421875 0.01796875 0.02578125
0 0.67109375 0.75703125 0.01953125 0.01953125
0 0.68359375 0.74921875 0.0125 0.02734375