0 0.06171875 0.40625 0.02890625 0.0453125
0 0.16484375 0.32734375 0.01875 0.059375
0 0.15625 0.28984375 0.01640625 0.03203125
0 0.25625 0.22109375 0.01953125 0.0609375
0 0.27890625 0.21484375 0.01328125 0.05625
0 0.4015625 0.1578125 0.01328125 0.05234375
0 0.4046875 0.1421875 0.0109375 0.0578125
0 0.4171875 0.15234375 0.01171875 0.0640625
0 0.3390625 0.01796875 0.009375 0.0359375
0 0.36328125 0.00859375 0.0078125 0.0171875
0 0.56875 0.021875 0.0109375 0.04296875
0 0.67578125 0.14609375 0.01171875 0.0484375
0 0.68125 0.121875 0.01015625 0.0265625
0 0.6890625 0.134375 0.01484375 0.05234375
0 0.765625 0.63828125 0.02421875 0.059375
0 0.75390625 0.76328125 0.0328125 0.07890625
0 0.6859375 0.7609375 0.021875 0.07265625
0 0.69453125 0.8046875 0.0265625 0.06015625
0 0.72421875 0.82734375 0.02734375 0.05078125
0 0.63125 0.82421875 0.0234375 0.0578125
0 0.64609375 0.84140625 0.01875 0.059375
0 0.634375 0.8765625 0.0234375 0.05078125
0 0.56640625 0.84453125 0.02265625 0.053125
0 0.6765625 0.971875 0.028125 0.0484375
0 0.76015625 0.9875 0.03671875 0.02421875
0 0.84921875 0.90390625 0.03515625 0.071875
0 0.59609375 0.7265625 0.0265625 0.04765625