0 0.0421875 0.35703125 0.0234375 0.0171875
0 0.02578125 0.33125 0.025 0.0203125
0 0.35625 0.2046875 0.0109375 0.0265625
0 0.33359375 0.2765625 0.0109375 0.01640625
0 0.3234375 0.35234375 0.01484375 0.02109375
0 0.31484375 0.36328125 0.0125 0.0171875
0 0.3078125 0.45078125 0.0125 0.02265625
0 0.32265625 0.46875 0.0109375 0.01875
0 0.47890625 0.2859375 0.00859375 0.01796875
0 0.5 0.25078125 0.0109375 0.0234375
0 0.50703125 0.2296875 0.00859375 0.0203125
0 0.51796875 0.22890625 0.00859375 0.01875
0 0.5265625 0.23984375 0.0109375 0.015625
0 0.4328125 0.34140625 0.0109375 0.01484375
0 0.4296875 0.35390625 0.0125 0.015625
0 0.3984375 0.4265625 0.0125 0.01640625
0 0.41328125 0.45390625 0.01796875 0.0140625
0 0.39765625 0.4515625 0.00859375 0.01875
0 0.39375 0.475 0.009375 0.01875
0 0.415625 0.47578125 0.0078125 0.0171875
0 0.4125 0.49375 0.01171875 0.015625
0 0.484375 0.5546875 0.01015625 0.03515625
0 0.35546875 0.62734375 0.0109375 0.02265625
0 0.2203125 0.91875 0.015625 0.02578125
0 0.48125 0.684375 0.009375 0.021875
0 0.490625 0.69765625 0.0078125 0.02109375
0 0.49765625 0.69609375 0.00859375 0.0171875
0 0.6171875 0.4703125 0.0109375 0.01484375
0 0.6203125 0.5015625 0.009375 0.0171875
0 0.6109375 0.5421875 0.01171875 0.021875
0 0.74375 0.578125 0.0140625 0.01484375
0 0.521875 0.965625 0.00859375 0.03125
0 0.65546875 0.76796875 0.01328125 0.02265625
0 0.6640625 0.78046875 0.0109375 0.01640625
0 0.65546875 0.790625 0.01484375 0.02265625
0 0.64296875 0.80859375 0.0125 0.021875
0 0.65390625 0.8125 0.01171875 0.02578125
0 0.66796875 0.8203125 0.0125 0.02265625
0 0.81875 0.91328125 0.01640625 0.02421875
0 0.79453125 0.90625 0.01875 0.02109375
0 0.85234375 0.89453125 0.01953125 0.0265625
0 0.84375 0.99609375 0.025 0.0078125
0 0.8453125 0.30625 0.01875 0.0171875
0 0.84921875 0.32109375 0.01796875 0.025