0 0.79765625 0.27109375 0.00703125 0.01484375
0 0.69375 0.2421875 0.01171875 0.02421875
0 0.6421875 0.27734375 0.00859375 0.02109375
0 0.6515625 0.453125 0.009375 0.01796875
0 0.59921875 0.39453125 0.009375 0.02109375
0 0.525 0.2546875 0.0109375 0.02265625
0 0.503125 0.32109375 0.00703125 0.01875
0 0.459375 0.24375 0.009375 0.02109375
0 0.41484375 0.39765625 0.01015625 0.025
0 0.39296875 0.37890625 0.01484375 0.01953125
0 0.378125 0.2109375 0.01015625 0.025
0 0.325 0.2515625 0.0109375 0.0203125
0 0.88984375 0.7328125 0.01875 0.0140625
0 0.65390625 0.8140625 0.0140625 0.01484375
0 0.596875 0.6859375 0.01015625 0.015625
0 0.3703125 0.72734375 0.0109375 0.0140625