0 0.41953125 0.97265625 0.00859375 0.0328125
0 0.309375 0.9546875 0.015625 0.025
0 0.34609375 0.86484375 0.009375 0.02578125
0 0.38671875 0.77890625 0.01171875 0.0296875
0 0.2625 0.92734375 0.01796875 0.0265625
0 0.27265625 0.77734375 0.0140625 0.02265625
0 0.27734375 0.6921875 0.0140625 0.01796875
0 0.11015625 0.66640625 0.0171875 0.015625
0 0.2609375 0.16953125 0.0140625 0.0234375
0 0.37421875 0.42109375 0.01171875 0.0203125
0 0.4140625 0.3109375 0.0140625 0.01875
0 0.6703125 0.67890625 0.0125 0.02109375