0 0.0515625 0.44921875 0.02421875 0.02109375
0 0.5078125 0.428125 0.01640625 0.021875
0 0.9140625 0.9234375 0.025 0.034375
0 0.69921875 0.89609375 0.0171875 0.0265625
0 0.6109375 0.47109375 0.01015625 0.021875
0 0.72265625 0.88984375 0.021875 0.0328125
0 0.74296875 0.79296875 0.02109375 0.034375
0 0.7296875 0.803125 0.0171875 0.03203125
0 0.7765625 0.40390625 0.0203125 0.025
0 0.81015625 0.41796875 0.02109375 0.0234375
0 0.7796875 0.7078125 0.01640625 0.03203125
0 0.68203125 0.67734375 0.01328125 0.025
0 0.76796875 0.71171875 0.01953125 0.03125
0 0.72421875 0.75546875 0.01796875 0.02578125
0 0.61484375 0.50390625 0.01484375 0.0203125
0 0.8265625 0.41328125 0.01796875 0.01875
0 0.7640625 0.734375 0.01640625 0.03125
0 0.85 0.64765625 0.021875 0.025
0 0.69609375 0.72109375 0.015625 0.02109375
0 0.8640625 0.64453125 0.01796875 0.02109375
0 0.82109375 0.38359375 0.0234375 0.03046875