0 0.21015625 0.43125 0.0125 0.0359375
0 0.26640625 0.34140625 0.0109375 0.04140625
0 0.2796875 0.3578125 0.0125 0.03515625
0 0.26328125 0.27109375 0.0109375 0.04375
0 0.30390625 0.26015625 0.009375 0.03515625
0 0.39765625 0.28359375 0.00703125 0.040625
0 0.4109375 0.26328125 0.009375 0.02890625
0 0.41484375 0.29296875 0.00703125 0.0421875
0 0.52578125 0.403125 0.00859375 0.028125
0 0.53984375 0.365625 0.009375 0.03359375
0 0.55 0.371875 0.0109375 0.025
0 0.5375 0.39296875 0.0078125 0.025
0 0.57734375 0.41171875 0.01171875 0.03828125
0 0.56015625 0.4421875 0.0078125 0.025
0 0.60390625 0.478125 0.01484375 0.03828125
0 0.53046875 0.5046875 0.01328125 0.02578125
0 0.51953125 0.534375 0.009375 0.0234375
0 0.57265625 0.609375 0.0125 0.03515625
0 0.56171875 0.6578125 0.01328125 0.03828125
0 0.58046875 0.70078125 0.0125 0.03515625
0 0.59609375 0.72734375 0.01640625 0.03125
0 0.609375 0.7921875 0.01796875 0.021875
0 0.60859375 0.8171875 0.01328125 0.03203125
0 0.63828125 0.86796875 0.0125 0.0328125
0 0.67421875 0.8640625 0.01484375 0.02734375
0 0.66875 0.76796875 0.01484375 0.04375
0 0.7625 0.9 0.01640625 0.0296875
0 0.721875 0.628125 0.01796875 0.0390625
0 0.734375 0.584375 0.01171875 0.03359375
0 0.59921875 0.60390625 0.01328125 0.04453125
0 0.6296875 0.65234375 0.015625 0.03203125
0 0.6203125 0.621875 0.0125 0.03515625
0 0.63125 0.53046875 0.015625 0.04375
0 0.64609375 0.51796875 0.0140625 0.0421875
0 0.6265625 0.59765625 0.0140625 0.04453125
0 0.56640625 0.1015625 0.00546875 0.03125
0 0.571875 0.103125 0.00625 0.03203125
0 0.56953125 0.159375 0.009375 0.028125
0 0.3734375 0.0984375 0.00859375 0.0203125
0 0.37265625 0.11875 0.00859375 0.03125
0 0.3953125 0.103125 0.00546875 0.03671875
0 0.46953125 0.55234375 0.01015625 0.0296875
0 0.7578125 0.71015625 0.01171875 0.03359375
0 0.61875 0.82421875 0.0078125 0.03125