0 0.15 0.0453125 0.01796875 0.02734375
0 0.44375 0.17421875 0.0078125 0.028125
0 0.446875 0.13828125 0.009375 0.01953125
0 0.40390625 0.20546875 0.00859375 0.02109375
0 0.38828125 0.25 0.01015625 0.0234375
0 0.378125 0.25546875 0.0109375 0.01875
0 0.3625 0.3265625 0.01015625 0.01953125
0 0.35390625 0.3359375 0.01015625 0.01640625
0 0.5234375 0.3140625 0.00859375 0.01640625
0 0.5546875 0.29609375 0.009375 0.015625
0 0.5625 0.28203125 0.00703125 0.0171875
0 0.57109375 0.290625 0.0125 0.0125
0 0.57578125 0.30234375 0.0078125 0.01015625
0 0.47890625 0.31796875 0.009375 0.01484375
0 0.47578125 0.325 0.009375 0.0171875
0 0.43515625 0.36484375 0.0078125 0.0171875
0 0.43046875 0.38125 0.0078125 0.01796875
0 0.42265625 0.4 0.00859375 0.01796875
0 0.44140625 0.39765625 0.01484375 0.01640625
0 0.4390625 0.41484375 0.0078125 0.0140625
0 0.43359375 0.428125 0.0109375 0.0140625
0 0.48671875 0.5171875 0.009375 0.01640625
0 0.3609375 0.53046875 0.009375 0.021875
0 0.4515625 0.63125 0.009375 0.01796875
0 0.46328125 0.65390625 0.00703125 0.015625
0 0.45625 0.64921875 0.00703125 0.01875
0 0.19765625 0.63359375 0.01484375 0.0171875
0 0.0640625 0.72109375 0.01953125 0.0171875
0 0.04375 0.68125 0.01953125 0.01171875
0 0.0359375 0.671875 0.015625 0.009375
0 0.15 0.934375 0.015625 0.021875
0 0.42890625 0.890625 0.009375 0.0234375
0 0.55859375 0.84765625 0.00703125 0.0265625
0 0.56640625 0.85703125 0.0078125 0.0234375
0 0.57734375 0.87265625 0.00703125 0.0171875
0 0.571875 0.8421875 0.01015625 0.02734375
0 0.58203125 0.840625 0.00703125 0.01640625
0 0.5765625 0.8234375 0.0078125 0.0203125
0 0.6859375 0.73515625 0.01015625 0.015625
0 0.60078125 0.58203125 0.00703125 0.01640625
0 0.584375 0.603125 0.00859375 0.0171875
0 0.6046875 0.5546875 0.00859375 0.01484375
0 0.821875 0.5890625 0.015625 0.01171875
0 0.821875 0.60234375 0.0171875 0.0140625
0 0.61328125 0.30078125 0.01171875 0.01875