0 0.4484375 0.471875 0.02421875 0.05703125
0 0.390625 0.4796875 0.0265625 0.06328125
0 0.41953125 0.48359375 0.02578125 0.06328125
0 0.9171875 0.58046875 0.03984375 0.06171875
0 0.15703125 0.7765625 0.03828125 0.06171875
0 0.77421875 0.80625 0.040625 0.0765625
0 0.1375 0.8265625 0.04453125 0.05546875
0 0.6734375 0.828125 0.02890625 0.05859375
0 0.69609375 0.83828125 0.02734375 0.05078125
0 0.73046875 0.8734375 0.0390625 0.05703125
0 0.725 0.9078125 0.03125 0.07265625
0 0.92578125 0.359375 0.04375 0.0484375