0 0.15 0.653125 0.0171875 0.03515625
0 0.21640625 0.525 0.015625 0.0375
0 0.23671875 0.55 0.01484375 0.03984375
0 0.21796875 0.43515625 0.01328125 0.04296875
0 0.24453125 0.39375 0.0125 0.03515625
0 0.371875 0.4484375 0.009375 0.0421875
0 0.38828125 0.42109375 0.01015625 0.0375
0 0.39140625 0.46171875 0.009375 0.04453125
0 0.509375 0.47265625 0.009375 0.03359375
0 0.53359375 0.4640625 0.01171875 0.0296875
0 0.54453125 0.4578125 0.00859375 0.03828125
0 0.56640625 0.45703125 0.01171875 0.03984375
0 0.50546875 0.51640625 0.01484375 0.03828125
0 0.54375 0.5515625 0.01171875 0.04375
0 0.6 0.59765625 0.0109375 0.040625
0 0.56015625 0.62734375 0.0125 0.04140625
0 0.48203125 0.62109375 0.0109375 0.0390625
0 0.49609375 0.66953125 0.01171875 0.03828125
0 0.4421875 0.64609375 0.01171875 0.02734375
0 0.51796875 0.765625 0.01484375 0.040625
0 0.578125 0.7875 0.021875 0.03046875
0 0.60859375 0.81953125 0.01640625 0.03359375
0 0.64453125 0.83515625 0.01484375 0.04375
0 0.66875 0.74140625 0.01875 0.04609375
0 0.68125 0.8046875 0.02578125 0.05390625
0 0.58671875 0.96796875 0.01796875 0.02734375
0 0.5828125 0.9890625 0.015625 0.021875
0 0.7453125 0.91875 0.0234375 0.02578125
0 0.58828125 0.3953125 0.0109375 0.03671875
0 0.615625 0.4046875 0.01015625 0.04140625
0 0.56171875 0.25 0.00859375 0.0359375
0 0.56171875 0.178125 0.00703125 0.03203125
0 0.56796875 0.1765625 0.0078125 0.03671875
0 0.621875 0.06484375 0.00625 0.034375
0 0.61796875 0.0578125 0.00546875 0.034375
0 0.55 0.0375 0.00703125 0.0203125
0 0.4484375 0.015625 0.00546875 0.03046875
0 0.44296875 0.03359375 0.00703125 0.03125
0 0.43359375 0.0328125 0.0078125 0.0328125
0 0.42421875 0.03828125 0.00703125 0.0375
0 0.38515625 0.0296875 0.00625 0.02109375
0 0.384375 0.0515625 0.00703125 0.03125
0 0.38828125 0.06328125 0.009375 0.03359375
0 0.37109375 0.0109375 0.00703125 0.021875
0 0.29609375 0.0296875 0.00859375 0.0265625
0 0.3453125 0.228125 0.0109375 0.03359375
0 0.3390625 0.19765625 0.00625 0.0234375
0 0.34453125 0.2125 0.01015625 0.0390625
0 0.36953125 0.2078125 0.0078125 0.04140625
0 0.58828125 0.9234375 0.01484375 0.02734375
0 0.596875 0.9109375 0.0140625 0.0265625
0 0.6296875 0.73828125 0.0140625 0.0296875