0 0.14609375 0.0875 0.01796875 0.04765625
0 0.15390625 0.09140625 0.015625 0.0484375
0 0.215625 0.0265625 0.0109375 0.0453125
0 0.23125 0.0234375 0.0140625 0.03984375
0 0.3046875 0.0109375 0.01171875 0.021875
0 0.45546875 0.24609375 0.01640625 0.04765625
0 0.48046875 0.19375 0.0125 0.0515625
0 0.44765625 0.36875 0.0125 0.0546875
0 0.46484375 0.3390625 0.0140625 0.06484375
0 0.4921875 0.253125 0.0125 0.0484375
0 0.50625 0.24453125 0.0171875 0.03203125
0 0.51875 0.25859375 0.009375 0.05703125
0 0.52890625 0.24921875 0.0140625 0.0375
0 0.54140625 0.2234375 0.0109375 0.05703125
0 0.55625 0.22578125 0.01171875 0.05
0 0.5796875 0.19765625 0.0125 0.05546875
0 0.5703125 0.23515625 0.015625 0.06953125
0 0.578125 0.2765625 0.0140625 0.06484375
0 0.53125 0.3 0.0171875 0.03515625
0 0.5515625 0.27421875 0.01171875 0.059375
0 0.61015625 0.3125 0.01796875 0.04765625
0 0.63125 0.26796875 0.0109375 0.053125
0 0.628125 0.31484375 0.0125 0.0671875
0 0.67109375 0.33671875 0.0140625 0.034375
0 0.71015625 0.36875 0.02265625 0.0421875
0 0.58671875 0.39296875 0.01875 0.04609375
0 0.5953125 0.46171875 0.025 0.053125
0 0.6171875 0.44765625 0.0171875 0.05390625
0 0.59296875 0.55859375 0.01484375 0.06796875
0 0.63359375 0.5578125 0.0203125 0.03828125
0 0.69140625 0.51875 0.0171875 0.05078125
0 0.67265625 0.55234375 0.02109375 0.0546875
0 0.653125 0.6078125 0.0203125 0.0609375
0 0.7109375 0.66875 0.02265625 0.059375
0 0.696875 0.721875 0.0234375 0.0515625
0 0.90234375 0.4609375 0.0265625 0.0671875
0 0.87421875 0.45625 0.0234375 0.05859375
0 0.83984375 0.51015625 0.02421875 0.0609375
0 0.8765625 0.49609375 0.02421875 0.06328125
0 0.8375 0.5515625 0.02890625 0.07109375
0 0.85 0.6234375 0.02734375 0.06953125
0 0.45078125 0.5984375 0.02109375 0.04921875
0 0.5125 0.903125 0.01640625 0.059375
0 0.52578125 0.9328125 0.01796875 0.03515625