0 0.9171875 0.603125 0.0234375 0.01640625
0 0.66328125 0.575 0.01015625 0.0234375
0 0.6359375 0.71484375 0.01484375 0.01640625
0 0.31640625 0.58046875 0.0109375 0.0234375
0 0.559375 0.075 0.01015625 0.0296875
0 0.74453125 0.23203125 0.01484375 0.0171875
0 0.721875 0.13828125 0.01484375 0.025
0 0.69921875 0.11640625 0.0140625 0.02734375
0 0.78984375 0.11328125 0.01328125 0.0265625
0 0.8125 0.1453125 0.01015625 0.0265625
0 0.82421875 0.07265625 0.00625 0.01953125
0 0.80703125 0.2375 0.01875 0.02109375
0 0.77109375 0.04921875 0.0140625 0.02265625
0 0.77265625 0.1921875 0.0125 0.02890625