0 0.5859375 0.9609375 0.015625 0.03046875
0 0.59921875 0.96875 0.0125 0.040625
0 0.7453125 0.96171875 0.0265625 0.04453125
0 0.671875 0.8296875 0.0296875 0.05234375
0 0.64140625 0.859375 0.025 0.0515625
0 0.61171875 0.8625 0.01640625 0.05078125
0 0.571875 0.821875 0.02109375 0.05078125
0 0.521875 0.809375 0.015625 0.04765625
0 0.6640625 0.75703125 0.0140625 0.0453125
0 0.49140625 0.6921875 0.00859375 0.0359375
0 0.4421875 0.66796875 0.0140625 0.025
0 0.47421875 0.63984375 0.01171875 0.03515625
0 0.60234375 0.6296875 0.0109375 0.04375
0 0.5421875 0.57578125 0.009375 0.0375
0 0.50390625 0.5390625 0.0171875 0.03984375
0 0.55234375 0.6296875 0.01484375 0.02734375
0 0.5078125 0.49375 0.009375 0.02890625
0 0.5328125 0.49140625 0.01171875 0.03125
0 0.5421875 0.4703125 0.009375 0.040625
0 0.5640625 0.46953125 0.0109375 0.03515625
0 0.58828125 0.3921875 0.01171875 0.03671875
0 0.61171875 0.4015625 0.01484375 0.0359375
0 0.384375 0.453125 0.01015625 0.03671875
0 0.38671875 0.49453125 0.01015625 0.0453125
0 0.3671875 0.48203125 0.00859375 0.04375
0 0.228125 0.5890625 0.01484375 0.040625
0 0.20625 0.56171875 0.0171875 0.0375
0 0.2109375 0.46953125 0.0171875 0.0359375
0 0.23359375 0.4203125 0.01328125 0.034375
0 0.1375 0.696875 0.0171875 0.0359375
0 0.334375 0.2171875 0.00703125 0.0203125
0 0.340625 0.23359375 0.00859375 0.0390625
0 0.3390625 0.25 0.0109375 0.03359375
0 0.36484375 0.228125 0.00859375 0.04140625
0 0.29375 0.04296875 0.0109375 0.02578125
0 0.3671875 0.01796875 0.00703125 0.03125
0 0.38125 0.04140625 0.00625 0.021875
0 0.38359375 0.07734375 0.0109375 0.03359375
0 0.38046875 0.05390625 0.00625 0.01484375
0 0.41953125 0.05078125 0.00546875 0.03828125
0 0.43046875 0.0453125 0.0078125 0.0328125
0 0.440625 0.04609375 0.00625 0.03203125
0 0.4453125 0.02421875 0.00546875 0.034375
0 0.54921875 0.0484375 0.0078125 0.0203125
0 0.5734375 0.015625 0.0046875 0.03125
0 0.58359375 0.01015625 0.0078125 0.0203125
0 0.56640625 0.01171875 0.003125 0.02265625
0 0.61796875 0.0703125 0.00546875 0.03359375
0 0.62265625 0.0765625 0.00546875 0.03515625
0 0.5609375 0.19453125 0.00703125 0.03359375
0 0.56640625 0.19375 0.0078125 0.0375
0 0.56171875 0.26640625 0.0078125 0.0359375
0 0.628125 0.75703125 0.01484375 0.02578125