0 0.175 0.50859375 0.01484375 0.0390625
0 0.2390625 0.4015625 0.01328125 0.04453125
0 0.234375 0.31953125 0.01484375 0.04453125
0 0.265625 0.29296875 0.01015625 0.034375
0 0.25703125 0.4140625 0.01328125 0.046875
0 0.3859375 0.33125 0.00859375 0.04375
0 0.4015625 0.30859375 0.0109375 0.0359375
0 0.4046875 0.3421875 0.00859375 0.0453125
0 0.4546875 0.5828125 0.0078125 0.0625
0 0.52109375 0.5484375 0.01796875 0.04296875
0 0.51953125 0.58203125 0.02109375 0.0265625
0 0.53125 0.6515625 0.01328125 0.0265625
0 0.58515625 0.68515625 0.0203125 0.03671875
0 0.58203125 0.7859375 0.015625 0.046875
0 0.58984375 0.88359375 0.01796875 0.04140625
0 0.60234375 0.87109375 0.015625 0.04140625
0 0.60546875 0.77890625 0.01796875 0.03828125
0 0.665625 0.8453125 0.01953125 0.0421875
0 0.70390625 0.684375 0.02265625 0.040625
0 0.521875 0.41796875 0.01015625 0.040625
0 0.528125 0.39296875 0.0109375 0.03984375
0 0.54140625 0.37421875 0.00859375 0.0359375
0 0.5515625 0.38203125 0.01015625 0.0375
0 0.578125 0.3953125 0.01171875 0.04296875
0 0.559375 0.465625 0.01015625 0.040625
0 0.60625 0.4140625 0.0125 0.04375
0 0.6390625 0.40546875 0.0125 0.03671875
0 0.609375 0.4953125 0.009375 0.04375
0 0.60078125 0.59609375 0.0171875 0.02734375
0 0.63671875 0.65234375 0.0125 0.03984375
0 0.6140625 0.68671875 0.01484375 0.03359375
0 0.76328125 0.96015625 0.0234375 0.02578125
0 0.72734375 0.665625 0.0171875 0.0375
0 0.5734375 0.17890625 0.0078125 0.0328125
0 0.57421875 0.10390625 0.00625 0.034375
0 0.58046875 0.10234375 0.00703125 0.0375
0 0.6328125 0.00390625 0.00625 0.0078125
0 0.35546875 0.10703125 0.00625 0.0203125
0 0.3609375 0.1234375 0.00703125 0.03828125
0 0.3828125 0.1171875 0.0078125 0.03984375
0 0.359375 0.13515625 0.01015625 0.03125
0 0.69453125 0.953125 0.01484375 0.02890625
0 0.6421875 0.71328125 0.0125 0.03125
0 0.61328125 0.83671875 0.0140625 0.03359375
0 0.65625 0.978125 0.01796875 0.04296875
0 0.77109375 0.78828125 0.02109375 0.034375