0 0.1671875 0.30546875 0.01796875 0.04375
0 0.2421875 0.209375 0.01171875 0.04921875
0 0.2515625 0.22890625 0.01328125 0.04765625
0 0.24609375 0.140625 0.0109375 0.04921875
0 0.3078125 0.1296875 0.009375 0.04296875
0 0.36875 0.00390625 0.01015625 0.0078125
0 0.39375 0.1515625 0.0078125 0.046875
0 0.4078125 0.12421875 0.0078125 0.0296875
0 0.4125 0.15859375 0.00859375 0.05
0 0.5640625 0.2828125 0.0125 0.053125
0 0.58515625 0.28828125 0.0109375 0.03828125
0 0.54765625 0.3625 0.01484375 0.05390625
0 0.56953125 0.3953125 0.01328125 0.05078125
0 0.58828125 0.390625 0.0109375 0.05390625
0 0.61171875 0.3515625 0.0109375 0.04375
0 0.646875 0.37578125 0.01484375 0.0359375
0 0.5734375 0.478125 0.01484375 0.0421875
0 0.5421875 0.5125 0.028125 0.03671875
0 0.5140625 0.5640625 0.0109375 0.0484375
0 0.6171875 0.565625 0.015625 0.05234375
0 0.60703125 0.62265625 0.01796875 0.04296875
0 0.66015625 0.5546875 0.01640625 0.053125
0 0.69609375 0.5453125 0.0234375 0.04375
0 0.7 0.5859375 0.021875 0.0375
0 0.77734375 0.5296875 0.01875 0.0484375
0 0.80703125 0.525 0.01875 0.04921875
0 0.6421875 0.72109375 0.01953125 0.04765625
0 0.62890625 0.8609375 0.01953125 0.05859375
0 0.684375 0.8234375 0.01953125 0.05703125
0 0.66796875 0.871875 0.0234375 0.0453125
0 0.7109375 0.9 0.025 0.05234375
0 0.73515625 0.853125 0.02109375 0.0484375
0 0.628125 0.4796875 0.0359375 0.053125
0 0.58984375 0.0046875 0.0078125 0.009375
0 0.5984375 0.00546875 0.009375 0.0109375
0 0.59375 0.0171875 0.00625 0.034375
0 0.67109375 0.54375 0.01484375 0.04140625
0 0.625 0.71484375 0.01484375 0.0484375
0 0.70703125 0.71171875 0.01875 0.04375
0 0.75 0.65078125 0.01953125 0.04609375
0 0.7953125 0.82109375 0.02421875 0.03671875
0 0.85703125 0.746875 0.021875 0.04453125