0 0.49140625 0.40234375 0.01953125 0.0234375
0 0.03515625 0.4234375 0.02578125 0.0203125
0 0.871875 0.90390625 0.02265625 0.03515625
0 0.69921875 0.90546875 0.0203125 0.034375
0 0.678125 0.90390625 0.0203125 0.03046875
0 0.7359375 0.34375 0.0171875 0.03046875
0 0.66640625 0.7390625 0.01328125 0.021875
0 0.69921875 0.8234375 0.0171875 0.03125
0 0.8078125 0.5828125 0.01953125 0.0265625
0 0.7125 0.81328125 0.0171875 0.02890625
0 0.63203125 0.7015625 0.0125 0.028125
0 0.56796875 0.44921875 0.00859375 0.02421875
0 0.57265625 0.48046875 0.01328125 0.01875
0 0.7296875 0.765625 0.015625 0.03359375
0 0.7359375 0.7375 0.01796875 0.034375
0 0.69296875 0.771875 0.015625 0.025
0 0.746875 0.73046875 0.0171875 0.02734375
0 0.8203125 0.5875 0.01953125 0.01796875
0 0.77421875 0.3609375 0.01875 0.0328125
0 0.78671875 0.31328125 0.01796875 0.02578125
0 0.78671875 0.35703125 0.015625 0.0296875