0 0.4515625 0.47109375 0.025 0.0578125
0 0.3921875 0.47890625 0.02734375 0.0640625
0 0.421875 0.48359375 0.02578125 0.06484375
0 0.9296875 0.5828125 0.040625 0.0625
0 0.15390625 0.78203125 0.0390625 0.06328125
0 0.78359375 0.8125 0.04140625 0.078125
0 0.13359375 0.83359375 0.0453125 0.05625
0 0.68046875 0.83515625 0.0296875 0.06015625
0 0.70390625 0.8453125 0.02734375 0.0515625
0 0.7390625 0.88125 0.03984375 0.05859375
0 0.73359375 0.91640625 0.03203125 0.07421875
0 0.9390625 0.35625 0.04453125 0.04921875