0 0.11875 0.0953125 0.01875 0.021875
0 0.10625 0.0609375 0.01875 0.021875
0 0.065625 0.80859375 0.0203125 0.01875
0 0.04296875 0.77265625 0.02109375 0.0140625
0 0.03203125 0.76484375 0.01796875 0.0171875
0 0.19765625 0.69453125 0.0125 0.01640625
0 0.36171875 0.5421875 0.01015625 0.01640625
0 0.35390625 0.34453125 0.01015625 0.01875
0 0.3453125 0.34921875 0.009375 0.0203125
0 0.365625 0.26328125 0.01171875 0.0203125
0 0.375 0.25703125 0.01171875 0.021875
0 0.39140625 0.203125 0.01171875 0.01953125
0 0.4265625 0.159375 0.0078125 0.0265625
0 0.42890625 0.125 0.009375 0.0234375
0 0.41875 0.403125 0.00859375 0.01875
0 0.42578125 0.38359375 0.0078125 0.01875
0 0.43046875 0.365625 0.0109375 0.015625
0 0.43828125 0.39765625 0.01640625 0.015625
0 0.43671875 0.41640625 0.00859375 0.01484375
0 0.43125 0.43125 0.0109375 0.01484375
0 0.4703125 0.3203125 0.00859375 0.0125
0 0.47265625 0.30859375 0.0109375 0.01484375
0 0.51953125 0.2921875 0.00859375 0.015625
0 0.54921875 0.26875 0.01015625 0.01796875
0 0.55703125 0.253125 0.0078125 0.01796875
0 0.56640625 0.259375 0.01171875 0.015625
0 0.57109375 0.271875 0.01015625 0.01328125
0 0.61171875 0.26328125 0.009375 0.01640625
0 0.8421875 0.5171875 0.01640625 0.0125
0 0.84296875 0.53046875 0.01796875 0.01484375
0 0.615625 0.52734375 0.009375 0.01328125
0 0.61328125 0.55625 0.0078125 0.01640625
0 0.59765625 0.58359375 0.009375 0.01875
0 0.71015625 0.696875 0.0109375 0.0171875
0 0.453125 0.91015625 0.00859375 0.025
0 0.58515625 0.8390625 0.00859375 0.02578125
0 0.59296875 0.8484375 0.009375 0.0234375
0 0.5984375 0.83125 0.01171875 0.02734375
0 0.60859375 0.82734375 0.00859375 0.0171875
0 0.6015625 0.81171875 0.009375 0.02109375
0 0.60625 0.8640625 0.00859375 0.02265625
0 0.48984375 0.51640625 0.01015625 0.01796875
0 0.475 0.65859375 0.00703125 0.015625
0 0.46796875 0.65546875 0.00703125 0.01953125
0 0.46171875 0.6375 0.01015625 0.01953125