0 0.1734375 0.86171875 0.021875 0.03359375
0 0.146875 0.82265625 0.03046875 0.0375
0 0.1484375 0.69609375 0.03046875 0.0328125
0 0.1765625 0.61171875 0.0171875 0.04453125
0 0.33828125 0.746875 0.0109375 0.03671875
0 0.36640625 0.73359375 0.01171875 0.0390625
0 0.37109375 0.76796875 0.01328125 0.046875
0 0.4546875 0.65703125 0.01171875 0.02890625
0 0.47421875 0.6453125 0.01171875 0.0375
0 0.4609375 0.75625 0.01796875 0.0265625
0 0.4859375 0.71875 0.01171875 0.040625
0 0.53125 0.66953125 0.01328125 0.03203125
0 0.6203125 0.81953125 0.01484375 0.03515625
0 0.58984375 0.82578125 0.01640625 0.04296875
0 0.60859375 0.8984375 0.01640625 0.04453125
0 0.57890625 0.928125 0.009375 0.0390625
0 0.571875 0.93203125 0.01015625 0.03359375
0 0.5578125 0.85625 0.01171875 0.03515625
0 0.53046875 0.896875 0.015625 0.06171875
0 0.603125 0.70234375 0.0125 0.03984375
0 0.45078125 0.68828125 0.01171875 0.040625
0 0.48203125 0.49609375 0.009375 0.0265625
0 0.5078125 0.52421875 0.01015625 0.05078125
0 0.5328125 0.5125 0.01328125 0.03046875
0 0.5515625 0.465625 0.01015625 0.0359375
0 0.56171875 0.32734375 0.00625 0.03046875
0 0.56484375 0.2890625 0.009375 0.0359375
0 0.55703125 0.28984375 0.0078125 0.03125
0 0.609375 0.2515625 0.01015625 0.03125
0 0.59609375 0.2296875 0.0078125 0.02890625
0 0.3078125 0.39453125 0.01328125 0.0359375
0 0.30859375 0.375 0.01484375 0.04140625
0 0.3171875 0.35546875 0.01171875 0.03671875
0 0.3375 0.36640625 0.01171875 0.04453125
0 0.2703125 0.13984375 0.0125 0.0296875
0 0.2875 0.121875 0.0109375 0.03046875
0 0.346875 0.09296875 0.00859375 0.034375
0 0.3625 0.12109375 0.0078125 0.03671875
0 0.3671875 0.1265625 0.0078125 0.0328125
0 0.36875 0.16171875 0.00859375 0.0390625
0 0.4046875 0.13515625 0.00703125 0.04140625
0 0.4171875 0.1265625 0.009375 0.03671875
0 0.4265625 0.1265625 0.00625 0.03515625
0 0.428125 0.09453125 0.00703125 0.034375
0 0.54921875 0.1296875 0.0078125 0.0203125
0 0.62734375 0.15546875 0.00625 0.03359375
0 0.63203125 0.165625 0.00703125 0.03671875
0 0.58828125 0.071875 0.00703125 0.0375
0 0.5765625 0.0828125 0.00625 0.04140625
0 0.56953125 0.0765625 0.00625 0.03828125
0 0.57265625 0.065625 0.0046875 0.0296875
0 0.5234375 0.0390625 0.00546875 0.0375
0 0.5171875 0.0375 0.00703125 0.03515625
0 0.503125 0.02109375 0.00703125 0.03515625
0 0.49375 0.01796875 0.00859375 0.01796875
0 0.6609375 0.0453125 0.00625 0.02578125
0 0.5890625 0.765625 0.015625 0.04296875