0 0.15234375 0.18203125 0.0203125 0.04921875
0 0.23203125 0.1171875 0.015625 0.05234375
0 0.22890625 0.09921875 0.01640625 0.04921875
0 0.26875 0.0234375 0.01015625 0.046875
0 0.3125 0.03359375 0.01015625 0.04609375
0 0.3875 0.04375 0.0078125 0.053125
0 0.40234375 0.02734375 0.0078125 0.04921875
0 0.40703125 0.04921875 0.0078125 0.05703125
0 0.5734375 0.18828125 0.0140625 0.03515625
0 0.615625 0.19375 0.0203125 0.04609375
0 0.615625 0.23984375 0.0125 0.05078125
0 0.54296875 0.26015625 0.01640625 0.0515625
0 0.56796875 0.284375 0.01640625 0.05625
0 0.5953125 0.28515625 0.015625 0.059375
0 0.64921875 0.2796875 0.015625 0.05859375
0 0.63359375 0.3328125 0.01328125 0.06875
0 0.634375 0.38359375 0.0265625 0.0671875
0 0.5828125 0.35078125 0.015625 0.05390625
0 0.53359375 0.38203125 0.015625 0.03984375
0 0.6765625 0.4453125 0.01796875 0.07421875
0 0.69453125 0.46171875 0.0265625 0.0453125
0 0.615625 0.525 0.0234375 0.053125
0 0.734375 0.471875 0.021875 0.04765625
0 0.8015625 0.4046875 0.02265625 0.0546875
0 0.7875 0.44296875 0.01875 0.0390625
0 0.76328125 0.5109375 0.03203125 0.04453125
0 0.74609375 0.51796875 0.02265625 0.05390625
0 0.7140625 0.59921875 0.021875 0.06640625
0 0.65703125 0.68828125 0.01875 0.05390625
0 0.66875 0.67578125 0.01953125 0.06640625
0 0.696875 0.7640625 0.02890625 0.05546875
0 0.66328125 0.80625 0.0265625 0.053125
0 0.72890625 0.81640625 0.02734375 0.07734375
0 0.76015625 0.82109375 0.02734375 0.05625
0 0.7859375 0.8140625 0.0265625 0.04921875
0 0.84296875 0.68046875 0.02578125 0.053125
0 0.884375 0.659375 0.02890625 0.0703125
0 0.540625 0.5046875 0.02265625 0.04453125