0 0.34375 0.140625 0.01015625 0.02578125
0 0.55 0.23359375 0.009375 0.0203125
0 0.61484375 0.14296875 0.01328125 0.025
0 0.59140625 0.359375 0.01328125 0.01796875
0 0.59296875 0.38203125 0.0109375 0.0203125
0 0.7328125 0.34296875 0.0109375 0.021875
0 0.7765625 0.365625 0.0140625 0.01796875
0 0.76953125 0.3921875 0.0109375 0.01796875
0 0.7859375 0.26953125 0.01015625 0.0171875
0 0.8375 0.2375 0.00703125 0.01484375
0 0.784375 0.22109375 0.01640625 0.02421875
0 0.7109375 0.184375 0.0109375 0.02109375
0 0.91015625 0.72734375 0.0203125 0.015625
0 0.590625 0.690625 0.0109375 0.01484375
0 0.6703125 0.790625 0.0078125 0.01484375
0 0.378125 0.66328125 0.0125 0.01328125