0 0.81015625 0.1390625 0.00703125 0.01640625
0 0.75 0.11953125 0.009375 0.025
0 0.76015625 0.165625 0.01484375 0.021875
0 0.79375 0.18515625 0.01171875 0.0203125
0 0.7921875 0.28203125 0.0125 0.02265625
0 0.75703125 0.2703125 0.0109375 0.0171875
0 0.75 0.25703125 0.0078125 0.0265625
0 0.70546875 0.225 0.009375 0.0125
0 0.68515625 0.18046875 0.0109375 0.02109375
0 0.61875 0.0734375 0.00625 0.02265625
0 0.57734375 0.17421875 0.0109375 0.0265625
0 0.903125 0.60859375 0.0203125 0.01328125
0 0.675 0.5953125 0.00703125 0.0203125
0 0.6703125 0.71875 0.0078125 0.01796875
0 0.36328125 0.61328125 0.0109375 0.01953125
0 0.3125 0.07890625 0.009375 0.0234375