0 0.17578125 0.628125 0.02265625 0.03984375
0 0.13984375 0.709375 0.0234375 0.0359375
0 0.146875 0.84140625 0.03203125 0.03515625
0 0.17421875 0.88515625 0.02265625 0.03828125
0 0.34296875 0.75859375 0.0125 0.0453125
0 0.37109375 0.73828125 0.01171875 0.03203125
0 0.375 0.775 0.01796875 0.04609375
0 0.45546875 0.715625 0.01015625 0.02890625
0 0.4625 0.7546875 0.01953125 0.0328125
0 0.5 0.734375 0.01328125 0.04296875
0 0.4953125 0.67890625 0.0140625 0.03828125
0 0.54296875 0.70703125 0.0125 0.03671875
0 0.48046875 0.8328125 0.02578125 0.034375
0 0.5515625 0.959375 0.01875 0.03671875
0 0.575 0.95078125 0.0171875 0.040625
0 0.5890625 0.9890625 0.0171875 0.021875
0 0.6203125 0.9703125 0.0203125 0.04140625
0 0.609375 0.8875 0.01328125 0.03046875
0 0.646875 0.8625 0.0171875 0.0359375
0 0.62734375 0.7703125 0.0125 0.0328125
0 0.56328125 0.50859375 0.0109375 0.0390625
0 0.5484375 0.53046875 0.01171875 0.0265625
0 0.52421875 0.575 0.0109375 0.0375
0 0.496875 0.5484375 0.0140625 0.0375
0 0.57421875 0.34453125 0.0078125 0.0328125
0 0.56875 0.29609375 0.0078125 0.03828125
0 0.57734375 0.2984375 0.009375 0.0375
0 0.609375 0.27890625 0.0125 0.03515625
0 0.61953125 0.30078125 0.0109375 0.03203125
0 0.31328125 0.4 0.01328125 0.0359375
0 0.3140625 0.38046875 0.0140625 0.04140625
0 0.315625 0.3625 0.0125 0.03125
0 0.34375 0.37265625 0.0109375 0.04453125
0 0.2671875 0.13984375 0.0125 0.0328125
0 0.28671875 0.11953125 0.0109375 0.02890625
0 0.35234375 0.090625 0.00859375 0.03515625
0 0.36640625 0.1203125 0.00703125 0.03828125
0 0.37265625 0.128125 0.00859375 0.034375
0 0.3734375 0.1640625 0.01015625 0.0375
0 0.41171875 0.13359375 0.00625 0.04140625
0 0.425 0.12578125 0.009375 0.03671875
0 0.43515625 0.12578125 0.00703125 0.03515625
0 0.43671875 0.0921875 0.00625 0.03515625
0 0.503125 0.01328125 0.00859375 0.01953125
0 0.51328125 0.0171875 0.00703125 0.034375
0 0.52734375 0.0328125 0.0078125 0.0359375
0 0.53359375 0.03515625 0.0046875 0.03828125
0 0.5609375 0.12734375 0.0078125 0.02265625
0 0.58125 0.07421875 0.0046875 0.03671875
0 0.5828125 0.0640625 0.00625 0.03359375
0 0.5890625 0.08046875 0.00625 0.0421875
0 0.60078125 0.06796875 0.0078125 0.0390625
0 0.64140625 0.1546875 0.00625 0.0359375
0 0.6453125 0.16328125 0.00703125 0.0390625
0 0.675 0.04140625 0.00546875 0.025
0 0.60703125 0.78359375 0.01953125 0.03359375