0 0.7953125 0.0078125 0.015625 0.015625
0 0.75859375 0.3421875 0.015625 0.01796875
0 0.62421875 0.42734375 0.01328125 0.01953125
0 0.62109375 0.378125 0.01015625 0.01953125
0 0.609375 0.3515625 0.01171875 0.01640625
0 0.43046875 0.28046875 0.01171875 0.01953125
0 0.44375 0.21953125 0.0109375 0.0234375
0 0.45390625 0.2109375 0.00859375 0.01796875
0 0.46328125 0.2109375 0.00859375 0.0203125
0 0.28515625 0.396875 0.01328125 0.0171875
0 0.39765625 0.39375 0.009375 0.015625
0 0.3984375 0.40703125 0.0125 0.0125
0 0.39453125 0.50078125 0.015625 0.01875
0 0.3921875 0.52734375 0.0109375 0.01875
0 0.39453125 0.55703125 0.01171875 0.02265625
0 0.40859375 0.5203125 0.01953125 0.021875
0 0.41484375 0.53671875 0.009375 0.0171875
0 0.415625 0.559375 0.0140625 0.01875
0 0.29375 0.49609375 0.0140625 0.01796875
0 0.2921875 0.51953125 0.0140625 0.02109375
0 0.2984375 0.5890625 0.01484375 0.0234375
0 0.33515625 0.62109375 0.01484375 0.02421875
0 0.0359375 0.74140625 0.02890625 0.021875
0 0.01015625 0.7375 0.01796875 0.02109375
0 0.5 0.55859375 0.0109375 0.03984375
0 0.38046875 0.71875 0.0140625 0.0234375
0 0.53125 0.6828125 0.009375 0.0234375
0 0.54453125 0.68671875 0.0078125 0.02109375
0 0.55078125 0.67890625 0.00859375 0.0203125
0 0.64140625 0.921875 0.01015625 0.0421875
0 0.71953125 0.60625 0.01328125 0.01796875
0 0.73203125 0.60859375 0.0140625 0.01640625
0 0.72578125 0.6265625 0.01953125 0.015625
0 0.74609375 0.64609375 0.01484375 0.02265625
0 0.73203125 0.6515625 0.01328125 0.02265625
0 0.71875 0.65625 0.01796875 0.01640625
0 0.934375 0.55078125 0.02421875 0.01875
0 0.91484375 0.596875 0.021875 0.0171875
0 0.890625 0.6140625 0.021875 0.0140625
0 0.9828125 0.65625 0.02578125 0.028125
0 0.96328125 0.6640625 0.028125 0.0203125
0 0.9828125 0.675 0.0234375 0.0171875
0 0.8609375 0.81484375 0.01796875 0.03203125
0 0.8234375 0.8625 0.01640625 0.025
0 0.84921875 0.91171875 0.01875 0.021875
0 0.87890625 0.94921875 0.021875 0.03515625
0 0.9109375 0.94609375 0.021875 0.0296875
0 0.85625 0.9609375 0.01953125 0.034375
0 0.84296875 0.97265625 0.02421875 0.0265625
0 0.82265625 0.9625 0.01640625 0.03046875
0 0.78515625 0.9609375 0.015625 0.03046875