0 0.38515625 0.09296875 0.0078125 0.01796875
0 0.41640625 0.33046875 0.009375 0.015625
0 0.51640625 0.26328125 0.009375 0.01484375
0 0.58125 0.24375 0.0078125 0.01640625
0 0.59140625 0.26171875 0.00703125 0.015625
0 0.5828125 0.26875 0.00703125 0.01640625
0 0.58828125 0.28125 0.00859375 0.0203125
0 0.62890625 0.353125 0.00859375 0.01484375
0 0.61796875 0.3859375 0.01015625 0.01640625
0 0.796875 0.58125 0.01015625 0.01171875
0 0.784375 0.6140625 0.01015625 0.01015625
0 0.58125 0.44296875 0.00625 0.0171875
0 0.575 0.44140625 0.00625 0.01484375
0 0.546875 0.3984375 0.00625 0.01328125
0 0.54140625 0.38046875 0.0078125 0.0109375
0 0.53046875 0.3734375 0.00703125 0.0125
0 0.53671875 0.403125 0.0078125 0.0140625
0 0.528125 0.40390625 0.00703125 0.0109375
0 0.52109375 0.396875 0.00546875 0.01640625
0 0.61796875 0.5640625 0.00625 0.0125
0 0.6171875 0.58046875 0.0078125 0.01875
0 0.61328125 0.58984375 0.0046875 0.0125
0 0.609375 0.559375 0.00625 0.01640625
0 0.575 0.50234375 0.00703125 0.01328125
0 0.503125 0.509375 0.009375 0.01484375
0 0.43671875 0.47890625 0.00859375 0.01328125
0 0.43125 0.490625 0.0078125 0.009375
0 0.43046875 0.50234375 0.0078125 0.01171875
0 0.48515625 0.6609375 0.0078125 0.01796875
0 0.509375 0.6984375 0.00625 0.01640625
0 0.49609375 0.69921875 0.00625 0.0125
0 0.31875 0.51328125 0.009375 0.01328125
0 0.3703125 0.70234375 0.0109375 0.01640625
0 0.36796875 0.7171875 0.009375 0.0140625
0 0.38515625 0.72421875 0.00703125 0.015625
0 0.378125 0.72109375 0.00625 0.0203125
0 0.3734375 0.7296875 0.00546875 0.01484375
0 0.28828125 0.75546875 0.01015625 0.0171875
0 0.27265625 0.73828125 0.01328125 0.015625
0 0.26171875 0.71796875 0.01328125 0.01328125
0 0.26171875 0.734375 0.009375 0.0140625
0 0.25625 0.75390625 0.0125 0.01796875
0 0.2453125 0.66171875 0.0125 0.01640625
0 0.2203125 0.63359375 0.01171875 0.01328125
0 0.20078125 0.65625 0.01484375 0.028125
0 0.22109375 0.65546875 0.015625 0.01484375
0 0.19453125 0.6390625 0.01015625 0.02109375
0 0.18046875 0.63984375 0.01796875 0.01953125
0 0.19609375 0.6796875 0.01171875 0.01640625
0 0.215625 0.73046875 0.01328125 0.01875
0 0.21640625 0.74375 0.01484375 0.01484375
0 0.20625 0.7484375 0.009375 0.01640625
0 0.16875 0.79765625 0.0140625 0.0171875
0 0.22421875 0.8640625 0.01171875 0.01640625
0 0.3140625 0.9125 0.0078125 0.015625
0 0.3078125 0.9515625 0.009375 0.0203125
0 0.26953125 0.9828125 0.01015625 0.03125
0 0.14296875 0.50703125 0.01484375 0.01015625
0 0.1328125 0.51015625 0.01015625 0.01328125
0 0.1203125 0.4234375 0.0171875 0.01328125
0 0.06796875 0.54921875 0.009375 0.015625
0 0.0859375 0.440625 0.01484375 0.01328125
0 0.0703125 0.44453125 0.01484375 0.0140625
0 0.1984375 0.14140625 0.015625 0.02109375