0 0.3953125 0.10703125 0.01953125 0.04453125
0 0.3640625 0.19140625 0.02421875 0.0484375
0 0.34921875 0.23671875 0.0203125 0.0375
0 0.64296875 0.290625 0.01875 0.03359375
0 0.6515625 0.30859375 0.01875 0.03203125
0 0.65390625 0.3484375 0.0234375 0.0375
0 0.64140625 0.440625 0.02578125 0.04296875
0 0.65 0.7734375 0.01953125 0.05078125
0 0.59296875 0.7359375 0.0203125 0.03984375
0 0.5734375 0.75 0.0203125 0.03359375
0 0.5625 0.775 0.0171875 0.059375
0 0.5984375 0.79765625 0.015625 0.0390625
0 0.5703125 0.8234375 0.015625 0.04375
0 0.55625 0.8421875 0.015625 0.05078125
0 0.4703125 0.8390625 0.01328125 0.0421875
0 0.459375 0.84921875 0.0109375 0.0328125
0 0.3015625 0.77109375 0.0265625 0.0390625
0 0.28828125 0.75 0.025 0.0484375
0 0.33984375 0.80390625 0.02578125 0.03984375
0 0.3625 0.68671875 0.009375 0.03671875
0 0.2875 0.71640625 0.0234375 0.0296875
0 0.3296875 0.8515625 0.02421875 0.0421875