0 0.0578125 0.96015625 0.02734375 0.03515625
0 0.15390625 0.76171875 0.0296875 0.03984375
0 0.175 0.803125 0.0234375 0.040625
0 0.1515625 0.6390625 0.02265625 0.034375
0 0.18203125 0.55859375 0.01640625 0.04140625
0 0.3484375 0.66328125 0.0140625 0.0421875
0 0.3671875 0.63671875 0.0140625 0.04296875
0 0.37421875 0.675 0.0140625 0.0453125
0 0.44375 0.76484375 0.0125 0.03046875
0 0.4609375 0.7953125 0.0171875 0.03828125
0 0.4921875 0.82265625 0.01484375 0.03125
0 0.5671875 0.99140625 0.01484375 0.0171875
0 0.584375 0.95078125 0.0171875 0.04921875
0 0.634375 0.96484375 0.0203125 0.04921875
0 0.671875 0.91484375 0.0234375 0.03828125
0 0.62890625 0.7703125 0.0140625 0.04453125
0 0.65390625 0.828125 0.015625 0.0390625
0 0.63203125 0.86953125 0.01640625 0.02734375
0 0.49921875 0.684375 0.01328125 0.04140625
0 0.53203125 0.68125 0.01484375 0.0375
0 0.54921875 0.68046875 0.0109375 0.03671875
0 0.51484375 0.57578125 0.0109375 0.03828125
0 0.5546875 0.5265625 0.009375 0.03671875
0 0.578125 0.521875 0.0140625 0.04453125
0 0.5796875 0.3203125 0.00859375 0.03828125
0 0.609375 0.3328125 0.01328125 0.03046875
0 0.621875 0.35546875 0.0125 0.0296875
0 0.5734375 0.24921875 0.009375 0.03984375
0 0.58203125 0.25 0.0078125 0.04140625
0 0.65 0.11015625 0.00703125 0.03671875
0 0.64453125 0.1015625 0.00546875 0.03671875
0 0.56328125 0.07578125 0.009375 0.02109375
0 0.60390625 0.01875 0.00859375 0.0375
0 0.5921875 0.02890625 0.00703125 0.0421875
0 0.584375 0.02265625 0.0046875 0.0390625
0 0.58671875 0.01484375 0.0046875 0.0296875
0 0.43828125 0.040625 0.00625 0.0328125
0 0.4375 0.07421875 0.0078125 0.03515625
0 0.4265625 0.0734375 0.009375 0.03671875
0 0.41328125 0.08046875 0.00625 0.04140625
0 0.3671875 0.0703125 0.01015625 0.0375
0 0.375 0.08203125 0.00703125 0.0375
0 0.37109375 0.1140625 0.01328125 0.0390625
0 0.35234375 0.0390625 0.00859375 0.0359375
0 0.2765625 0.0703125 0.0109375 0.02890625
0 0.25078125 0.08984375 0.01171875 0.0328125
0 0.31015625 0.3 0.00859375 0.021875
0 0.31796875 0.31953125 0.0125 0.04453125
0 0.34609375 0.3109375 0.01015625 0.04765625
0 0.315625 0.34140625 0.01328125 0.03125
0 0.5375 0.603125 0.0109375 0.0546875