0 0.43359375 0.59375 0.009375 0.01640625
0 0.4359375 0.61328125 0.0078125 0.01796875
0 0.4421875 0.62109375 0.00859375 0.01875
0 0.48515625 0.4859375 0.01171875 0.01640625
0 0.44921875 0.35234375 0.0140625 0.01953125
0 0.43984375 0.33203125 0.0078125 0.0203125
0 0.42890625 0.34765625 0.009375 0.01953125
0 0.58515625 0.2828125 0.009375 0.01640625
0 0.59140625 0.29453125 0.0140625 0.015625
0 0.59453125 0.309375 0.01015625 0.0140625
0 0.62890625 0.32734375 0.0078125 0.02265625
0 0.53828125 0.30625 0.0078125 0.01953125
0 0.49453125 0.2875 0.00859375 0.01640625
0 0.490625 0.29296875 0.00859375 0.0203125
0 0.446875 0.32109375 0.00703125 0.01484375
0 0.378125 0.240625 0.0109375 0.02421875
0 0.365625 0.26484375 0.01015625 0.0203125
0 0.41015625 0.18359375 0.009375 0.02421875
0 0.39921875 0.18515625 0.0125 0.0203125
0 0.428125 0.14765625 0.00859375 0.021875
0 0.4734375 0.1328125 0.00859375 0.01953125
0 0.48046875 0.10234375 0.009375 0.02421875
0 0.178125 0.4953125 0.0140625 0.0140625
0 0.0328125 0.53515625 0.01953125 0.01640625
0 0.01640625 0.4859375 0.01875 0.01015625
0 0.59609375 0.57578125 0.00859375 0.01640625
0 0.5890625 0.6015625 0.00703125 0.01796875
0 0.56953125 0.61484375 0.00859375 0.0140625
0 0.81171875 0.696875 0.01484375 0.01484375
0 0.81015625 0.71015625 0.01796875 0.01640625
0 0.38125 0.84921875 0.01484375 0.02734375
0 0.51875 0.853125 0.00625 0.028125
0 0.525 0.86640625 0.0078125 0.0234375
0 0.534375 0.89140625 0.00625 0.02734375
0 0.5328125 0.853125 0.0078125 0.0296875
0 0.53828125 0.8359375 0.00703125 0.0234375
0 0.540625 0.8546875 0.0078125 0.01640625
0 0.3515625 0.4703125 0.009375 0.01328125
0 0.57421875 0.29296875 0.009375 0.0171875
0 0.5578125 0.3453125 0.003125 0.01328125