0 0.371875 0.0859375 0.00625 0.01640625
0 0.35546875 0.078125 0.0078125 0.01328125
0 0.36171875 0.1078125 0.00859375 0.015625
0 0.3734375 0.134375 0.00625 0.01640625
0 0.3578125 0.125 0.0078125 0.0140625
0 0.34609375 0.12890625 0.01484375 0.01953125
0 0.33671875 0.1234375 0.0078125 0.01328125
0 0.35078125 0.15390625 0.00546875 0.015625
0 0.33203125 0.15546875 0.009375 0.015625
0 0.328125 0.16171875 0.00859375 0.0203125
0 0.29453125 0.125 0.00859375 0.01171875
0 0.31640625 0.17734375 0.00703125 0.01484375
0 0.353125 0.215625 0.00625 0.0109375
0 0.35625 0.23203125 0.00703125 0.01171875
0 0.35390625 0.25703125 0.00703125 0.0109375
0 0.346875 0.23984375 0.0078125 0.01171875
0 0.3375 0.2359375 0.0109375 0.01171875
0 0.30703125 0.1984375 0.00703125 0.01328125
0 0.45 0.240625 0.00546875 0.01328125
0 0.2484375 0.29375 0.01328125 0.0203125
0 0.234375 0.29296875 0.00859375 0.01328125
0 0.234375 0.30078125 0.009375 0.0140625
0 0.27421875 0.3484375 0.009375 0.01015625
0 0.2859375 0.34140625 0.009375 0.01171875
0 0.38203125 0.36328125 0.00703125 0.0109375
0 0.39140625 0.3734375 0.00625 0.01484375
0 0.3890625 0.38828125 0.00703125 0.00859375
0 0.3875 0.3796875 0.0046875 0.01015625
0 0.4828125 0.38984375 0.0046875 0.0109375
0 0.48671875 0.3875 0.00390625 0.0125
0 0.49296875 0.3921875 0.0046875 0.01171875
0 0.58203125 0.41484375 0.00625 0.01328125
0 0.61484375 0.50390625 0.00625 0.009375
0 0.61171875 0.5359375 0.00546875 0.01171875
0 0.61171875 0.54765625 0.00703125 0.01015625
0 0.62734375 0.58046875 0.00703125 0.00859375
0 0.55390625 0.91640625 0.0046875 0.01484375
0 0.56328125 0.93828125 0.00703125 0.0125
0 0.571875 0.61875 0.00625 0.01328125
0 0.55390625 0.6171875 0.00703125 0.0109375
0 0.546875 0.58046875 0.0078125 0.009375
0 0.5484375 0.57109375 0.00546875 0.0078125
0 0.5234375 0.578125 0.00546875 0.01328125
0 0.50703125 0.6578125 0.00625 0.009375
0 0.4890625 0.65703125 0.00546875 0.01171875
0 0.5109375 0.665625 0.0046875 0.0109375
0 0.50234375 0.490625 0.00703125 0.01484375
0 0.56015625 0.4921875 0.00546875 0.0109375
0 0.54765625 0.4859375 0.00625 0.01015625
0 0.54765625 0.49765625 0.0046875 0.01015625
0 0.55859375 0.5078125 0.0046875 0.01015625
0 0.55703125 0.5171875 0.00546875 0.0078125
0 0.55 0.51015625 0.00703125 0.01015625
0 0.63359375 0.24140625 0.00546875 0.0125
0 0.67890625 0.0421875 0.00625 0.0140625
0 0.56875 0.06953125 0.00625 0.015625
0 0.57109375 0.01875 0.00625 0.01328125
0 0.53515625 0.2546875 0.00703125 0.0171875
0 0.028125 0.61171875 0.01875 0.01171875
0 0.0640625 0.61015625 0.0171875 0.01171875
0 0.30546875 0.70703125 0.0078125 0.0109375
0 0.3015625 0.7 0.00703125 0.01640625
0 0.4390625 0.50625 0.00546875 0.0078125
0 0.425 0.534375 0.00703125 0.0109375
0 0.42890625 0.553125 0.00703125 0.009375
0 0.34453125 0.52421875 0.00625 0.0109375
0 0.315625 0.5140625 0.0078125 0.0109375