0 0.72578125 0.63515625 0.03125 0.0328125
0 0.67109375 0.45234375 0.0296875 0.0359375
0 0.7 0.2390625 0.0296875 0.04140625
0 0.48125 0.22421875 0.02265625 0.040625
0 0.57265625 0.328125 0.02578125 0.04453125
0 0.50234375 0.42578125 0.01953125 0.04453125
0 0.5453125 0.4328125 0.02109375 0.03359375
0 0.56875 0.63984375 0.0265625 0.0328125
0 0.43984375 0.62421875 0.0234375 0.04453125
0 0.36796875 0.51796875 0.0296875 0.03046875
0 0.4453125 0.45546875 0.0234375 0.03828125
0 0.36328125 0.30625 0.025 0.03515625
0 0.11640625 0.334375 0.03203125 0.0390625