0 0.0609375 0.35859375 0.02265625 0.0171875
0 0.04453125 0.33359375 0.0234375 0.01953125
0 0.36328125 0.2125 0.0109375 0.02578125
0 0.34140625 0.28125 0.01015625 0.015625
0 0.33203125 0.35390625 0.0140625 0.0203125
0 0.32421875 0.36484375 0.0125 0.01640625
0 0.3171875 0.4484375 0.0125 0.021875
0 0.33125 0.46640625 0.0109375 0.01796875
0 0.48203125 0.28984375 0.00859375 0.0171875
0 0.50234375 0.25625 0.01015625 0.02265625
0 0.509375 0.2359375 0.00859375 0.01953125
0 0.51953125 0.2359375 0.0078125 0.01796875
0 0.52734375 0.24609375 0.01015625 0.01484375
0 0.43671875 0.34375 0.0109375 0.0140625
0 0.434375 0.35546875 0.01171875 0.01484375
0 0.4046875 0.42578125 0.0125 0.015625
0 0.41875 0.4515625 0.01796875 0.0140625
0 0.40390625 0.45 0.00859375 0.01796875
0 0.4 0.471875 0.00859375 0.01796875
0 0.4203125 0.47265625 0.0078125 0.01640625
0 0.41796875 0.490625 0.0109375 0.015625
0 0.48671875 0.5484375 0.009375 0.03359375
0 0.3625 0.61875 0.01015625 0.021875
0 0.2328125 0.89921875 0.01484375 0.025
0 0.48359375 0.6734375 0.00859375 0.02109375
0 0.49296875 0.68671875 0.00703125 0.0203125
0 0.49921875 0.68515625 0.0078125 0.01640625
0 0.61484375 0.46796875 0.0109375 0.01484375
0 0.61796875 0.49765625 0.009375 0.01640625
0 0.60859375 0.5375 0.0109375 0.02109375
0 0.73671875 0.571875 0.01328125 0.01484375
0 0.5234375 0.94453125 0.0078125 0.03046875
0 0.6515625 0.7546875 0.0125 0.021875
0 0.66015625 0.76640625 0.01015625 0.015625
0 0.6515625 0.77578125 0.01484375 0.021875
0 0.63984375 0.79296875 0.01171875 0.02109375
0 0.65 0.79765625 0.0109375 0.02421875
0 0.66328125 0.8046875 0.0125 0.021875
0 0.80859375 0.89453125 0.015625 0.0234375
0 0.7859375 0.8875 0.01796875 0.0203125
0 0.84140625 0.8765625 0.01875 0.02578125
0 0.85078125 0.98671875 0.0171875 0.0265625
0 0.83359375 0.98515625 0.0234375 0.0296875
0 0.83515625 0.31015625 0.01875 0.0171875
0 0.8390625 0.3234375 0.0171875 0.02421875