0 0.20546875 0.44296875 0.0125 0.0375
0 0.2609375 0.353125 0.01171875 0.0375
0 0.278125 0.36328125 0.01171875 0.04140625
0 0.2578125 0.27890625 0.0109375 0.04375
0 0.29140625 0.26328125 0.0078125 0.03515625
0 0.39453125 0.2921875 0.0078125 0.040625
0 0.40703125 0.27265625 0.00625 0.03125
0 0.4109375 0.30078125 0.0078125 0.0421875
0 0.5203125 0.39140625 0.01015625 0.0359375
0 0.53515625 0.35703125 0.00859375 0.03671875
0 0.54140625 0.36796875 0.00859375 0.0296875
0 0.53125 0.38046875 0.01171875 0.0328125
0 0.57109375 0.38359375 0.01328125 0.04453125
0 0.55390625 0.43125 0.009375 0.03515625
0 0.59921875 0.45859375 0.01875 0.03828125
0 0.61015625 0.44765625 0.0140625 0.04140625
0 0.62890625 0.43828125 0.01484375 0.0328125
0 0.525 0.50390625 0.01015625 0.03515625
0 0.51953125 0.5375 0.009375 0.03046875
0 0.46328125 0.5390625 0.01328125 0.03125
0 0.54921875 0.61796875 0.021875 0.0328125
0 0.57265625 0.59296875 0.0140625 0.02734375
0 0.59609375 0.58359375 0.0140625 0.03046875
0 0.6203125 0.57578125 0.01484375 0.03359375
0 0.6109375 0.6140625 0.0125 0.03125
0 0.5703125 0.69453125 0.01171875 0.03125
0 0.58984375 0.709375 0.01171875 0.040625
0 0.6265625 0.6609375 0.01640625 0.03515625
0 0.59453125 0.79765625 0.01328125 0.04140625
0 0.6578125 0.75 0.01640625 0.03515625
0 0.70234375 0.62265625 0.0203125 0.02578125
0 0.7125 0.578125 0.021875 0.03203125
0 0.66640625 0.8546875 0.01640625 0.04765625
0 0.6390625 0.86171875 0.01640625 0.0265625
0 0.36953125 0.12421875 0.0078125 0.03046875
0 0.37109375 0.10859375 0.00859375 0.0328125
0 0.39140625 0.1078125 0.00625 0.03671875
0 0.5640625 0.16953125 0.009375 0.01875
0 0.5640625 0.103125 0.00625 0.02890625
0 0.5703125 0.1015625 0.00625 0.03203125
0 0.75078125 0.8953125 0.01796875 0.0421875
0 0.74921875 0.6953125 0.0171875 0.02890625
0 0.609375 0.78515625 0.0125 0.03046875