0 0.44921875 0.8578125 0.009375 0.0203125
0 0.43203125 0.82734375 0.009375 0.01875
0 0.4015625 0.69765625 0.009375 0.02578125
0 0.39296875 0.64921875 0.0078125 0.0140625
0 0.4015625 0.659375 0.0078125 0.01640625
0 0.509375 0.26875 0.01328125 0.02421875
0 0.52109375 0.25546875 0.00859375 0.0234375
0 0.52734375 0.27734375 0.01328125 0.02109375
0 0.51796875 0.31328125 0.00859375 0.015625
0 0.50546875 0.28671875 0.01015625 0.015625
0 0.5078125 0.30625 0.0078125 0.01328125
0 0.61171875 0.26484375 0.01328125 0.01875
0 0.6 0.25625 0.009375 0.02109375
0 0.41328125 0.8890625 0.01015625 0.0171875