0 0.125 0.02109375 0.01953125 0.0421875
0 0.13359375 0.0234375 0.0171875 0.046875
0 0.46328125 0.18984375 0.01796875 0.05234375
0 0.490625 0.1328125 0.01328125 0.05625
0 0.4546875 0.32421875 0.0140625 0.059375
0 0.4734375 0.2921875 0.015625 0.0703125
0 0.50390625 0.19765625 0.01328125 0.053125
0 0.51875 0.18828125 0.01875 0.034375
0 0.53203125 0.203125 0.01015625 0.06171875
0 0.54296875 0.19375 0.015625 0.040625
0 0.55703125 0.165625 0.01171875 0.0625
0 0.5734375 0.16796875 0.01328125 0.0546875
0 0.59921875 0.13671875 0.0140625 0.0609375
0 0.58828125 0.178125 0.0171875 0.07578125
0 0.59765625 0.2234375 0.015625 0.07109375
0 0.54609375 0.2484375 0.01875 0.0390625
0 0.56796875 0.22109375 0.0125 0.06484375
0 0.63203125 0.2625 0.01953125 0.05234375
0 0.65546875 0.21328125 0.01171875 0.0578125
0 0.6515625 0.26484375 0.01328125 0.0734375
0 0.6984375 0.2890625 0.015625 0.0375
0 0.74140625 0.32421875 0.025 0.04609375
0 0.60625 0.35 0.0203125 0.05078125
0 0.61640625 0.42578125 0.02734375 0.05859375
0 0.63984375 0.41015625 0.01875 0.059375
0 0.61328125 0.53203125 0.015625 0.07421875
0 0.6578125 0.53125 0.021875 0.0421875
0 0.72109375 0.48828125 0.01875 0.05546875
0 0.70078125 0.525 0.0234375 0.06015625
0 0.67890625 0.5859375 0.021875 0.06640625
0 0.7421875 0.65234375 0.02421875 0.06484375
0 0.72734375 0.71015625 0.02578125 0.05625
0 0.95078125 0.425 0.02890625 0.07265625
0 0.9203125 0.4203125 0.02578125 0.0640625
0 0.8828125 0.47890625 0.0265625 0.06640625
0 0.92265625 0.46328125 0.0265625 0.06875
0 0.88046875 0.52421875 0.03203125 0.07734375
0 0.89375 0.60234375 0.0296875 0.0765625
0 0.4578125 0.575 0.0234375 0.05390625
0 0.52578125 0.9078125 0.01796875 0.06484375
0 0.53984375 0.940625 0.0203125 0.03828125