0 0.175 0.61328125 0.01640625 0.03984375
0 0.24375 0.48828125 0.0140625 0.04375
0 0.26328125 0.51015625 0.0140625 0.05
0 0.2421875 0.4015625 0.015625 0.04453125
0 0.27265625 0.36640625 0.0109375 0.0390625
0 0.40078125 0.415625 0.00859375 0.0453125
0 0.4171875 0.38984375 0.0109375 0.0375
0 0.4203125 0.4265625 0.009375 0.0484375
0 0.54375 0.4609375 0.01171875 0.034375
0 0.540625 0.49921875 0.0109375 0.0375
0 0.58125 0.54453125 0.01171875 0.04296875
0 0.58046875 0.45625 0.0109375 0.04765625
0 0.6015625 0.45625 0.00859375 0.04140625
0 0.4703125 0.653125 0.0109375 0.04375
0 0.52734375 0.62421875 0.0125 0.046875
0 0.53828125 0.67265625 0.015625 0.046875
0 0.6125 0.64453125 0.0140625 0.04375
0 0.5671875 0.434375 0.009375 0.02109375
0 0.6265625 0.43515625 0.0140625 0.04609375
0 0.66171875 0.43359375 0.0109375 0.04453125
0 0.6375 0.5796875 0.0125 0.04296875
0 0.66796875 0.746875 0.01484375 0.04765625
0 0.72578125 0.76171875 0.0265625 0.0515625
0 0.74375 0.78203125 0.02109375 0.0546875
0 0.6421875 0.7890625 0.02109375 0.03046875
0 0.61328125 0.803125 0.0203125 0.040625
0 0.63125 0.8890625 0.01484375 0.03984375
0 0.61640625 0.92734375 0.01484375 0.04453125
0 0.6328125 0.925 0.0140625 0.034375
0 0.621875 0.98046875 0.021875 0.0390625
0 0.6046875 0.9921875 0.02109375 0.01484375
0 0.70078125 0.971875 0.0203125 0.05625
0 0.7953125 0.89375 0.02578125 0.03515625
0 0.5984375 0.23359375 0.00859375 0.0375
0 0.59921875 0.15703125 0.00703125 0.03359375
0 0.60546875 0.1546875 0.00625 0.0375
0 0.5859375 0.009375 0.00703125 0.01875
0 0.65703125 0.03125 0.00546875 0.0328125
0 0.66171875 0.0375 0.00625 0.0359375
0 0.45703125 0.01484375 0.0078125 0.02890625
0 0.465625 0.0109375 0.00859375 0.021875
0 0.4734375 0.01015625 0.00625 0.0203125
0 0.4125 0.0140625 0.00703125 0.028125
0 0.40859375 0.02734375 0.00625 0.03359375
0 0.4171875 0.034375 0.0109375 0.03671875
0 0.37421875 0.18359375 0.00859375 0.04140625
0 0.3734375 0.1984375 0.01015625 0.0359375
0 0.39921875 0.178125 0.00859375 0.04296875
0 0.54765625 0.73203125 0.0125 0.03359375
0 0.67578125 0.8078125 0.01484375 0.028125