0 0.17421875 0.6265625 0.02265625 0.0390625
0 0.1375 0.70625 0.0234375 0.03984375
0 0.1453125 0.840625 0.03203125 0.03828125
0 0.17109375 0.8859375 0.02421875 0.03828125
0 0.34375 0.7515625 0.01484375 0.04375
0 0.3671875 0.7328125 0.0125 0.0328125
0 0.37265625 0.76953125 0.0171875 0.04375
0 0.453125 0.7421875 0.01171875 0.03203125
0 0.465625 0.7890625 0.01484375 0.040625
0 0.4828125 0.85859375 0.021875 0.04296875
0 0.5640625 0.97578125 0.0140625 0.04296875
0 0.5765625 0.98203125 0.0109375 0.0359375
0 0.628125 0.9859375 0.025 0.028125
0 0.6140625 0.91171875 0.01640625 0.046875
0 0.6140625 0.78984375 0.01875 0.028125
0 0.5015625 0.7375 0.01484375 0.0453125
0 0.50234375 0.6890625 0.0140625 0.028125
0 0.6359375 0.79765625 0.0140625 0.028125
0 0.5296875 0.59765625 0.01171875 0.0453125
0 0.5046875 0.5734375 0.01328125 0.04140625
0 0.553125 0.53671875 0.01171875 0.02421875
0 0.56953125 0.5203125 0.0140625 0.03359375
0 0.571875 0.29375 0.0078125 0.04296875
0 0.5796875 0.29453125 0.0078125 0.03828125
0 0.6109375 0.29921875 0.01015625 0.03671875
0 0.62265625 0.32109375 0.01484375 0.0328125
0 0.57734375 0.35234375 0.0078125 0.0375
0 0.65625 0.88671875 0.01484375 0.0375
0 0.309375 0.36015625 0.009375 0.03359375
0 0.3140625 0.378125 0.0140625 0.0390625
0 0.34296875 0.3671875 0.0109375 0.04453125
0 0.31171875 0.396875 0.015625 0.03515625
0 0.35234375 0.08359375 0.00859375 0.03515625
0 0.2828125 0.1140625 0.0109375 0.03046875
0 0.26015625 0.13359375 0.009375 0.0328125
0 0.365625 0.1140625 0.00859375 0.0375
0 0.37265625 0.1234375 0.00703125 0.03671875
0 0.371875 0.16015625 0.0125 0.03984375
0 0.41171875 0.12734375 0.00703125 0.04296875
0 0.425 0.11875 0.009375 0.03671875
0 0.43671875 0.11875 0.00703125 0.0359375
0 0.43828125 0.08515625 0.00625 0.03515625
0 0.5046875 0.00703125 0.00859375 0.01328125
0 0.51484375 0.01328125 0.00703125 0.02578125
0 0.52890625 0.02421875 0.0078125 0.0359375
0 0.5359375 0.028125 0.0046875 0.0359375
0 0.5828125 0.06796875 0.00390625 0.03671875
0 0.5859375 0.05703125 0.00546875 0.03359375
0 0.59140625 0.07265625 0.00703125 0.0421875
0 0.603125 0.06015625 0.00859375 0.03984375
0 0.64453125 0.14765625 0.00625 0.03671875
0 0.64921875 0.1578125 0.00703125 0.0390625
0 0.5625 0.1203125 0.00859375 0.02265625
0 0.67890625 0.03359375 0.00546875 0.02578125
0 0.54609375 0.7171875 0.01640625 0.03984375