0 0.715625 0.6609375 0.02734375 0.0359375
0 0.69140625 0.4609375 0.02734375 0.0390625
0 0.6890625 0.3390625 0.03046875 0.0390625
0 0.46953125 0.2921875 0.01875 0.0390625
0 0.55078125 0.30234375 0.02578125 0.04140625
0 0.47578125 0.490625 0.0265625 0.0578125
0 0.5171875 0.5046875 0.015625 0.03359375
0 0.56171875 0.66796875 0.02109375 0.02890625
0 0.4328125 0.68125 0.02578125 0.04140625
0 0.29765625 0.58046875 0.0234375 0.03359375
0 0.24453125 0.45859375 0.02890625 0.03359375
0 0.35 0.346875 0.0203125 0.03984375