0 0.246875 0.83984375 0.01796875 0.02421875
0 0.3921875 0.190625 0.01640625 0.03125
0 0.70078125 0.81328125 0.01796875 0.02578125
0 0.96953125 0.88828125 0.02890625 0.03046875
0 0.16015625 0.36796875 0.01953125 0.01875
0 0.1828125 0.6296875 0.02265625 0.01640625
0 0.98828125 0.8671875 0.0234375 0.03125
0 0.15625 0.34140625 0.02421875 0.01640625
0 0.3234375 0.271875 0.01328125 0.025
0 0.053125 0.66640625 0.03359375 0.02421875
0 0.965625 0.8578125 0.025 0.0234375
0 0.16171875 0.32421875 0.01796875 0.01953125