0 0.615625 0.8375 0.01953125 0.040625
0 0.65078125 0.796875 0.02109375 0.04296875
0 0.6671875 0.8703125 0.01796875 0.03125
0 0.71171875 0.87109375 0.01328125 0.04921875
0 0.68671875 0.72421875 0.0171875 0.04453125
0 0.61875 0.7234375 0.01640625 0.04921875
0 0.81640625 0.73203125 0.025 0.04140625
0 0.60078125 0.703125 0.01484375 0.04140625
0 0.59375 0.6375 0.02734375 0.0515625
0 0.59609375 0.5828125 0.021875 0.0515625
0 0.63125 0.58203125 0.01875 0.04140625
0 0.6484375 0.55625 0.01875 0.0359375
0 0.6640625 0.534375 0.0125 0.03515625
0 0.66875 0.61015625 0.01875 0.0375
0 0.70078125 0.60078125 0.01875 0.04296875
0 0.76171875 0.58515625 0.021875 0.04765625
0 0.775 0.55390625 0.03515625 0.03828125
0 0.6109375 0.5234375 0.03203125 0.04765625
0 0.553125 0.4875 0.01640625 0.0578125
0 0.52734375 0.51953125 0.0125 0.046875
0 0.484375 0.5359375 0.01171875 0.04140625
0 0.53515625 0.3734375 0.01328125 0.04453125
0 0.54609375 0.38828125 0.01796875 0.04140625
0 0.56875 0.40390625 0.009375 0.04140625
0 0.5921875 0.375 0.0109375 0.0453125
0 0.62421875 0.421875 0.0109375 0.03046875
0 0.56171875 0.309375 0.01484375 0.03203125
0 0.54453125 0.30390625 0.009375 0.03984375
0 0.38671875 0.2 0.00703125 0.0421875
0 0.39921875 0.175 0.00703125 0.028125
0 0.40390625 0.20625 0.00703125 0.04765625
0 0.296875 0.1765625 0.01015625 0.0390625
0 0.24140625 0.18515625 0.01015625 0.05
0 0.2421875 0.25546875 0.009375 0.046875
0 0.25234375 0.2765625 0.01171875 0.04375
0 0.36171875 0.0359375 0.00859375 0.03515625
0 0.3578125 0.00625 0.0078125 0.0125
0 0.38671875 0.02109375 0.0078125 0.040625
0 0.5703125 0.03359375 0.00625 0.034375
0 0.57734375 0.03125 0.00703125 0.03671875
0 0.578125 0.06875 0.00625 0.03671875
0 0.6390625 0.85078125 0.015625 0.0359375
0 0.17265625 0.34765625 0.01484375 0.04609375
0 0.77734375 0.8515625 0.01796875 0.040625