0 0.77578125 0.77265625 0.0171875 0.0328125
0 0.01875 0.27265625 0.0296875 0.0234375
0 0.6546875 0.84765625 0.01875 0.04140625
0 0.6375 0.85390625 0.01875 0.04453125
0 0.68515625 0.04140625 0.01640625 0.040625
0 0.4640625 0.3046875 0.01015625 0.02890625
0 0.4890625 0.29609375 0.01484375 0.02890625
0 0.70859375 0.05546875 0.01953125 0.03671875
0 0.7125 0.28828125 0.0171875 0.0328125
0 0.72890625 0.28984375 0.0171875 0.0328125
0 0.6046875 0.7515625 0.01328125 0.025
0 0.46796875 0.334375 0.01171875 0.02109375
0 0.6578125 0.0390625 0.01328125 0.0390625
0 0.5421875 0.7140625 0.01171875 0.02265625
0 0.63984375 0.8 0.0140625 0.02734375
0 0.67109375 0.815625 0.0171875 0.0296875
0 0.6796875 0.79375 0.015625 0.03203125
0 0.68984375 0.7859375 0.01484375 0.03359375