0 0.834375 0.11484375 0.02109375 0.03828125
0 0.14765625 0.60390625 0.02265625 0.02109375
0 0.6046875 0.58046875 0.0125 0.02109375
0 0.02734375 0.39765625 0.02734375 0.015625
0 0.76171875 0.62890625 0.015625 0.01875
0 0.14140625 0.05859375 0.03046875 0.028125
0 0.825 0.1046875 0.01953125 0.02578125
0 0.89765625 0.77578125 0.0265625 0.03203125
0 0.953125 0.6453125 0.0265625 0.0265625
0 0.95703125 0.61328125 0.02890625 0.01796875
0 0.9703125 0.65234375 0.0265625 0.03203125
0 0.84921875 0.7359375 0.02578125 0.02890625
0 0.92734375 0.63515625 0.02421875 0.0296875
0 0.8734375 0.87421875 0.01953125 0.03359375
0 0.765625 0.66015625 0.02109375 0.02578125
0 0.84921875 0.83125 0.025 0.03515625
0 0.8265625 0.80078125 0.02578125 0.03359375
0 0.89296875 0.79921875 0.02109375 0.03515625
0 0.86796875 0.88359375 0.00703125 0.02578125
0 0.90859375 0.775 0.02265625 0.0328125
0 0.8453125 0.11640625 0.0203125 0.03671875