0 0.30703125 0.57109375 0.021875 0.03203125
0 0.30234375 0.475 0.02734375 0.05546875
0 0.3359375 0.328125 0.0265625 0.02890625
0 0.43671875 0.40703125 0.02734375 0.05078125
0 0.51875 0.34453125 0.02109375 0.04296875
0 0.4640625 0.45859375 0.04296875 0.046875
0 0.42578125 0.62578125 0.0296875 0.03046875
0 0.52109375 0.6234375 0.01953125 0.0359375
0 0.659375 0.63984375 0.025 0.0359375
0 0.63671875 0.4859375 0.021875 0.0359375
0 0.734375 0.16953125 0.0359375 0.0484375
0 0.99296875 0.365625 0.0140625 0.046875
0 0.99296875 0.41796875 0.0140625 0.04921875
0 0.509375 0.478125 0.01640625 0.03828125