0 0.2109375 0.45859375 0.0140625 0.03984375
0 0.2734375 0.359375 0.01171875 0.0453125
0 0.28828125 0.37734375 0.0140625 0.03828125
0 0.2703125 0.28203125 0.01171875 0.0484375
0 0.31484375 0.26953125 0.01015625 0.0390625
0 0.41875 0.29609375 0.0078125 0.04453125
0 0.43359375 0.27265625 0.01015625 0.03203125
0 0.4375 0.30546875 0.0078125 0.046875
0 0.56015625 0.428125 0.009375 0.03125
0 0.575 0.38671875 0.01015625 0.0375
0 0.58671875 0.39296875 0.0125 0.02734375
0 0.5734375 0.41640625 0.00859375 0.028125
0 0.6171875 0.43671875 0.0125 0.0421875
0 0.5984375 0.47109375 0.00859375 0.02734375
0 0.64609375 0.5109375 0.0171875 0.04296875
0 0.565625 0.53984375 0.0140625 0.028125
0 0.553125 0.5734375 0.01015625 0.02578125
0 0.61171875 0.65625 0.01328125 0.0390625
0 0.6 0.709375 0.01484375 0.0421875
0 0.6203125 0.75703125 0.0140625 0.03828125
0 0.6375 0.7859375 0.01796875 0.034375
0 0.653125 0.8578125 0.0203125 0.02421875
0 0.6515625 0.88515625 0.01484375 0.03515625
0 0.684375 0.9421875 0.0140625 0.03671875
0 0.72421875 0.9375 0.015625 0.03046875
0 0.71796875 0.83125 0.01640625 0.0484375
0 0.821875 0.97734375 0.01796875 0.0328125
0 0.7765625 0.6765625 0.01953125 0.04296875
0 0.790625 0.628125 0.01328125 0.0375
0 0.64140625 0.64921875 0.0140625 0.04921875
0 0.675 0.703125 0.0171875 0.0359375
0 0.66484375 0.66953125 0.0140625 0.0390625
0 0.6765625 0.56796875 0.0171875 0.0484375
0 0.69296875 0.5546875 0.015625 0.046875
0 0.67109375 0.64296875 0.015625 0.04921875
0 0.60546875 0.09375 0.00546875 0.03515625
0 0.6109375 0.0953125 0.00703125 0.03515625
0 0.6078125 0.1578125 0.01015625 0.03125
0 0.39140625 0.090625 0.009375 0.021875
0 0.39140625 0.11328125 0.009375 0.034375
0 0.41640625 0.09609375 0.00546875 0.040625
0 0.49765625 0.59296875 0.0109375 0.0328125
0 0.81640625 0.7671875 0.01328125 0.03671875
0 0.6625 0.89375 0.00859375 0.034375