0 0.19453125 0.48203125 0.0140625 0.03671875
0 0.2703125 0.396875 0.0109375 0.04453125
0 0.253125 0.38671875 0.0125 0.0390625
0 0.45625 0.5609375 0.01171875 0.03671875
0 0.52109375 0.53046875 0.0125 0.0390625
0 0.51484375 0.56640625 0.0125 0.03515625
0 0.52890625 0.634375 0.01796875 0.0390625
0 0.5734375 0.64140625 0.01875 0.0296875
0 0.590625 0.58671875 0.015625 0.03671875
0 0.57109375 0.7359375 0.01328125 0.04765625
0 0.590625 0.740625 0.01328125 0.04296875
0 0.5953125 0.81875 0.0125 0.03359375
0 0.65 0.79140625 0.01796875 0.0296875
0 0.675 0.903125 0.01328125 0.0359375
0 0.7421875 0.9171875 0.0171875 0.03203125
0 0.640625 0.91953125 0.0171875 0.03359375
0 0.690625 0.65625 0.0234375 0.03203125
0 0.6265625 0.68828125 0.01328125 0.0375
0 0.59609375 0.47890625 0.01171875 0.04140625
0 0.55078125 0.4484375 0.00859375 0.03203125
0 0.59921875 0.4265625 0.01328125 0.03828125
0 0.62421875 0.41484375 0.0125 0.02734375
0 0.5671875 0.39296875 0.009375 0.040625
0 0.515625 0.4078125 0.00859375 0.03671875
0 0.52265625 0.39375 0.01015625 0.0421875
0 0.53359375 0.378125 0.0078125 0.04375
0 0.5421875 0.3796875 0.01015625 0.03671875
0 0.38984375 0.321875 0.0078125 0.040625
0 0.40390625 0.3015625 0.009375 0.0328125
0 0.40703125 0.334375 0.00703125 0.0390625
0 0.56328125 0.1859375 0.00703125 0.0265625
0 0.56484375 0.1171875 0.00625 0.03125
0 0.5703125 0.11640625 0.00625 0.0328125
0 0.2796875 0.28984375 0.01171875 0.03203125
0 0.2484375 0.3109375 0.0125 0.0421875
0 0.36484375 0.14453125 0.009375 0.0328125
0 0.36640625 0.1328125 0.00859375 0.0359375
0 0.38671875 0.128125 0.00703125 0.03828125
0 0.3921875 0.009375 0.00703125 0.01875
0 0.403125 0.01171875 0.01015625 0.0234375
0 0.61953125 0.0140625 0.00625 0.028125
0 0.7046875 0.62578125 0.01875 0.034375
0 0.6015625 0.64609375 0.01484375 0.0265625
0 0.603125 0.80625 0.01640625 0.0375
0 0.58671875 0.8265625 0.0125 0.03203125
0 0.62109375 0.61484375 0.01171875 0.03515625
0 0.7484375 0.74296875 0.0203125 0.03359375