0 0.740625 0.75703125 0.00859375 0.015625
0 0.75859375 0.7640625 0.01171875 0.0109375
0 0.72109375 0.76015625 0.009375 0.01484375
0 0.64453125 0.31953125 0.01015625 0.01640625
0 0.63125 0.32109375 0.00859375 0.015625
0 0.63203125 0.346875 0.01015625 0.01328125
0 0.62890625 0.3359375 0.0078125 0.0125
0 0.56796875 0.27734375 0.00859375 0.0140625
0 0.57109375 0.39375 0.00625 0.01015625
0 0.56484375 0.37890625 0.0078125 0.0125
0 0.56328125 0.40859375 0.00859375 0.01015625
0 0.57265625 0.4078125 0.00625 0.0109375
0 0.55625 0.403125 0.00546875 0.01171875
0 0.5515625 0.3921875 0.00625 0.015625
0 0.64296875 0.4453125 0.00703125 0.015625
0 0.62734375 0.4703125 0.00703125 0.0109375
0 0.59140625 0.47421875 0.00703125 0.01328125
0 0.5890625 0.46640625 0.00703125 0.01015625
0 0.57109375 0.5140625 0.00625 0.01484375
0 0.59609375 0.60546875 0.00625 0.0140625
0 0.5921875 0.61640625 0.0046875 0.02109375
0 0.578125 0.62578125 0.0078125 0.00859375
0 0.51328125 0.4671875 0.00625 0.0171875
0 0.4640625 0.3953125 0.0078125 0.01484375
0 0.45703125 0.4 0.00703125 0.01015625
0 0.45390625 0.409375 0.00625 0.01015625
0 0.4640625 0.24375 0.00703125 0.01328125
0 0.509375 0.0375 0.00625 0.015625
0 0.46640625 0.58125 0.00703125 0.0109375
0 0.46640625 0.62421875 0.00546875 0.0109375
0 0.478125 0.6328125 0.00703125 0.0125
0 0.434375 0.95390625 0.00546875 0.01953125
0 0.42890625 0.9515625 0.00625 0.02265625
0 0.165625 0.08828125 0.0125 0.01484375
0 0.1875 0.0921875 0.01328125 0.01640625
0 0.21328125 0.09921875 0.01484375 0.0203125
0 0.14140625 0.17421875 0.01015625 0.01796875
0 0.20546875 0.1875 0.00859375 0.015625
0 0.2140625 0.1953125 0.0125 0.0125
0 0.3609375 0.3328125 0.009375 0.01328125
0 0.21484375 0.3328125 0.0109375 0.0125
0 0.228125 0.33359375 0.01328125 0.01328125
0 0.228125 0.3421875 0.0125 0.009375
0 0.25 0.35703125 0.01171875 0.01328125
0 0.22890625 0.36484375 0.01328125 0.0125
0 0.246875 0.378125 0.01484375 0.0125
0 0.2203125 0.38203125 0.0109375 0.015625
0 0.259375 0.4015625 0.01171875 0.0140625
0 0.2265625 0.43671875 0.01328125 0.01015625
0 0.22421875 0.44765625 0.01484375 0.01328125
0 0.21875 0.4578125 0.009375 0.01171875
0 0.17421875 0.45703125 0.01328125 0.01328125
0 0.26640625 0.4609375 0.00859375 0.01171875
0 0.26953125 0.4734375 0.009375 0.01015625
0 0.2734375 0.48828125 0.0109375 0.0171875
0 0.28515625 0.49765625 0.01171875 0.01328125
0 0.2609375 0.490625 0.01015625 0.01171875
0 0.21171875 0.540625 0.0109375 0.015625
0 0.36171875 0.53125 0.01015625 0.01015625
0 0.36796875 0.54609375 0.00859375 0.0109375
0 0.35625 0.540625 0.00859375 0.009375
0 0.36953125 0.55859375 0.00859375 0.01015625
0 0.26875 0.6640625 0.01015625 0.0125
0 0.2578125 0.69140625 0.0109375 0.0140625
0 0.21484375 0.6859375 0.01171875 0.02890625
0 0.2 0.703125 0.01171875 0.01640625
0 0.20234375 0.71171875 0.0125 0.01328125
0 0.3609375 0.775 0.00625 0.01484375
0 0.3921875 0.734375 0.00703125 0.01328125