0 0.17890625 0.32109375 0.01796875 0.040625
0 0.24921875 0.22890625 0.0109375 0.04765625
0 0.259375 0.2484375 0.0109375 0.0453125
0 0.2515625 0.16171875 0.0109375 0.04765625
0 0.31015625 0.153125 0.01328125 0.0390625
0 0.39375 0.17421875 0.0078125 0.04609375
0 0.40625 0.14921875 0.0078125 0.02734375
0 0.4109375 0.18125 0.00859375 0.0484375
0 0.36953125 0.01953125 0.009375 0.0359375
0 0.3953125 0.0125 0.00703125 0.025
0 0.50234375 0.5421875 0.0125 0.03984375
0 0.540625 0.515625 0.0171875 0.040625
0 0.61640625 0.4875 0.034375 0.0515625
0 0.60546875 0.56484375 0.01640625 0.0578125
0 0.59921875 0.6234375 0.015625 0.04296875
0 0.6109375 0.6953125 0.0140625 0.0453125
0 0.62734375 0.71015625 0.0171875 0.05546875
0 0.61640625 0.8265625 0.0203125 0.0421875
0 0.6671875 0.79453125 0.01640625 0.04609375
0 0.690625 0.8625 0.0203125 0.03515625
0 0.721875 0.84140625 0.02734375 0.0421875
0 0.77421875 0.8140625 0.02421875 0.0296875
0 0.6921875 0.7046875 0.01640625 0.05
0 0.72421875 0.6296875 0.02109375 0.04765625
0 0.83203125 0.7296875 0.02421875 0.03828125
0 0.68125 0.578125 0.02109375 0.02734375
0 0.640625 0.5578125 0.01875 0.05234375
0 0.659375 0.54140625 0.01953125 0.05546875
0 0.67734375 0.52890625 0.0171875 0.03984375
0 0.7625 0.5390625 0.0171875 0.05
0 0.7875 0.5265625 0.021875 0.04765625
0 0.56484375 0.47890625 0.01328125 0.04453125
0 0.56015625 0.39296875 0.01328125 0.05546875
0 0.54453125 0.36640625 0.01484375 0.046875
0 0.57890625 0.38828125 0.01015625 0.04296875
0 0.6 0.3578125 0.01171875 0.04765625
0 0.6328125 0.38984375 0.01171875 0.0328125
0 0.55390625 0.2921875 0.00859375 0.046875
0 0.575 0.29765625 0.00859375 0.0375
0 0.584375 0.0453125 0.00703125 0.03671875
0 0.57890625 0.01640625 0.00625 0.03125
0 0.5859375 0.01484375 0.00703125 0.0296875
0 0.6515625 0.84375 0.01796875 0.0375