0 0.61953125 0.8296875 0.01953125 0.0390625
0 0.65390625 0.790625 0.02109375 0.04140625
0 0.6703125 0.86171875 0.01796875 0.03046875
0 0.71328125 0.8625 0.01328125 0.0484375
0 0.6890625 0.71875 0.01640625 0.04296875
0 0.6234375 0.71875 0.01640625 0.0484375
0 0.815625 0.72734375 0.02421875 0.040625
0 0.60546875 0.69921875 0.0140625 0.03984375
0 0.5984375 0.634375 0.0265625 0.05
0 0.60078125 0.58203125 0.02109375 0.05
0 0.63515625 0.58046875 0.01796875 0.040625
0 0.6515625 0.55546875 0.01875 0.03515625
0 0.6671875 0.534375 0.01171875 0.034375
0 0.67109375 0.60859375 0.01796875 0.03671875
0 0.703125 0.59921875 0.01875 0.04140625
0 0.76171875 0.58359375 0.021875 0.04609375
0 0.775 0.55390625 0.034375 0.0375
0 0.615625 0.5234375 0.03125 0.046875
0 0.559375 0.48828125 0.01640625 0.05625
0 0.534375 0.5203125 0.0125 0.0453125
0 0.4921875 0.5359375 0.01171875 0.040625
0 0.54140625 0.37734375 0.0125 0.04375
0 0.55234375 0.3921875 0.01796875 0.03984375
0 0.57421875 0.4078125 0.009375 0.03984375
0 0.596875 0.37890625 0.0109375 0.04453125
0 0.62890625 0.425 0.01015625 0.0296875
0 0.56796875 0.315625 0.01484375 0.03125
0 0.55078125 0.31015625 0.009375 0.0390625
0 0.396875 0.20859375 0.00625 0.04140625
0 0.40859375 0.18359375 0.00703125 0.02734375
0 0.4140625 0.21484375 0.00703125 0.04609375
0 0.309375 0.1859375 0.01015625 0.03828125
0 0.2546875 0.19375 0.01015625 0.04921875
0 0.25625 0.2625 0.00859375 0.04609375
0 0.265625 0.28359375 0.01171875 0.04296875
0 0.37265625 0.04921875 0.00859375 0.03359375
0 0.36875 0.01796875 0.00703125 0.0171875
0 0.396875 0.034375 0.00703125 0.0390625
0 0.57578125 0.04609375 0.00546875 0.03359375
0 0.5828125 0.04453125 0.00703125 0.0359375
0 0.58359375 0.08125 0.00625 0.0359375
0 0.64296875 0.8421875 0.015625 0.03515625
0 0.1890625 0.35234375 0.01484375 0.04453125
0 0.778125 0.84375 0.01796875 0.03984375