0 0.17421875 0.61875 0.021875 0.03828125
0 0.1390625 0.6984375 0.02265625 0.03515625
0 0.14609375 0.82734375 0.03125 0.034375
0 0.171875 0.86953125 0.021875 0.0375
0 0.33671875 0.74609375 0.0125 0.04453125
0 0.3640625 0.7265625 0.01171875 0.03125
0 0.36796875 0.7625 0.0171875 0.04453125
0 0.44609375 0.7046875 0.01015625 0.028125
0 0.453125 0.7421875 0.01875 0.03203125
0 0.48984375 0.72265625 0.0125 0.0421875
0 0.48515625 0.66875 0.01328125 0.03671875
0 0.53125 0.69609375 0.01171875 0.0359375
0 0.4703125 0.81875 0.02578125 0.0328125
0 0.53984375 0.9421875 0.01796875 0.0359375
0 0.5625 0.93359375 0.0171875 0.0390625
0 0.5765625 0.97578125 0.01640625 0.0296875
0 0.60703125 0.953125 0.01953125 0.040625
0 0.59609375 0.871875 0.01328125 0.0296875
0 0.63203125 0.84765625 0.0171875 0.03515625
0 0.6140625 0.7578125 0.01171875 0.03203125
0 0.5515625 0.503125 0.0109375 0.0375
0 0.53671875 0.5234375 0.01171875 0.02578125
0 0.51328125 0.56796875 0.0109375 0.03671875
0 0.48671875 0.5421875 0.01328125 0.03671875
0 0.56171875 0.34296875 0.0078125 0.03203125
0 0.55625 0.2953125 0.0078125 0.0375
0 0.56484375 0.2984375 0.009375 0.03671875
0 0.59609375 0.27890625 0.0125 0.034375
0 0.60625 0.3 0.0109375 0.03125
0 0.3078125 0.39765625 0.01328125 0.03515625
0 0.30859375 0.378125 0.0140625 0.03984375
0 0.31015625 0.3609375 0.0125 0.03046875
0 0.3375 0.3703125 0.0109375 0.04296875
0 0.2625 0.14375 0.0125 0.03203125
0 0.28203125 0.1234375 0.0109375 0.028125
0 0.34609375 0.0953125 0.00859375 0.034375
0 0.359375 0.125 0.00703125 0.03671875
0 0.36484375 0.13203125 0.0078125 0.03359375
0 0.36640625 0.1671875 0.01015625 0.03671875
0 0.403125 0.1375 0.00625 0.040625
0 0.41640625 0.1296875 0.009375 0.0359375
0 0.4265625 0.1296875 0.00625 0.034375
0 0.428125 0.09765625 0.00625 0.034375
0 0.49296875 0.0203125 0.00859375 0.01875
0 0.50234375 0.0234375 0.00703125 0.0359375
0 0.51640625 0.0390625 0.00703125 0.03515625
0 0.521875 0.04140625 0.0046875 0.0375
0 0.54921875 0.13125 0.0078125 0.021875
0 0.56875 0.0796875 0.0046875 0.0359375
0 0.5703125 0.0703125 0.00546875 0.0328125
0 0.5765625 0.0859375 0.00625 0.040625
0 0.5875 0.07421875 0.0078125 0.0375
0 0.6265625 0.1578125 0.00625 0.03515625
0 0.63125 0.16640625 0.00703125 0.0375
0 0.66015625 0.04765625 0.00546875 0.02421875
0 0.59375 0.7703125 0.01875 0.0328125