0 0.1875 0.50859375 0.0140625 0.03671875
0 0.2484375 0.4078125 0.0125 0.04140625
0 0.24375 0.33125 0.0140625 0.04140625
0 0.2734375 0.30546875 0.009375 0.0328125
0 0.265625 0.41953125 0.0125 0.04375
0 0.38671875 0.34140625 0.0078125 0.040625
0 0.4015625 0.3203125 0.01015625 0.03359375
0 0.4046875 0.35234375 0.00859375 0.04296875
0 0.4515625 0.57890625 0.0078125 0.05859375
0 0.51484375 0.54609375 0.01640625 0.040625
0 0.5125 0.578125 0.0203125 0.025
0 0.52421875 0.64375 0.0125 0.025
0 0.57421875 0.67578125 0.01953125 0.034375
0 0.57109375 0.77109375 0.01484375 0.04375
0 0.57890625 0.8625 0.01640625 0.0390625
0 0.590625 0.85078125 0.01484375 0.0390625
0 0.59375 0.7640625 0.0171875 0.03671875
0 0.65 0.8265625 0.01796875 0.03984375
0 0.68671875 0.67421875 0.02109375 0.03828125
0 0.51484375 0.4234375 0.009375 0.03828125
0 0.52109375 0.4 0.0109375 0.0375
0 0.53359375 0.38203125 0.0078125 0.03359375
0 0.5421875 0.38984375 0.009375 0.0359375
0 0.5671875 0.40234375 0.0109375 0.040625
0 0.55 0.46796875 0.009375 0.03828125
0 0.59453125 0.41953125 0.01171875 0.04140625
0 0.625 0.41171875 0.01171875 0.034375
0 0.59765625 0.496875 0.00859375 0.04140625
0 0.5890625 0.59140625 0.015625 0.02578125
0 0.62265625 0.64453125 0.01171875 0.0375
0 0.60234375 0.6765625 0.0140625 0.03125
0 0.7421875 0.934375 0.02265625 0.02421875
0 0.70859375 0.65703125 0.015625 0.0359375
0 0.56328125 0.1984375 0.00703125 0.03125
0 0.5640625 0.12734375 0.00625 0.03203125
0 0.5703125 0.1265625 0.00625 0.0359375
0 0.615625 0.01484375 0.00546875 0.0296875
0 0.6203125 0.02109375 0.00625 0.03203125
0 0.3578125 0.13046875 0.00546875 0.01875
0 0.3625 0.14609375 0.00625 0.0359375
0 0.384375 0.140625 0.00703125 0.0375
0 0.36171875 0.15703125 0.009375 0.02890625
0 0.38984375 0.0140625 0.00546875 0.028125
0 0.4015625 0.0171875 0.00859375 0.03046875
0 0.678125 0.928125 0.0140625 0.0265625
0 0.62890625 0.7015625 0.01171875 0.0296875
0 0.60078125 0.81796875 0.01328125 0.03125
0 0.6421875 0.953125 0.0171875 0.040625
0 0.74921875 0.77265625 0.01953125 0.0328125