0 0.409375 0.10234375 0.00859375 0.03046875
0 0.4125 0.0625 0.01015625 0.02109375
0 0.365625 0.13671875 0.009375 0.0234375
0 0.3484375 0.18515625 0.0109375 0.02578125
0 0.3375 0.19140625 0.0125 0.02109375
0 0.3203125 0.26953125 0.01171875 0.021875
0 0.3109375 0.2796875 0.0109375 0.01875
0 0.496875 0.25546875 0.009375 0.01796875
0 0.53125 0.2359375 0.01015625 0.0171875
0 0.53984375 0.2203125 0.0078125 0.01953125
0 0.54921875 0.2296875 0.0140625 0.01328125
0 0.55390625 0.24296875 0.00859375 0.01171875
0 0.4484375 0.26015625 0.01015625 0.01640625
0 0.44453125 0.26796875 0.01015625 0.01953125
0 0.4 0.31171875 0.00859375 0.01875
0 0.3953125 0.33046875 0.00859375 0.01953125
0 0.3859375 0.35 0.009375 0.0203125
0 0.40703125 0.34765625 0.01640625 0.01796875
0 0.4046875 0.3671875 0.00859375 0.015625
0 0.3984375 0.38046875 0.01171875 0.01484375
0 0.45703125 0.47890625 0.01015625 0.01796875
0 0.31875 0.49375 0.01015625 0.02421875
0 0.41796875 0.6046875 0.0109375 0.0203125
0 0.43125 0.6296875 0.0078125 0.0171875
0 0.4234375 0.62421875 0.0078125 0.0203125
0 0.13984375 0.60703125 0.01640625 0.01875
0 0.08671875 0.9375 0.0171875 0.02421875
0 0.39296875 0.88984375 0.01015625 0.025
0 0.5359375 0.84296875 0.0078125 0.02890625
0 0.54453125 0.853125 0.00859375 0.02578125
0 0.55625 0.8703125 0.0078125 0.01875
0 0.55078125 0.8359375 0.0109375 0.0296875
0 0.5609375 0.834375 0.0078125 0.01796875
0 0.55546875 0.81640625 0.00859375 0.02265625
0 0.67578125 0.71875 0.01171875 0.0171875
0 0.58203125 0.55078125 0.0078125 0.01796875
0 0.5640625 0.57421875 0.009375 0.01953125
0 0.5859375 0.52109375 0.009375 0.01640625
0 0.825 0.55859375 0.0171875 0.01328125
0 0.825 0.57265625 0.01875 0.015625
0 0.59609375 0.24140625 0.01328125 0.0203125