0 0.6484375 0.3203125 0.01953125 0.03125
0 0.65625 0.3421875 0.01796875 0.03046875
0 0.65625 0.3796875 0.021875 0.03046875
0 0.6328125 0.46953125 0.0265625 0.0390625
0 0.41875 0.10546875 0.01875 0.04140625
0 0.384375 0.17890625 0.01953125 0.04375
0 0.36796875 0.221875 0.01796875 0.03828125
0 0.57890625 0.74375 0.01875 0.0375
0 0.63203125 0.7984375 0.0203125 0.05234375
0 0.5609375 0.7546875 0.01484375 0.03359375
0 0.5484375 0.775 0.01796875 0.05390625
0 0.58125 0.8 0.01484375 0.0421875
0 0.553125 0.8234375 0.0140625 0.04140625
0 0.53828125 0.840625 0.0140625 0.04609375
0 0.44609375 0.8296875 0.01171875 0.03203125
0 0.45703125 0.8234375 0.0109375 0.0375
0 0.3296875 0.76796875 0.0234375 0.0421875
0 0.296875 0.7265625 0.02578125 0.04375
0 0.2859375 0.70546875 0.02578125 0.0421875
0 0.359375 0.65703125 0.00859375 0.03203125
0 0.28671875 0.67421875 0.021875 0.028125
0 0.3203125 0.80859375 0.02421875 0.0421875
0 0.3296875 0.8296875 0.02265625 0.0390625