0 0.54609375 0.18984375 0.009375 0.0171875
0 0.53984375 0.22109375 0.00859375 0.0203125
0 0.49140625 0.184375 0.0078125 0.01796875
0 0.4796875 0.20546875 0.00703125 0.02265625
0 0.46953125 0.20078125 0.00859375 0.0171875
0 0.4484375 0.21171875 0.009375 0.01796875
0 0.42265625 0.25625 0.00859375 0.0203125
0 0.10078125 0.259375 0.0140625 0.01640625
0 0.09765625 0.20546875 0.0140625 0.01953125
0 0.23515625 0.3140625 0.0109375 0.01328125
0 0.371875 0.43046875 0.0109375 0.01796875
0 0.425 0.56171875 0.009375 0.01484375
0 0.42421875 0.58046875 0.0078125 0.01328125
0 0.428125 0.590625 0.00859375 0.0140625
0 0.4921875 0.5046875 0.0109375 0.01484375
0 0.596875 0.403125 0.01015625 0.01796875
0 0.60625 0.40078125 0.009375 0.01328125
0 0.625 0.46328125 0.0109375 0.01796875
0 0.53125 0.346875 0.00703125 0.01640625
0 0.5265625 0.34765625 0.00546875 0.0203125
0 0.48828125 0.35546875 0.00703125 0.021875
0 0.48125 0.37109375 0.00859375 0.02265625
0 0.47734375 0.34765625 0.00625 0.015625
0 0.46484375 0.35390625 0.00859375 0.01640625
0 0.465625 0.3859375 0.0078125 0.015625
0 0.47421875 0.38203125 0.00625 0.0109375
0 0.55859375 0.39296875 0.0078125 0.01640625
0 0.61015625 0.428125 0.00703125 0.0125
0 0.3390625 0.74140625 0.01015625 0.01484375
0 0.53359375 0.659375 0.0078125 0.01796875
0 0.553125 0.66875 0.00703125 0.01484375
0 0.5640625 0.65078125 0.00625 0.015625
0 0.72109375 0.89296875 0.0109375 0.0203125
0 0.71796875 0.903125 0.0140625 0.0203125
0 0.44921875 0.8328125 0.00546875 0.02421875
0 0.45234375 0.8484375 0.00625 0.01875
0 0.4609375 0.84296875 0.00546875 0.021875
0 0.46953125 0.83125 0.00625 0.01953125
0 0.4671875 0.8453125 0.00625 0.01484375
0 0.4046875 0.99609375 0.009375 0.0078125
0 0.37578125 0.98984375 0.0078125 0.0203125
0 0.35546875 0.990625 0.00703125 0.01875
0 0.33125 0.95390625 0.009375 0.021875
0 0.3109375 0.9828125 0.0109375 0.02265625
0 0.3 0.9734375 0.0109375 0.01953125
0 0.290625 0.99140625 0.0109375 0.0171875
0 0.28125 0.99140625 0.009375 0.0171875
0 0.1921875 0.94609375 0.01328125 0.0265625
0 0.18671875 0.97265625 0.0171875 0.0203125
0 0.14375 0.93203125 0.015625 0.01875
0 0.11015625 0.99140625 0.0140625 0.0171875
0 0.759375 0.18828125 0.0109375 0.02109375