0 0.884375 0.66875 0.0203125 0.01328125
0 0.63984375 0.78671875 0.0125 0.01640625
0 0.58203125 0.6421875 0.0140625 0.01328125
0 0.3421875 0.70390625 0.01015625 0.02265625
0 0.29140625 0.3640625 0.00859375 0.01875
0 0.2890625 0.34453125 0.01015625 0.0171875
0 0.28671875 0.19609375 0.01484375 0.02109375
0 0.34609375 0.17890625 0.01015625 0.01875
0 0.48828125 0.1515625 0.01015625 0.01953125
0 0.5484375 0.16953125 0.01015625 0.01953125
0 0.60234375 0.26171875 0.0140625 0.015625
0 0.634375 0.29296875 0.0109375 0.0203125
0 0.67265625 0.21875 0.00859375 0.01953125
0 0.67578125 0.378125 0.0078125 0.01484375
0 0.78515625 0.1921875 0.00625 0.015625
0 0.72421875 0.14921875 0.00859375 0.02109375