0 0.1375 0.61875 0.01328125 0.02578125
0 0.2078125 0.496875 0.015625 0.03828125
0 0.22734375 0.52109375 0.015625 0.04375
0 0.43515625 0.6390625 0.009375 0.0390625
0 0.48515625 0.61171875 0.0125 0.04375
0 0.49765625 0.665625 0.01015625 0.04921875
0 0.5125 0.73828125 0.01640625 0.0375
0 0.57578125 0.79765625 0.01484375 0.05234375
0 0.60390625 0.79609375 0.02109375 0.03359375
0 0.63203125 0.73515625 0.01171875 0.053125
0 0.6796875 0.74375 0.015625 0.05078125
0 0.69453125 0.7921875 0.0234375 0.0484375
0 0.58203125 0.94375 0.015625 0.04375
0 0.584375 0.98203125 0.015625 0.0359375
0 0.7515625 0.903125 0.02421875 0.0359375
0 0.59140625 0.9171875 0.015625 0.02890625
0 0.59453125 0.88984375 0.01484375 0.0296875
0 0.5640625 0.628125 0.0171875 0.040625
0 0.59921875 0.58515625 0.0140625 0.05
0 0.540625 0.5421875 0.015625 0.05859375
0 0.50390625 0.49375 0.0125 0.03359375
0 0.50703125 0.45546875 0.00859375 0.0296875
0 0.53046875 0.4375 0.01015625 0.02578125
0 0.54375 0.4484375 0.01015625 0.03984375
0 0.56484375 0.44921875 0.01171875 0.046875
0 0.5890625 0.40546875 0.01171875 0.04140625
0 0.61875 0.40859375 0.01328125 0.04375
0 0.2078125 0.40546875 0.01328125 0.040625
0 0.2359375 0.36875 0.0125 0.0359375
0 0.36484375 0.421875 0.00859375 0.04375
0 0.38203125 0.3953125 0.01171875 0.03828125
0 0.38515625 0.4328125 0.01015625 0.0484375
0 0.3375 0.2 0.01171875 0.0375
0 0.33828125 0.18671875 0.00859375 0.0375
0 0.33203125 0.17109375 0.0078125 0.02265625
0 0.3625 0.18046875 0.00703125 0.04140625
0 0.5609375 0.2296875 0.00859375 0.03671875
0 0.5609375 0.15703125 0.00625 0.03515625
0 0.5671875 0.15625 0.00703125 0.040625
0 0.62265625 0.0375 0.00546875 0.0359375
0 0.61875 0.03125 0.00546875 0.0328125
0 0.5484375 0.01015625 0.0078125 0.0203125
0 0.44296875 0.0015625 0.0046875 0.003125
0 0.4375 0.0109375 0.00625 0.021875
0 0.428125 0.0109375 0.00859375 0.02109375
0 0.41796875 0.0140625 0.01328125 0.028125
0 0.37734375 0.009375 0.0078125 0.01875
0 0.375 0.02734375 0.00625 0.034375
0 0.38203125 0.03671875 0.009375 0.0328125
0 0.28515625 0.00703125 0.0109375 0.0140625
0 0.6421875 0.8140625 0.01484375 0.0359375