0 0.8421875 0.1078125 0.021875 0.0390625
0 0.14765625 0.60234375 0.0234375 0.021875
0 0.609375 0.578125 0.0125 0.021875
0 0.02578125 0.39375 0.028125 0.015625
0 0.76875 0.62734375 0.015625 0.01875
0 0.14140625 0.05078125 0.03046875 0.028125
0 0.83203125 0.09765625 0.01953125 0.0265625
0 0.90546875 0.77578125 0.0265625 0.03203125
0 0.9609375 0.64453125 0.0265625 0.0265625
0 0.965625 0.61171875 0.0296875 0.01796875
0 0.97890625 0.6515625 0.0265625 0.0328125
0 0.85625 0.73515625 0.0265625 0.02890625
0 0.9359375 0.634375 0.025 0.03046875
0 0.88125 0.87578125 0.01953125 0.03359375
0 0.771875 0.659375 0.02109375 0.0265625
0 0.85625 0.83203125 0.025 0.0359375
0 0.83359375 0.8015625 0.02578125 0.03359375
0 0.90078125 0.8 0.02109375 0.0359375
0 0.87578125 0.88515625 0.00703125 0.0265625
0 0.91640625 0.775 0.02265625 0.0328125
0 0.85234375 0.109375 0.0203125 0.0375