0 0.18046875 0.0796875 0.01171875 0.0203125
0 0.1875 0.02734375 0.01171875 0.01875
0 0.2984375 0.19609375 0.01015625 0.01484375
0 0.390625 0.3796875 0.0109375 0.015625
0 0.49609375 0.49765625 0.0109375 0.0125
0 0.42734375 0.5140625 0.00859375 0.01171875
0 0.42421875 0.5296875 0.0078125 0.00859375
0 0.42578125 0.540625 0.0078125 0.01171875
0 0.50390625 0.34921875 0.00703125 0.01328125
0 0.4921875 0.34921875 0.00703125 0.0140625
0 0.5125 0.36796875 0.00625 0.01953125
0 0.5046875 0.3734375 0.00625 0.02109375
0 0.49609375 0.378125 0.00625 0.01171875
0 0.48828125 0.378125 0.00625 0.01640625
0 0.55234375 0.37734375 0.00546875 0.01484375
0 0.54765625 0.375 0.00546875 0.0171875
0 0.58359375 0.25234375 0.0078125 0.0171875
0 0.57578125 0.2796875 0.00859375 0.015625
0 0.534375 0.2078125 0.0078125 0.0140625
0 0.52734375 0.225 0.00703125 0.02109375
0 0.51875 0.21640625 0.00703125 0.0171875
0 0.50390625 0.20546875 0.00859375 0.01640625
0 0.4640625 0.24765625 0.00625 0.01640625
0 0.77890625 0.35 0.01015625 0.01328125
0 0.6015625 0.46171875 0.0078125 0.01171875
0 0.6109375 0.46328125 0.0078125 0.0109375
0 0.6109375 0.490625 0.00625 0.0125
0 0.61328125 0.47734375 0.00859375 0.01171875
0 0.6125 0.525 0.009375 0.015625
0 0.5640625 0.4328125 0.009375 0.01328125
0 0.50859375 0.65390625 0.0078125 0.0125
0 0.5375 0.6640625 0.00625 0.01484375
0 0.52578125 0.67421875 0.00625 0.01171875
0 0.64296875 0.96015625 0.0078125 0.021875
0 0.6375 0.96796875 0.01171875 0.0203125
0 0.428125 0.7765625 0.00625 0.0171875
0 0.42421875 0.78359375 0.00546875 0.01171875
0 0.41875 0.78125 0.00625 0.0171875
0 0.4109375 0.7828125 0.0078125 0.01484375
0 0.409375 0.7671875 0.00703125 0.0203125
0 0.325 0.6296875 0.009375 0.0109375
0 0.125 0.69375 0.0171875 0.01875
0 0.16484375 0.74296875 0.01328125 0.01640625
0 0.1546875 0.759375 0.01640625 0.0125
0 0.08984375 0.7375 0.015625 0.01484375
0 0.078125 0.74453125 0.01015625 0.0140625
0 0.1015625 0.83828125 0.01171875 0.025
0 0.2421875 0.9921875 0.0125 0.015625
0 0.346875 0.88828125 0.0078125 0.02265625
0 0.32421875 0.871875 0.01015625 0.01796875
0 0.315625 0.8796875 0.00859375 0.015625
0 0.31015625 0.859375 0.009375 0.0171875
0 0.2875 0.815625 0.009375 0.01796875
0 0.2640625 0.82734375 0.01171875 0.0203125
0 0.25859375 0.81171875 0.01171875 0.01875
0 0.2453125 0.83359375 0.01171875 0.02109375
0 0.2375 0.8296875 0.0125 0.0234375
0 0.23125 0.84609375 0.0109375 0.01328125
0 0.27421875 0.9015625 0.01171875 0.028125
0 0.2765625 0.91328125 0.01484375 0.02265625
0 0.26484375 0.9140625 0.00859375 0.0203125
0 0.78203125 0.390625 0.01171875 0.01015625