0 0.925 0.5046875 0.03984375 0.0359375
0 0.45625 0.571875 0.025 0.05078125
0 0.3984375 0.575 0.02734375 0.05546875
0 0.43359375 0.57734375 0.02421875 0.05390625
0 0.14453125 0.71328125 0.03984375 0.04609375
0 0.12421875 0.7625 0.04296875 0.06015625
0 0.7875 0.88671875 0.0328125 0.06484375
0 0.72734375 0.89140625 0.04375 0.07734375
0 0.69453125 0.8953125 0.03828125 0.071875
0 0.7546875 0.92578125 0.03046875 0.05390625
0 0.75234375 0.96953125 0.03125 0.0609375
0 0.9375 0.29140625 0.0421875 0.06015625