0 0.93515625 0.8296875 0.0265625 0.02734375
0 0.70078125 0.62109375 0.01484375 0.0203125
0 0.6515625 0.73046875 0.01328125 0.02265625
0 0.3625 0.30859375 0.0171875 0.040625
0 0.80546875 0.234375 0.01875 0.0234375
0 0.87890625 0.15546875 0.021875 0.028125
0 0.91484375 0.0921875 0.02109375 0.0234375
0 0.91328125 0.29453125 0.028125 0.02265625
0 0.96328125 0.25390625 0.025 0.02578125
0 0.9765625 0.2296875 0.01484375 0.02109375
0 0.89296875 0.38359375 0.01953125 0.02265625
0 0.81953125 0.38359375 0.0234375 0.01875
0 0.9234375 0.47265625 0.01953125 0.021875