0 0.9671875 0.4734375 0.05 0.0546875
0 0.97578125 0.715625 0.04453125 0.04453125
0 0.80546875 0.71640625 0.0359375 0.0609375
0 0.6578125 0.734375 0.03515625 0.0671875
0 0.7140625 0.78984375 0.03125 0.0609375
0 0.74921875 0.81796875 0.0375 0.078125
0 0.72265625 0.85546875 0.03359375 0.05703125
0 0.171875 0.9234375 0.0359375 0.0703125
0 0.1515625 0.971875 0.04453125 0.05625
0 0.41875 0.3171875 0.02890625 0.07578125
0 0.4453125 0.31875 0.02578125 0.0734375
0 0.38203125 0.32578125 0.02890625 0.0703125