0 0.78515625 0.02578125 0.015625 0.0390625
0 0.778125 0.015625 0.01640625 0.028125
0 0.7484375 0.36015625 0.01484375 0.01796875
0 0.61796875 0.44296875 0.0125 0.01875
0 0.61484375 0.3953125 0.01015625 0.01875
0 0.60390625 0.36875 0.01171875 0.015625
0 0.43046875 0.3 0.01171875 0.01875
0 0.44375 0.240625 0.01015625 0.02265625
0 0.453125 0.2328125 0.0078125 0.0171875
0 0.4625 0.23359375 0.00859375 0.01953125
0 0.28984375 0.41328125 0.0125 0.0171875
0 0.3984375 0.41015625 0.00859375 0.015625
0 0.4 0.42265625 0.01171875 0.01171875
0 0.39609375 0.5140625 0.01484375 0.01796875
0 0.39375 0.5390625 0.0109375 0.01796875
0 0.39609375 0.56796875 0.01171875 0.021875
0 0.409375 0.5328125 0.01875 0.02109375
0 0.415625 0.5484375 0.009375 0.01640625
0 0.41640625 0.5703125 0.01328125 0.01796875
0 0.29765625 0.509375 0.01328125 0.0171875
0 0.29609375 0.53125 0.01328125 0.0203125
0 0.30234375 0.59921875 0.0140625 0.02265625
0 0.33828125 0.63046875 0.0140625 0.0234375
0 0.0484375 0.746875 0.028125 0.021875
0 0.0234375 0.74296875 0.0171875 0.0203125
0 0.49765625 0.56953125 0.01015625 0.0390625
0 0.38203125 0.72421875 0.01328125 0.02265625
0 0.528125 0.68984375 0.00859375 0.02265625
0 0.540625 0.69375 0.0078125 0.0203125
0 0.546875 0.6859375 0.00859375 0.01953125
0 0.634375 0.921875 0.01015625 0.040625
0 0.71015625 0.61640625 0.01328125 0.0171875
0 0.72265625 0.61796875 0.0140625 0.015625
0 0.71640625 0.6359375 0.01875 0.01484375
0 0.7359375 0.65390625 0.01484375 0.021875
0 0.72265625 0.659375 0.01328125 0.021875
0 0.709375 0.6640625 0.0171875 0.015625
0 0.91875 0.5625 0.0234375 0.01796875
0 0.9 0.60703125 0.021875 0.01640625
0 0.87578125 0.6234375 0.02109375 0.0140625
0 0.965625 0.6640625 0.02421875 0.02734375
0 0.946875 0.671875 0.02734375 0.0203125
0 0.965625 0.6828125 0.02265625 0.01640625
0 0.846875 0.81796875 0.01796875 0.03125
0 0.81171875 0.8640625 0.015625 0.02421875
0 0.8359375 0.91171875 0.01796875 0.02109375
0 0.86484375 0.94765625 0.02109375 0.03359375
0 0.8953125 0.9453125 0.02109375 0.028125
0 0.84296875 0.959375 0.01875 0.03359375
0 0.83046875 0.97109375 0.0234375 0.02578125
0 0.8109375 0.9609375 0.015625 0.02890625
0 0.77421875 0.959375 0.01484375 0.0296875