0 0.95 0.090625 0.03828125 0.05234375
0 0.95546875 0.24296875 0.0328125 0.03125
0 0.99140625 0.14140625 0.0171875 0.0359375
0 0.9921875 0.1015625 0.01484375 0.03125
0 0.9953125 0.04921875 0.009375 0.0375
0 0.9546875 0.00625 0.0296875 0.0125
0 0.74765625 0.12109375 0.01875 0.03359375
0 0.73671875 0.18671875 0.02109375 0.040625
0 0.74140625 0.15390625 0.021875 0.034375
0 0.71953125 0.1234375 0.0140625 0.02109375
0 0.71015625 0.1515625 0.01953125 0.0375
0 0.7234375 0.15625 0.01640625 0.034375
0 0.99140625 0.23828125 0.0171875 0.028125
0 0.99609375 0.26015625 0.0078125 0.0171875
0 0.8375 0.51328125 0.02890625 0.025
0 0.55546875 0.20625 0.01640625 0.040625
0 0.51796875 0.19765625 0.0109375 0.0328125
0 0.49609375 0.20703125 0.01171875 0.034375
0 0.3203125 0.41015625 0.01640625 0.02109375
0 0.3140625 0.43046875 0.02265625 0.01875
0 0.3125 0.45546875 0.01875 0.02421875
0 0.37265625 0.46875 0.0109375 0.0203125
0 0.3875 0.66640625 0.0140625 0.03046875
0 0.378125 0.6640625 0.0109375 0.02890625
0 0.43828125 0.73125 0.01171875 0.03359375
0 0.45625 0.725 0.01328125 0.05390625
0 0.47109375 0.725 0.0125 0.028125
0 0.48359375 0.73515625 0.0125 0.03671875
0 0.4671875 0.77109375 0.0171875 0.03515625
0 0.44765625 0.76015625 0.01640625 0.025
0 0.56484375 0.584375 0.01484375 0.03828125
0 0.6296875 0.58671875 0.01796875 0.02734375
0 0.63984375 0.56484375 0.015625 0.0203125
0 0.640625 0.54375 0.015625 0.0234375
0 0.278125 0.85546875 0.02109375 0.0328125
0 0.359375 0.94296875 0.015625 0.04453125
0 0.375 0.95234375 0.0171875 0.03515625
0 0.3890625 0.98203125 0.021875 0.0359375
0 0.48515625 0.88125 0.01484375 0.0328125
0 0.49296875 0.9515625 0.01953125 0.03828125
0 0.31875 0.50703125 0.0203125 0.01953125
0 0.31875 0.4875 0.01796875 0.0203125