0 0.053125 0.634375 0.0203125 0.01640625
0 0.03515625 0.5921875 0.01796875 0.01015625
0 0.1296875 0.8640625 0.01796875 0.021875
0 0.190625 0.571875 0.0140625 0.01328125
0 0.35625 0.50625 0.009375 0.02109375
0 0.41484375 0.1921875 0.01015625 0.02265625
0 0.45703125 0.1671875 0.0078125 0.021875
0 0.39765625 0.23046875 0.009375 0.02265625
0 0.38828125 0.23359375 0.0109375 0.01875
0 0.36875 0.29765625 0.01015625 0.025
0 0.359375 0.31015625 0.0109375 0.01484375
0 0.42421875 0.38359375 0.00859375 0.01875
0 0.43359375 0.3671875 0.00703125 0.01875
0 0.4390625 0.35390625 0.00703125 0.015625
0 0.44296875 0.3859375 0.01484375 0.01640625
0 0.43984375 0.4015625 0.00859375 0.01328125
0 0.43359375 0.41328125 0.01015625 0.01328125
0 0.484375 0.31484375 0.01015625 0.01484375
0 0.48046875 0.32109375 0.01015625 0.01640625
0 0.5265625 0.3234375 0.00859375 0.021875
0 0.56015625 0.30625 0.009375 0.01484375
0 0.56875 0.29453125 0.0078125 0.0171875
0 0.578125 0.3046875 0.01484375 0.01171875
0 0.58046875 0.31640625 0.00859375 0.0140625
0 0.61640625 0.3265625 0.01015625 0.01953125
0 0.48359375 0.51015625 0.0109375 0.01875
0 0.440625 0.61875 0.01015625 0.0171875
0 0.45078125 0.64296875 0.0078125 0.01640625
0 0.44453125 0.6375 0.00703125 0.01796875
0 0.5734375 0.615625 0.00859375 0.0171875
0 0.590625 0.59765625 0.00703125 0.01796875
0 0.5953125 0.57265625 0.00859375 0.01484375
0 0.80859375 0.64921875 0.015625 0.01328125
0 0.8078125 0.66171875 0.01640625 0.01484375
0 0.66640625 0.765625 0.0109375 0.01796875
0 0.40234375 0.8703125 0.0140625 0.02109375
0 0.53515625 0.85234375 0.00625 0.0265625
0 0.5421875 0.86484375 0.0078125 0.02265625
0 0.5484375 0.85 0.00859375 0.02734375
0 0.55703125 0.85 0.00703125 0.0171875
0 0.55390625 0.8328125 0.00703125 0.0203125
0 0.55234375 0.8828125 0.00703125 0.02109375
0 0.46171875 0.1359375 0.009375 0.0265625