0 0.34921875 0.153125 0.009375 0.025
0 0.546875 0.2421875 0.00859375 0.01953125
0 0.60859375 0.15546875 0.01328125 0.0234375
0 0.58671875 0.3625 0.0125 0.0171875
0 0.58828125 0.384375 0.0109375 0.01953125
0 0.721875 0.346875 0.0109375 0.02109375
0 0.7640625 0.36875 0.01328125 0.0171875
0 0.75703125 0.39375 0.0109375 0.0171875
0 0.77265625 0.2765625 0.01015625 0.01640625
0 0.82265625 0.24609375 0.00625 0.01484375
0 0.771875 0.23046875 0.015625 0.0234375
0 0.70078125 0.19453125 0.01015625 0.0203125
0 0.8921875 0.71484375 0.01953125 0.01484375
0 0.5859375 0.6796875 0.01015625 0.01484375
0 0.6625 0.77578125 0.0078125 0.0140625
0 0.3828125 0.653125 0.01171875 0.01328125