0 0.1734375 0.859375 0.0234375 0.03515625
0 0.14765625 0.82109375 0.03046875 0.0359375
0 0.15078125 0.68984375 0.02578125 0.02890625
0 0.178125 0.6046875 0.01640625 0.0421875
0 0.34140625 0.74609375 0.0140625 0.0359375
0 0.36640625 0.7359375 0.009375 0.03125
0 0.37109375 0.775 0.0140625 0.05390625
0 0.44921875 0.66015625 0.0109375 0.0453125
0 0.45625 0.634375 0.0125 0.02890625
0 0.4734375 0.63984375 0.01171875 0.040625
0 0.4578125 0.72734375 0.01328125 0.02890625
0 0.484375 0.71640625 0.01328125 0.04375
0 0.53125 0.66328125 0.01484375 0.040625
0 0.60078125 0.67109375 0.01171875 0.03984375
0 0.58515625 0.753125 0.01640625 0.040625
0 0.5546875 0.828125 0.01171875 0.0546875
0 0.528125 0.86328125 0.015625 0.028125
0 0.59375 0.82109375 0.0203125 0.0484375
0 0.6125 0.8203125 0.01875 0.03515625
0 0.57265625 0.90703125 0.015625 0.0453125
0 0.6109375 0.87734375 0.02265625 0.0265625
0 0.4796875 0.475 0.009375 0.02578125
0 0.50703125 0.4953125 0.01171875 0.04296875
0 0.528125 0.50234375 0.0171875 0.03515625
0 0.55 0.44765625 0.01484375 0.0328125
0 0.5578125 0.28828125 0.0078125 0.034375
0 0.56640625 0.2890625 0.01015625 0.03828125
0 0.596875 0.209375 0.0078125 0.02734375
0 0.61015625 0.23046875 0.01015625 0.034375
0 0.6328125 0.16484375 0.0078125 0.03515625
0 0.628125 0.15625 0.00625 0.03359375
0 0.55 0.12890625 0.00859375 0.021875
0 0.428125 0.09375 0.00703125 0.0328125
0 0.42734375 0.1265625 0.00703125 0.0359375
0 0.4171875 0.1265625 0.01015625 0.0359375
0 0.4046875 0.134375 0.00703125 0.040625
0 0.36953125 0.1578125 0.00859375 0.03515625
0 0.3671875 0.1234375 0.0078125 0.03515625
0 0.36328125 0.1203125 0.0078125 0.0359375
0 0.346875 0.09296875 0.00859375 0.03359375
0 0.346875 0.06328125 0.00625 0.02578125
0 0.29140625 0.12109375 0.0109375 0.028125
0 0.2734375 0.1375 0.0109375 0.03125
0 0.49453125 0.01796875 0.00859375 0.01875
0 0.50390625 0.02109375 0.00703125 0.0359375
0 0.5171875 0.03671875 0.00703125 0.03515625
0 0.5234375 0.0375 0.00546875 0.0375
0 0.5703125 0.0765625 0.00625 0.03671875
0 0.5734375 0.0640625 0.00546875 0.03203125
0 0.5890625 0.0703125 0.00703125 0.0375
0 0.5765625 0.0828125 0.00703125 0.04140625
0 0.6609375 0.046875 0.00625 0.021875
0 0.56015625 0.32109375 0.0078125 0.0203125
0 0.30859375 0.39453125 0.01328125 0.0359375
0 0.309375 0.37109375 0.0140625 0.0328125
0 0.31953125 0.35 0.009375 0.0328125
0 0.33828125 0.365625 0.0109375 0.04453125