0 0.15390625 0.86796875 0.02421875 0.03671875
0 0.12734375 0.82734375 0.03203125 0.03671875
0 0.13046875 0.69140625 0.02734375 0.03046875
0 0.15859375 0.603125 0.0171875 0.04453125
0 0.328125 0.75 0.0140625 0.0375
0 0.3546875 0.7390625 0.009375 0.0328125
0 0.359375 0.7796875 0.01484375 0.05546875
0 0.440625 0.6609375 0.01171875 0.046875
0 0.44765625 0.63359375 0.0125 0.0296875
0 0.46484375 0.6390625 0.0125 0.0421875
0 0.44921875 0.7296875 0.0140625 0.03046875
0 0.4765625 0.71953125 0.0140625 0.0453125
0 0.52578125 0.6640625 0.015625 0.0421875
0 0.59765625 0.671875 0.0125 0.04140625
0 0.58125 0.75703125 0.0171875 0.0421875
0 0.55 0.83515625 0.0125 0.05703125
0 0.521875 0.871875 0.01640625 0.02890625
0 0.58984375 0.82734375 0.02109375 0.05
0 0.609375 0.82734375 0.01953125 0.03671875
0 0.56796875 0.91640625 0.01640625 0.046875
0 0.6078125 0.8859375 0.0234375 0.02734375
0 0.471875 0.46875 0.009375 0.02734375
0 0.5 0.4890625 0.0125 0.04453125
0 0.52265625 0.49609375 0.01796875 0.03671875
0 0.54453125 0.43984375 0.01484375 0.03359375
0 0.55234375 0.27421875 0.00859375 0.0359375
0 0.56171875 0.275 0.01015625 0.03984375
0 0.59375 0.1921875 0.0078125 0.028125
0 0.6078125 0.2140625 0.0109375 0.03515625
0 0.63046875 0.14609375 0.0078125 0.03671875
0 0.62578125 0.13671875 0.00625 0.03515625
0 0.54453125 0.10859375 0.00859375 0.02265625
0 0.41875 0.071875 0.00703125 0.034375
0 0.4171875 0.10625 0.0078125 0.0375
0 0.40703125 0.10703125 0.01015625 0.0375
0 0.39375 0.1140625 0.00703125 0.0421875
0 0.3578125 0.1390625 0.009375 0.03671875
0 0.35546875 0.103125 0.00859375 0.03671875
0 0.35078125 0.1 0.0078125 0.0375
0 0.334375 0.071875 0.00859375 0.03515625
0 0.33359375 0.04140625 0.00625 0.0265625
0 0.2765625 0.10078125 0.01171875 0.0296875
0 0.2578125 0.11796875 0.01171875 0.03203125
0 0.496875 0.0078125 0.0078125 0.015625
0 0.5109375 0.015625 0.0078125 0.03046875
0 0.5171875 0.0171875 0.00546875 0.03359375
0 0.565625 0.0546875 0.00625 0.03828125
0 0.56953125 0.04140625 0.00546875 0.03359375
0 0.58515625 0.0484375 0.0078125 0.0390625
0 0.57265625 0.0609375 0.00703125 0.04296875
0 0.66015625 0.0234375 0.00703125 0.02265625
0 0.55546875 0.3078125 0.0078125 0.02109375
0 0.29453125 0.384375 0.0140625 0.0375
0 0.29453125 0.36015625 0.01484375 0.034375
0 0.30625 0.33828125 0.01015625 0.034375
0 0.325 0.3546875 0.01171875 0.04609375