0 0.3453125 0.3515625 0.02890625 0.03359375
0 0.30625 0.475 0.02890625 0.0390625
0 0.31796875 0.55234375 0.028125 0.0328125
0 0.4328125 0.6734375 0.02109375 0.04921875
0 0.53046875 0.50859375 0.0171875 0.0359375
0 0.54453125 0.3390625 0.02265625 0.04765625
0 0.4671875 0.3015625 0.0171875 0.053125
0 0.47421875 0.41640625 0.0234375 0.03671875
0 0.66640625 0.6625 0.02890625 0.04140625
0 0.68828125 0.49765625 0.0265625 0.03125
0 0.58046875 0.6265625 0.01796875 0.0390625
0 0.76640625 0.2015625 0.03515625 0.05234375