0 0.69453125 0.2921875 0.0265625 0.05078125
0 0.46015625 0.29375 0.01953125 0.03828125
0 0.53203125 0.31953125 0.02421875 0.03984375
0 0.47109375 0.42890625 0.01953125 0.0453125
0 0.525 0.4875 0.0140625 0.040625
0 0.6609375 0.5046875 0.01796875 0.03359375
0 0.68984375 0.65546875 0.028125 0.04296875
0 0.56640625 0.66171875 0.01875 0.0453125
0 0.42578125 0.7078125 0.02265625 0.03671875
0 0.28984375 0.57578125 0.025 0.0390625
0 0.34609375 0.346875 0.01953125 0.04140625
0 0.20078125 0.478125 0.03359375 0.0296875