0 0.8875 0.67578125 0.01953125 0.0125
0 0.6578125 0.78671875 0.01171875 0.015625
0 0.603125 0.65078125 0.01328125 0.0125
0 0.3765625 0.709375 0.009375 0.02109375
0 0.32890625 0.3890625 0.00859375 0.0171875
0 0.3265625 0.3703125 0.009375 0.01640625
0 0.32421875 0.2296875 0.0140625 0.01953125
0 0.38046875 0.2140625 0.009375 0.01796875
0 0.51484375 0.18828125 0.01015625 0.01875
0 0.571875 0.20546875 0.009375 0.01796875
0 0.621875 0.2921875 0.01328125 0.01484375
0 0.65234375 0.32109375 0.01015625 0.01875
0 0.68828125 0.2515625 0.0078125 0.01875
0 0.69140625 0.40234375 0.00703125 0.0140625
0 0.79375 0.2265625 0.00625 0.01484375
0 0.73671875 0.1859375 0.00859375 0.01953125