0 0.6234375 0.278125 0.01328125 0.0640625
0 0.5890625 0.30859375 0.0203125 0.0625
0 0.59296875 0.34765625 0.015625 0.07265625
0 0.57265625 0.37734375 0.01796875 0.06640625
0 0.57421875 0.4296875 0.01640625 0.08046875
0 0.596875 0.48515625 0.01875 0.06953125
0 0.44921875 0.4015625 0.01875 0.06171875
0 0.41328125 0.25546875 0.021875 0.07421875
0 0.396875 0.26796875 0.02578125 0.0515625
0 0.3703125 0.278125 0.02890625 0.04609375
0 0.31875 0.2546875 0.0171875 0.0546875
0 0.33046875 0.28671875 0.01796875 0.0515625
0 0.35390625 0.3046875 0.015625 0.0640625
0 0.29140625 0.28984375 0.025 0.05390625
0 0.265625 0.290625 0.01796875 0.06328125
0 0.3015625 0.3765625 0.01953125 0.06484375
0 0.3515625 0.38515625 0.01875 0.06171875
0 0.34375 0.45703125 0.0203125 0.0515625
0 0.415625 0.471875 0.01796875 0.06953125
0 0.34296875 0.5375 0.021875 0.0640625
0 0.38828125 0.51875 0.01953125 0.06015625
0 0.434375 0.4953125 0.01640625 0.04375
0 0.4546875 0.5484375 0.01875 0.05625
0 0.4625 0.5890625 0.021875 0.06484375
0 0.26640625 0.24140625 0.02109375 0.06484375
0 0.24296875 0.23125 0.015625 0.05625
0 0.23046875 0.24375 0.01875 0.0609375
0 0.2203125 0.2671875 0.01640625 0.05859375
0 0.2265625 0.315625 0.0234375 0.05703125
0 0.20390625 0.28125 0.0171875 0.05703125
0 0.17421875 0.26484375 0.015625 0.05859375
0 0.18671875 0.31640625 0.0234375 0.0359375
0 0.15546875 0.24609375 0.01796875 0.06171875
0 0.1390625 0.32421875 0.0328125 0.053125
0 0.1796875 0.42109375 0.0203125 0.06953125
0 0.16875 0.46484375 0.02109375 0.0734375
0 0.2265625 0.72109375 0.03125 0.084375