0 0.16875 0.14765625 0.0171875 0.04375
0 0.23359375 0.08203125 0.0125 0.04921875
0 0.24140625 0.0875 0.0109375 0.053125
0 0.3078125 0.02578125 0.01171875 0.04921875
0 0.32421875 0.034375 0.009375 0.02890625
0 0.40703125 0.0125 0.00859375 0.025
0 0.42421875 0.01328125 0.00859375 0.0265625
0 0.56875 0.2875 0.021875 0.0609375
0 0.53359375 0.3359375 0.01484375 0.05546875
0 0.58984375 0.328125 0.0140625 0.0609375
0 0.66796875 0.27734375 0.0140625 0.0515625
0 0.6140625 0.34453125 0.01640625 0.06953125
0 0.60078125 0.36640625 0.0125 0.05703125
0 0.58359375 0.3828125 0.0171875 0.0359375
0 0.63046875 0.334375 0.01796875 0.06015625
0 0.64921875 0.34765625 0.01640625 0.05390625
0 0.66484375 0.35390625 0.0171875 0.0484375
0 0.61640625 0.41640625 0.01796875 0.06171875
0 0.6296875 0.4265625 0.01328125 0.05859375
0 0.66875 0.42109375 0.01796875 0.071875
0 0.73046875 0.39296875 0.01796875 0.05546875
0 0.70078125 0.4640625 0.0203125 0.0609375
0 0.72109375 0.4703125 0.01953125 0.06328125
0 0.67109375 0.54765625 0.0234375 0.06171875
0 0.67421875 0.66171875 0.02265625 0.05234375
0 0.65859375 0.78515625 0.02109375 0.06328125
0 0.6921875 0.80078125 0.0234375 0.059375
0 0.70546875 0.71015625 0.02109375 0.05
0 0.76640625 0.759375 0.0234375 0.06796875
0 0.746875 0.7859375 0.02734375 0.0625
0 0.7578125 0.928125 0.03046875 0.0703125
0 0.78515625 0.5 0.021875 0.0640625
0 0.81328125 0.58671875 0.02265625 0.071875
0 0.984375 0.78203125 0.03046875 0.05625
0 0.4546875 0.77890625 0.02734375 0.0546875
0 0.50859375 0.48828125 0.01484375 0.06328125
0 0.53515625 0.4703125 0.021875 0.06640625