0 0.08125 0.3875 0.02734375 0.0421875
0 0.17890625 0.31328125 0.01796875 0.05625
0 0.17109375 0.27734375 0.015625 0.0296875
0 0.26484375 0.21328125 0.01875 0.0578125
0 0.2859375 0.20703125 0.0125 0.053125
0 0.4015625 0.153125 0.0125 0.05
0 0.4046875 0.13828125 0.01015625 0.0546875
0 0.4171875 0.1484375 0.0109375 0.06015625
0 0.34453125 0.01953125 0.009375 0.0390625
0 0.36640625 0.0109375 0.00703125 0.02109375
0 0.56015625 0.02265625 0.01015625 0.0453125
0 0.66015625 0.1421875 0.0109375 0.04609375
0 0.665625 0.11953125 0.009375 0.025
0 0.67265625 0.13125 0.0140625 0.04921875
0 0.7453125 0.60625 0.02265625 0.05546875
0 0.734375 0.72421875 0.03046875 0.07421875
0 0.6703125 0.721875 0.02109375 0.06875
0 0.678125 0.76328125 0.025 0.05625
0 0.70625 0.784375 0.02578125 0.04765625
0 0.61875 0.78125 0.021875 0.0546875
0 0.63203125 0.79765625 0.01796875 0.05546875
0 0.621875 0.83046875 0.021875 0.04765625
0 0.55703125 0.80078125 0.02109375 0.05
0 0.66171875 0.9203125 0.0265625 0.0453125
0 0.740625 0.9515625 0.03515625 0.05390625
0 0.8234375 0.9734375 0.034375 0.053125
0 0.8234375 0.85625 0.03359375 0.06796875
0 0.5859375 0.6890625 0.025 0.0453125
0 0.4875 0.98359375 0.01640625 0.0328125
0 0.54453125 0.98125 0.02109375 0.0375