0 0.1703125 0.5734375 0.01484375 0.03671875
0 0.234375 0.45703125 0.0125 0.040625
0 0.25234375 0.47734375 0.0125 0.04609375
0 0.2328125 0.37734375 0.0140625 0.04140625
0 0.2609375 0.3453125 0.01015625 0.0359375
0 0.3796875 0.390625 0.0078125 0.0421875
0 0.3953125 0.3671875 0.01015625 0.03515625
0 0.39765625 0.40078125 0.00859375 0.0453125
0 0.51171875 0.4328125 0.0109375 0.03203125
0 0.51015625 0.4671875 0.01015625 0.034375
0 0.546875 0.51015625 0.0109375 0.03984375
0 0.546875 0.428125 0.01015625 0.04453125
0 0.56640625 0.428125 0.0078125 0.03828125
0 0.44375 0.61015625 0.01015625 0.040625
0 0.49765625 0.58359375 0.01171875 0.04296875
0 0.50703125 0.628125 0.01484375 0.04296875
0 0.57578125 0.60234375 0.01328125 0.040625
0 0.534375 0.4078125 0.00859375 0.01953125
0 0.5890625 0.4078125 0.0125 0.04296875
0 0.621875 0.40703125 0.01015625 0.04140625
0 0.59921875 0.5421875 0.01171875 0.03984375
0 0.628125 0.69765625 0.0140625 0.04453125
0 0.68125 0.7109375 0.025 0.04765625
0 0.69765625 0.7296875 0.01953125 0.05078125
0 0.603125 0.73671875 0.01953125 0.028125
0 0.57734375 0.74921875 0.01953125 0.0375
0 0.59375 0.828125 0.01328125 0.03671875
0 0.5796875 0.8640625 0.0140625 0.04140625
0 0.5953125 0.8625 0.01328125 0.03203125
0 0.5859375 0.91640625 0.01953125 0.03984375
0 0.56953125 0.93828125 0.01953125 0.040625
0 0.65859375 0.9171875 0.01875 0.0734375
0 0.728125 0.9828125 0.02109375 0.03203125
0 0.7453125 0.83359375 0.02421875 0.0328125
0 0.56328125 0.221875 0.0078125 0.03515625
0 0.5640625 0.15078125 0.00625 0.03125
0 0.56953125 0.1484375 0.00625 0.034375
0 0.5515625 0.0140625 0.00703125 0.01875
0 0.6171875 0.034375 0.0046875 0.03046875
0 0.621875 0.03984375 0.00546875 0.0328125
0 0.4328125 0.01640625 0.00703125 0.0328125
0 0.43984375 0.01328125 0.0078125 0.02578125
0 0.44765625 0.0125 0.0046875 0.025
0 0.39140625 0.015625 0.00703125 0.03125
0 0.38671875 0.03125 0.00625 0.03125
0 0.3953125 0.0375 0.01015625 0.034375
0 0.3546875 0.17578125 0.00859375 0.03828125
0 0.3546875 0.1890625 0.009375 0.0328125
0 0.378125 0.17109375 0.0078125 0.03984375
0 0.515625 0.68359375 0.0109375 0.03125
0 0.63515625 0.75390625 0.01328125 0.02578125