0 0.315625 0.5671875 0.021875 0.03125
0 0.3109375 0.4734375 0.0265625 0.05390625
0 0.34375 0.3296875 0.0265625 0.028125
0 0.4421875 0.40703125 0.0265625 0.05
0 0.52265625 0.3453125 0.0203125 0.0421875
0 0.46875 0.4578125 0.0421875 0.04609375
0 0.43203125 0.621875 0.0296875 0.0296875
0 0.525 0.61875 0.01953125 0.03515625
0 0.66015625 0.63515625 0.02421875 0.03515625
0 0.6375 0.484375 0.021875 0.03515625
0 0.73359375 0.17421875 0.03515625 0.04765625
0 0.98984375 0.36640625 0.0203125 0.04609375
0 0.98984375 0.41796875 0.0203125 0.04765625
0 0.51328125 0.4765625 0.01640625 0.0375