0 0.021875 0.39921875 0.0296875 0.02265625
0 0.70078125 0.98515625 0.02265625 0.02890625
0 0.86328125 0.91875 0.02265625 0.03671875
0 0.7171875 0.9078125 0.0203125 0.0359375
0 0.72578125 0.2328125 0.0171875 0.03125
0 0.78046875 0.1921875 0.0203125 0.03671875
0 0.66640625 0.81484375 0.0171875 0.02734375
0 0.76328125 0.24765625 0.01875 0.03671875
0 0.51484375 0.38359375 0.01796875 0.025
0 0.79375 0.48984375 0.02109375 0.025
0 0.7171875 0.9953125 0.01875 0.009375
0 0.8109375 0.4984375 0.02109375 0.03125
0 0.77890625 0.240625 0.0203125 0.02578125
0 0.73984375 0.83671875 0.021875 0.0359375
0 0.69765625 0.85859375 0.01875 0.03515625
0 0.73203125 0.865625 0.01875 0.03125
0 0.70234375 0.9171875 0.01640625 0.0375
0 0.54375 0.459375 0.01328125 0.02734375
0 0.53828125 0.43046875 0.01015625 0.025
0 0.75234375 0.83125 0.0171875 0.034375
0 0.5921875 0.7953125 0.0109375 0.03203125