0 0.58984375 0.41328125 0.00859375 0.01640625
0 0.56796875 0.48125 0.01328125 0.01953125
0 0.5984375 0.50625 0.01171875 0.015625
0 0.5453125 0.43984375 0.0125 0.025
0 0.53984375 0.37265625 0.00859375 0.01875
0 0.4796875 0.29921875 0.0109375 0.00859375
0 0.4703125 0.28828125 0.0140625 0.0171875
0 0.46015625 0.25703125 0.0125 0.01640625
0 0.540625 0.09921875 0.009375 0.01953125
0 0.5734375 0.121875 0.009375 0.02734375
0 0.59609375 0.134375 0.01015625 0.021875
0 0.628125 0.13203125 0.0125 0.028125
0 0.71796875 0.70625 0.01328125 0.01953125
0 0.6453125 0.13984375 0.01171875 0.03125
0 0.66328125 0.13984375 0.01328125 0.025
0 0.6765625 0.11484375 0.01171875 0.0265625
0 0.6765625 0.15 0.01015625 0.0171875
0 0.6765625 0.1796875 0.0140625 0.02890625
0 0.67578125 0.17734375 0.00703125 0.01875
0 0.66328125 0.18671875 0.01015625 0.0203125
0 0.65546875 0.18203125 0.0125 0.03203125
0 0.6453125 0.17109375 0.01484375 0.02890625
0 0.671875 0.20546875 0.01171875 0.02265625
0 0.68046875 0.21015625 0.0125 0.01640625
0 0.68125 0.2203125 0.0140625 0.02109375
0 0.66484375 0.240625 0.0171875 0.03203125
0 0.67265625 0.253125 0.01484375 0.025
0 0.678125 0.265625 0.015625 0.02578125
0 0.684375 0.278125 0.015625 0.021875
0 0.690625 0.29609375 0.01484375 0.02109375
0 0.6953125 0.3109375 0.0140625 0.01953125
0 0.69765625 0.24765625 0.01484375 0.02265625
0 0.71953125 0.221875 0.01484375 0.01953125
0 0.7265625 0.2359375 0.021875 0.0203125
0 0.73125 0.24921875 0.01640625 0.0265625
0 0.73671875 0.2625 0.01484375 0.02265625
0 0.73515625 0.3078125 0.01875 0.01796875
0 0.73203125 0.29765625 0.01953125 0.01953125
0 0.728125 0.2859375 0.01875 0.01953125
0 0.7234375 0.271875 0.0125 0.01796875
0 0.71171875 0.29140625 0.0171875 0.01953125
0 0.70703125 0.27578125 0.01953125 0.02265625
0 0.703125 0.26328125 0.01875 0.0265625
0 0.71875 0.31796875 0.0140625 0.0171875
0 0.72109375 0.3265625 0.02265625 0.021875
0 0.70234375 0.34375 0.01875 0.0234375
0 0.6984375 0.325 0.01953125 0.02109375
0 0.746875 0.203125 0.015625 0.02109375
0 0.7421875 0.1921875 0.01640625 0.028125
0 0.73671875 0.171875 0.0140625 0.02265625
0 0.725 0.18828125 0.0125 0.01875
0 0.71796875 0.1734375 0.02265625 0.02421875
0 0.72890625 0.15234375 0.015625 0.02421875
0 0.721875 0.14296875 0.01640625 0.02265625
0 0.74921875 0.165625 0.0125 0.01796875
0 0.7546875 0.17578125 0.0125 0.02109375
0 0.8140625 0.1328125 0.015625 0.01796875
0 0.8328125 0.140625 0.01484375 0.02734375
0 0.8375 0.153125 0.01875 0.021875
0 0.84375 0.16953125 0.02109375 0.02421875
0 0.84609375 0.18125 0.02109375 0.021875
0 0.83671875 0.20390625 0.015625 0.021875
0 0.8421875 0.215625 0.0171875 0.01875
0 0.84453125 0.24453125 0.01796875 0.0140625
0 0.8671875 0.28046875 0.02421875 0.0234375
0 0.8734375 0.29609375 0.01640625 0.0171875
0 0.88203125 0.3484375 0.0171875 0.01953125
0 0.88203125 0.36171875 0.028125 0.01640625
0 0.8828125 0.37890625 0.02421875 0.0140625
0 0.75078125 0.30078125 0.01484375 0.01875
0 0.75390625 0.3125 0.01640625 0.02421875
0 0.77890625 0.3140625 0.02421875 0.0234375
0 0.74140625 0.34609375 0.0234375 0.01796875
0 0.759375 0.33125 0.01484375 0.01953125
0 0.77109375 0.3484375 0.02265625 0.02109375
0 0.74453125 0.3625 0.01640625 0.0203125
0 0.76015625 0.34140625 0.0140625 0.01796875
0 0.746875 0.3734375 0.01875 0.01484375
0 0.7078125 0.359375 0.01796875 0.02109375
0 0.71171875 0.38046875 0.0171875 0.01796875
0 0.71328125 0.396875 0.0171875 0.015625
0 0.73203125 0.39140625 0.01953125 0.0203125
0 0.7125 0.41171875 0.01953125 0.0125
0 0.74921875 0.39765625 0.01484375 0.01640625
0 0.7734375 0.3625 0.021875 0.01875
0 0.80234375 0.33671875 0.01796875 0.01953125
0 0.7921875 0.37734375 0.01796875 0.0171875
0 0.7921875 0.36484375 0.01796875 0.01953125
0 0.80546875 0.35234375 0.01484375 0.01640625
0 0.809375 0.36796875 0.01484375 0.01640625
0 0.809375 0.3984375 0.01640625 0.015625
0 0.78125 0.40234375 0.01171875 0.01171875
0 0.7671875 0.39765625 0.01484375 0.01484375
0 0.76484375 0.41171875 0.01796875 0.0125
0 0.778125 0.4203125 0.01875 0.01328125
0 0.79375 0.425 0.01953125 0.01484375
0 0.79296875 0.4375 0.0203125 0.01484375
0 0.778125 0.4484375 0.0171875 0.01953125
0 0.76640625 0.45078125 0.015625 0.01875
0 0.7640625 0.42890625 0.01640625 0.0140625
0 0.7171875 0.428125 0.01640625 0.0171875
0 0.73203125 0.45078125 0.01796875 0.0125
0 0.71640625 0.44765625 0.01484375 0.01328125
0 0.75 0.45 0.0203125 0.01328125
0 0.81875 0.4296875 0.0125 0.01796875
0 0.821875 0.44609375 0.0140625 0.0171875
0 0.815625 0.44375 0.01015625 0.01015625
0 0.81875 0.465625 0.01875 0.01328125
0 0.765625 0.47109375 0.021875 0.0125
0 0.73046875 0.46796875 0.01875 0.01640625
0 0.7296875 0.48515625 0.01640625 0.01328125
0 0.7609375 0.48671875 0.0203125 0.015625
0 0.7265625 0.5015625 0.01875 0.01484375
0 0.74375 0.5171875 0.01796875 0.01328125
0 0.77265625 0.53125 0.01484375 0.0171875
0 0.78828125 0.5375 0.015625 0.01796875
0 0.83125 0.51328125 0.021875 0.0140625
0 0.83125 0.53046875 0.0203125 0.015625
0 0.75625 0.92890625 0.015625 0.028125
0 0.76640625 0.91484375 0.01640625 0.0359375
0 0.909375 0.44609375 0.02265625 0.0203125
0 0.90703125 0.47578125 0.01796875 0.0140625
0 0.90546875 0.4921875 0.025 0.0140625
0 0.94765625 0.5203125 0.0265625 0.0140625
0 0.90703125 0.51328125 0.01796875 0.0140625
0 0.93828125 0.56796875 0.0265625 0.02265625
0 0.8984375 0.52421875 0.02109375 0.01484375
0 0.89453125 0.559375 0.01953125 0.02109375
0 0.9265625 0.58828125 0.02421875 0.03359375
0 0.9328125 0.54921875 0.02421875 0.01796875
0 0.946875 0.62421875 0.01875 0.021875
0 0.85703125 0.5953125 0.0171875 0.01640625
0 0.85078125 0.61171875 0.01875 0.01796875
0 0.81953125 0.5890625 0.015625 0.0203125
0 0.846875 0.62578125 0.01328125 0.01875
0 0.83203125 0.6375 0.01640625 0.0171875
0 0.8140625 0.6078125 0.015625 0.01796875
0 0.78984375 0.5953125 0.01640625 0.0171875
0 0.78203125 0.5671875 0.0171875 0.02109375
0 0.784375 0.54921875 0.0171875 0.015625
0 0.75625 0.54765625 0.0171875 0.015625
0 0.753125 0.5578125 0.015625 0.01328125
0 0.7484375 0.56953125 0.015625 0.02109375
0 0.73671875 0.56171875 0.0140625 0.01875
0 0.73984375 0.53359375 0.01875 0.01640625
0 0.725 0.53984375 0.01484375 0.0109375
0 0.71953125 0.5515625 0.01953125 0.01640625
0 0.715625 0.56015625 0.01171875 0.02109375
0 0.73203125 0.584375 0.0171875 0.01171875
0 0.77265625 0.60859375 0.01875 0.015625
0 0.78984375 0.60859375 0.0078125 0.00703125
0 0.78671875 0.61875 0.01328125 0.01640625
0 0.80859375 0.62265625 0.015625 0.01875
0 0.80234375 0.63984375 0.01640625 0.01953125
0 0.79921875 0.6546875 0.0125 0.0171875
0 0.77421875 0.65234375 0.015625 0.02421875
0 0.76953125 0.665625 0.01796875 0.01875
0 0.78984375 0.715625 0.02109375 0.0171875
0 0.74921875 0.68359375 0.0203125 0.03125
0 0.70390625 0.64296875 0.01484375 0.01953125
0 0.76171875 0.240625 0.015625 0.01875
0 0.7640625 0.2546875 0.0140625 0.0171875
0 0.778125 0.434375 0.009375 0.009375
0 0.7328125 0.4046875 0.00859375 0.01015625
0 0.90234375 0.575 0.01875 0.01328125
0 0.7953125 0.67265625 0.01328125 0.01640625