0 0.18125 0.078125 0.01171875 0.0203125
0 0.1875 0.02578125 0.01171875 0.01875
0 0.29921875 0.1953125 0.01015625 0.01484375
0 0.3921875 0.3796875 0.0109375 0.015625
0 0.4984375 0.4984375 0.0109375 0.01328125
0 0.42890625 0.51484375 0.00859375 0.01171875
0 0.42578125 0.53046875 0.0078125 0.00859375
0 0.42734375 0.5421875 0.0078125 0.01171875
0 0.50625 0.34921875 0.00703125 0.01328125
0 0.49453125 0.34921875 0.00703125 0.0140625
0 0.51484375 0.36796875 0.00625 0.01953125
0 0.50625 0.3734375 0.00625 0.02109375
0 0.4984375 0.37890625 0.00625 0.01171875
0 0.48984375 0.37890625 0.00625 0.01640625
0 0.5546875 0.37734375 0.00546875 0.01484375
0 0.55 0.375 0.00546875 0.01796875
0 0.58671875 0.25234375 0.0078125 0.0171875
0 0.578125 0.2796875 0.00859375 0.015625
0 0.5359375 0.2078125 0.00859375 0.0140625
0 0.52890625 0.22421875 0.00703125 0.02109375
0 0.52109375 0.215625 0.00703125 0.0171875
0 0.50625 0.2046875 0.00859375 0.01640625
0 0.465625 0.246875 0.00625 0.01640625
0 0.78203125 0.35 0.01015625 0.0140625
0 0.60390625 0.46171875 0.0078125 0.01171875
0 0.6140625 0.4640625 0.0078125 0.0109375
0 0.61328125 0.49140625 0.00625 0.0125
0 0.615625 0.478125 0.00859375 0.01171875
0 0.61484375 0.52578125 0.009375 0.015625
0 0.56640625 0.43359375 0.009375 0.01328125
0 0.5109375 0.65546875 0.0078125 0.0125
0 0.53984375 0.665625 0.00625 0.01484375
0 0.528125 0.6765625 0.00625 0.01171875
0 0.6453125 0.96328125 0.0078125 0.021875
0 0.640625 0.971875 0.01171875 0.02109375
0 0.4296875 0.77890625 0.00625 0.0171875
0 0.42578125 0.7859375 0.00546875 0.01171875
0 0.4203125 0.784375 0.00625 0.0171875
0 0.4125 0.78515625 0.0078125 0.01484375
0 0.4109375 0.76953125 0.00703125 0.0203125
0 0.3265625 0.63125 0.009375 0.0109375
0 0.125 0.6953125 0.0171875 0.01875
0 0.16484375 0.7453125 0.01328125 0.01640625
0 0.15546875 0.76171875 0.01640625 0.0125
0 0.08984375 0.73984375 0.015625 0.01484375
0 0.078125 0.746875 0.01015625 0.0140625
0 0.1015625 0.840625 0.01171875 0.025
0 0.24375 0.99453125 0.01328125 0.0109375
0 0.34765625 0.89140625 0.0078125 0.02265625
0 0.325 0.87421875 0.01015625 0.01796875
0 0.31640625 0.8828125 0.00859375 0.015625
0 0.3109375 0.8625 0.009375 0.0171875
0 0.2890625 0.81796875 0.009375 0.01796875
0 0.265625 0.83046875 0.01171875 0.0203125
0 0.259375 0.81484375 0.01171875 0.01953125
0 0.24609375 0.83671875 0.01171875 0.02109375
0 0.23828125 0.8328125 0.0125 0.0234375
0 0.23203125 0.84921875 0.0109375 0.01328125
0 0.275 0.9046875 0.01171875 0.028125
0 0.27734375 0.91640625 0.01484375 0.02265625
0 0.265625 0.9171875 0.00859375 0.0203125
0 0.78515625 0.390625 0.01171875 0.01015625