0 0.90703125 0.7078125 0.02109375 0.0140625
0 0.3703125 0.7640625 0.0125 0.01484375
0 0.59375 0.68828125 0.0203125 0.02109375
0 0.6625 0.840625 0.0171875 0.015625
0 0.7984375 0.24609375 0.00546875 0.01484375
0 0.72578125 0.21015625 0.01171875 0.021875
0 0.67578125 0.275 0.009375 0.02265625
0 0.68203125 0.43515625 0.0109375 0.01796875
0 0.640625 0.353125 0.0078125 0.01875
0 0.5890625 0.32421875 0.01015625 0.01640625
0 0.55546875 0.2453125 0.00703125 0.01875
0 0.49453125 0.2359375 0.0078125 0.0203125
0 0.3640625 0.25078125 0.009375 0.01953125
0 0.31328125 0.271875 0.0125 0.0203125
0 0.33125 0.4515625 0.00859375 0.02421875
0 0.3265625 0.434375 0.01328125 0.0125