0 0.69296875 0.58984375 0.01015625 0.01171875
0 0.65546875 0.70390625 0.01328125 0.01953125
0 0.928125 0.67421875 0.02265625 0.01875
0 0.359375 0.5171875 0.01171875 0.0171875
0 0.60390625 0.08515625 0.0140625 0.02890625
0 0.65 0.0125 0.00703125 0.025
0 0.825 0.10078125 0.0140625 0.02421875
0 0.7796875 0.1640625 0.01171875 0.01796875
0 0.76171875 0.18671875 0.00859375 0.02421875
0 0.87421875 0.14453125 0.009375 0.02109375
0 0.859375 0.2140625 0.01171875 0.03671875
0 0.834375 0.23359375 0.0171875 0.01328125
0 0.85 0.24609375 0.01640625 0.0296875
0 0.8578125 0.32109375 0.01640625 0.01953125
0 0.7734375 0.30625 0.01328125 0.02265625