0 0.8921875 0.71796875 0.01953125 0.01171875
0 0.58203125 0.6796875 0.01171875 0.01875
0 0.6515625 0.8140625 0.01015625 0.021875
0 0.3671875 0.72421875 0.01171875 0.01484375
0 0.39140625 0.4265625 0.0078125 0.01875
0 0.3546875 0.396875 0.0109375 0.025
0 0.31953125 0.25390625 0.01171875 0.02109375
0 0.37265625 0.2203125 0.01171875 0.0203125
0 0.47421875 0.24375 0.0140625 0.0234375
0 0.534375 0.25625 0.0109375 0.02578125
0 0.53828125 0.325 0.01015625 0.01953125
0 0.61171875 0.37109375 0.0078125 0.01640625
0 0.6515625 0.2734375 0.0109375 0.01875
0 0.79453125 0.25859375 0.00625 0.0140625
0 0.70546875 0.2328125 0.0109375 0.025
0 0.65859375 0.43984375 0.009375 0.0140625