0 0.078125 0.2703125 0.02265625 0.0171875
0 0.3828125 0.19609375 0.00859375 0.028125
0 0.38359375 0.16484375 0.00625 0.01875
0 0.3578125 0.25859375 0.0109375 0.01953125
0 0.34375 0.321875 0.01328125 0.01953125
0 0.3359375 0.33125 0.01171875 0.01640625
0 0.325 0.4140625 0.0109375 0.01796875
0 0.33671875 0.42890625 0.0125 0.01875
0 0.44765625 0.3328125 0.0109375 0.0125
0 0.44453125 0.34453125 0.0109375 0.01484375
0 0.49296875 0.2953125 0.00859375 0.01953125
0 0.5171875 0.2625 0.0109375 0.01953125
0 0.5234375 0.24375 0.0078125 0.01796875
0 0.53359375 0.246875 0.00703125 0.015625
0 0.540625 0.25546875 0.00859375 0.015625
0 0.4109375 0.40703125 0.0125 0.01640625
0 0.409375 0.42890625 0.0078125 0.01640625
0 0.40390625 0.45078125 0.00859375 0.01875
0 0.42265625 0.43515625 0.0171875 0.01328125
0 0.4234375 0.45546875 0.0078125 0.015625
0 0.41953125 0.47265625 0.01171875 0.01484375
0 0.4859375 0.5390625 0.01015625 0.02421875
0 0.21796875 0.83203125 0.0140625 0.01953125
0 0.0640625 0.24296875 0.021875 0.02109375
0 0.3609375 0.59609375 0.0109375 0.01640625
0 0.47421875 0.66484375 0.00859375 0.02109375
0 0.48203125 0.6796875 0.00703125 0.0203125
0 0.48984375 0.67890625 0.00703125 0.0171875
0 0.61328125 0.49140625 0.01015625 0.01484375
0 0.61484375 0.52109375 0.00859375 0.0171875
0 0.603125 0.55625 0.0109375 0.02265625
0 0.72734375 0.61875 0.0125 0.015625
0 0.8375 0.38515625 0.0171875 0.01484375
0 0.840625 0.3984375 0.0171875 0.02109375
0 0.496875 0.9375 0.00859375 0.02890625
0 0.61953125 0.81328125 0.01015625 0.0234375
0 0.62890625 0.81953125 0.01015625 0.02421875
0 0.64296875 0.828125 0.01015625 0.01875
0 0.63203125 0.79921875 0.01328125 0.02265625
0 0.6328125 0.778125 0.01171875 0.01953125
0 0.640625 0.79140625 0.009375 0.01640625
0 0.75625 0.93671875 0.01640625 0.02265625
0 0.778125 0.94765625 0.0140625 0.0265625
0 0.81171875 0.9390625 0.0171875 0.02578125
0 0.09921875 0.99140625 0.0203125 0.0171875
0 0.0734375 0.97265625 0.01953125 0.01953125
0 0.059375 0.96875 0.01796875 0.02265625