0 0.88984375 0.68125 0.01875 0.0140625
0 0.671875 0.753125 0.00859375 0.02109375
0 0.571875 0.65625 0.009375 0.01484375
0 0.3859375 0.68984375 0.00625 0.01484375
0 0.33359375 0.19921875 0.009375 0.015625
0 0.43828125 0.40234375 0.0125 0.015625
0 0.44921875 0.3859375 0.01640625 0.01875
0 0.46484375 0.22578125 0.0140625 0.02109375
0 0.55546875 0.159375 0.00546875 0.021875
0 0.61796875 0.18984375 0.01015625 0.0203125
0 0.72265625 0.38984375 0.009375 0.015625
0 0.69609375 0.31796875 0.0078125 0.01875
0 0.68359375 0.32265625 0.0109375 0.01640625
0 0.72578125 0.25390625 0.0109375 0.0171875
0 0.75625 0.18984375 0.01328125 0.02109375
0 0.8046875 0.22421875 0.00546875 0.01171875