0 0.9421875 0.09375 0.0375 0.05078125
0 0.946875 0.2421875 0.03203125 0.03125
0 0.98671875 0.14296875 0.0265625 0.0359375
0 0.98828125 0.1046875 0.0234375 0.03125
0 0.990625 0.053125 0.01875 0.03671875
0 0.94609375 0.00859375 0.02890625 0.01640625
0 0.74375 0.12265625 0.01796875 0.0328125
0 0.7328125 0.1875 0.0203125 0.03984375
0 0.7375 0.15546875 0.02109375 0.03359375
0 0.71640625 0.12578125 0.01328125 0.02109375
0 0.70703125 0.153125 0.01875 0.03671875
0 0.71953125 0.15703125 0.01640625 0.03359375
0 0.98671875 0.2375 0.0265625 0.028125
0 0.9921875 0.2609375 0.015625 0.015625
0 0.83125 0.5078125 0.028125 0.02421875
0 0.55546875 0.20625 0.015625 0.03984375
0 0.51796875 0.1984375 0.0109375 0.0328125
0 0.496875 0.2078125 0.01171875 0.03359375
0 0.325 0.40625 0.015625 0.0203125
0 0.31875 0.42578125 0.021875 0.01875
0 0.3171875 0.45078125 0.01875 0.0234375
0 0.3765625 0.4640625 0.0109375 0.01953125
0 0.390625 0.65703125 0.01328125 0.0296875
0 0.38203125 0.6546875 0.0109375 0.028125
0 0.440625 0.72109375 0.0109375 0.0328125
0 0.4578125 0.71484375 0.01328125 0.05234375
0 0.47265625 0.71484375 0.0125 0.02734375
0 0.48515625 0.725 0.0125 0.0359375
0 0.46875 0.76015625 0.01640625 0.034375
0 0.44921875 0.74921875 0.015625 0.02421875
0 0.5640625 0.57734375 0.01484375 0.0375
0 0.628125 0.57890625 0.0171875 0.02734375
0 0.63828125 0.55859375 0.015625 0.01953125
0 0.63828125 0.5375 0.015625 0.02265625
0 0.28359375 0.84296875 0.0203125 0.03203125
0 0.36328125 0.928125 0.01484375 0.04375
0 0.37890625 0.93828125 0.0171875 0.034375
0 0.39296875 0.9671875 0.02109375 0.034375
0 0.48671875 0.86796875 0.01484375 0.03203125
0 0.49453125 0.9375 0.01875 0.0375
0 0.3234375 0.5015625 0.01953125 0.01875
0 0.3234375 0.48203125 0.01796875 0.01953125