0 0.07578125 0.1890625 0.0203125 0.02890625
0 0.14921875 0.17890625 0.0203125 0.02578125
0 0.04609375 0.2578125 0.0234375 0.02890625
0 0.11484375 0.309375 0.02578125 0.02890625
0 0.1546875 0.2859375 0.021875 0.028125
0 0.0859375 0.3734375 0.02265625 0.028125
0 0.053125 0.3515625 0.02109375 0.02109375
0 0.1265625 0.5984375 0.0171875 0.03125
0 0.23125 0.5515625 0.01640625 0.028125
0 0.20625 0.69453125 0.01875 0.0265625
0 0.22421875 0.71953125 0.015625 0.0265625
0 0.10078125 0.70546875 0.021875 0.025
0 0.0296875 0.76328125 0.02578125 0.025
0 0.11796875 0.74140625 0.03359375 0.021875
0 0.10078125 0.77421875 0.0265625 0.0265625
0 0.11796875 0.81796875 0.0234375 0.02421875
0 0.16796875 0.86640625 0.02109375 0.02578125
0 0.196875 0.83359375 0.0140625 0.021875
0 0.48203125 0.8640625 0.01484375 0.0265625
0 0.4984375 0.79453125 0.01328125 0.0359375
0 0.45390625 0.7625 0.01875 0.02734375
0 0.39609375 0.753125 0.0109375 0.02578125
0 0.42109375 0.66171875 0.0125 0.034375
0 0.471875 0.5890625 0.01640625 0.01953125
0 0.5953125 0.7125 0.01796875 0.03125
0 0.62734375 0.62421875 0.01953125 0.02734375
0 0.65390625 0.68671875 0.0140625 0.01953125
0 0.61953125 0.86328125 0.01640625 0.02734375
0 0.66328125 0.85234375 0.01171875 0.028125
0 0.70859375 0.92890625 0.0171875 0.03671875
0 0.81640625 0.953125 0.01875 0.0328125
0 0.8828125 0.859375 0.0234375 0.02734375
0 0.86484375 0.8625 0.025 0.02109375
0 0.82578125 0.75859375 0.02109375 0.02578125
0 0.91796875 0.76953125 0.02421875 0.03671875
0 0.9109375 0.59453125 0.02578125 0.01875
0 0.97890625 0.5171875 0.03046875 0.0234375
0 0.91484375 0.43515625 0.0234375 0.02578125
0 0.86796875 0.4703125 0.021875 0.028125
0 0.75234375 0.6390625 0.0203125 0.02265625
0 0.45078125 0.37265625 0.0125 0.021875
0 0.475 0.26796875 0.01484375 0.03203125
0 0.42109375 0.18125 0.0140625 0.03046875
0 0.3765625 0.21015625 0.015625 0.02890625
0 0.34609375 0.278125 0.01484375 0.02421875
0 0.3578125 0.3421875 0.0125 0.034375
0 0.38515625 0.3734375 0.01328125 0.05703125
0 0.62734375 0.19609375 0.01796875 0.0328125
0 0.70546875 0.21171875 0.0171875 0.02578125
0 0.734375 0.12578125 0.02109375 0.03515625
0 0.66953125 0.06953125 0.01484375 0.03046875
0 0.63359375 0.1078125 0.015625 0.028125
0 0.43125 0.8078125 0.0140625 0.03671875
0 0.93984375 0.2234375 0.02734375 0.034375
0 0.91484375 0.2 0.0296875 0.025
0 0.92890625 0.125 0.025 0.03046875
0 0.90078125 0.1203125 0.02734375 0.0390625