0 0.1515625 0.66796875 0.0265625 0.0375
0 0.35703125 0.33671875 0.02265625 0.03515625
0 0.40234375 0.46640625 0.02421875 0.05
0 0.37421875 0.50703125 0.025 0.03828125
0 0.45234375 0.60703125 0.02109375 0.040625
0 0.56484375 0.66953125 0.025 0.0421875
0 0.56796875 0.403125 0.02734375 0.04375
0 0.578125 0.35 0.0171875 0.04140625
0 0.47578125 0.28046875 0.01640625 0.065625
0 0.50078125 0.25390625 0.02109375 0.0671875
0 0.7109375 0.2625 0.0265625 0.04453125
0 0.6515625 0.46328125 0.02734375 0.02890625
0 0.71875 0.66484375 0.034375 0.04296875