0 0.1125 0.79296875 0.021875 0.03359375
0 0.1875 0.6390625 0.0203125 0.0375
0 0.21015625 0.67109375 0.015625 0.0390625
0 0.19375 0.53671875 0.01953125 0.0359375
0 0.21484375 0.4796875 0.0140625 0.0390625
0 0.3765625 0.525 0.01015625 0.03984375
0 0.35703125 0.55 0.01015625 0.0421875
0 0.378125 0.56328125 0.01171875 0.0484375
0 0.49140625 0.59296875 0.015625 0.0375
0 0.4609375 0.68359375 0.01796875 0.0234375
0 0.44296875 0.72265625 0.015625 0.040625
0 0.484375 0.73359375 0.01015625 0.025
0 0.509375 0.546875 0.0125 0.03359375
0 0.5296875 0.53359375 0.0109375 0.03984375
0 0.5390625 0.503125 0.009375 0.04140625
0 0.56328125 0.49765625 0.0109375 0.03515625
0 0.53984375 0.6171875 0.01015625 0.0328125
0 0.5390625 0.6484375 0.01640625 0.02734375
0 0.60625 0.690625 0.0109375 0.04375
0 0.534375 0.884375 0.01640625 0.0328125
0 0.5734375 0.865625 0.01171875 0.02734375
0 0.625 0.79765625 0.0171875 0.0375
0 0.65 0.7859375 0.01328125 0.04453125
0 0.65703125 0.87109375 0.0265625 0.03984375
0 0.63125 0.89296875 0.01953125 0.034375
0 0.6125 0.9265625 0.01328125 0.04140625
0 0.58671875 0.37734375 0.0125 0.03046875
0 0.6046875 0.39453125 0.0109375 0.03125
0 0.5609375 0.2984375 0.0078125 0.03828125
0 0.5578125 0.225 0.00625 0.034375
0 0.56484375 0.225 0.00625 0.0359375
0 0.6234375 0.10390625 0.00546875 0.03515625
0 0.61953125 0.096875 0.00546875 0.03359375
0 0.546875 0.07421875 0.0078125 0.01953125
0 0.565625 0.028125 0.00546875 0.03515625
0 0.56796875 0.0203125 0.00390625 0.03046875
0 0.571875 0.03359375 0.00546875 0.040625
0 0.5828125 0.02421875 0.00859375 0.0359375
0 0.43828125 0.04609375 0.00703125 0.034375
0 0.434375 0.071875 0.00625 0.03203125
0 0.425 0.07109375 0.00859375 0.03359375
0 0.41328125 0.07734375 0.00625 0.0390625
0 0.35859375 0.040625 0.00703125 0.0359375
0 0.37421875 0.0703125 0.00625 0.034375
0 0.378125 0.084375 0.0109375 0.02890625
0 0.37578125 0.10703125 0.01171875 0.03515625
0 0.2859375 0.0671875 0.0078125 0.02734375
0 0.2578125 0.08125 0.00859375 0.03046875
0 0.32265625 0.25859375 0.00546875 0.01875
0 0.33046875 0.27734375 0.009375 0.0390625
0 0.35546875 0.26953125 0.0078125 0.04296875
0 0.32890625 0.29453125 0.0109375 0.03203125