0 0.68203125 0.64453125 0.0296875 0.03046875
0 0.63125 0.47265625 0.02734375 0.03359375
0 0.6578125 0.2734375 0.02734375 0.0390625
0 0.45234375 0.259375 0.02109375 0.03828125
0 0.53828125 0.35625 0.02421875 0.04140625
0 0.47265625 0.4484375 0.01875 0.04140625
0 0.5125 0.4546875 0.01953125 0.03125
0 0.534375 0.6484375 0.025 0.03046875
0 0.4140625 0.634375 0.02265625 0.04140625
0 0.34609375 0.534375 0.028125 0.028125
0 0.41953125 0.47578125 0.021875 0.0359375
0 0.3421875 0.3359375 0.0234375 0.0328125
0 0.11015625 0.3625 0.0296875 0.0359375