0 0.06015625 0.40546875 0.02734375 0.02109375
0 0.68984375 0.95546875 0.02109375 0.04296875
0 0.840625 0.8859375 0.02109375 0.034375
0 0.7046875 0.87578125 0.01875 0.03359375
0 0.71328125 0.25078125 0.01640625 0.02890625
0 0.76328125 0.21328125 0.01875 0.034375
0 0.6578125 0.78984375 0.01640625 0.02578125
0 0.74765625 0.2640625 0.01796875 0.034375
0 0.51796875 0.390625 0.01640625 0.0234375
0 0.7765625 0.48828125 0.01953125 0.0234375
0 0.7046875 0.96953125 0.01796875 0.034375
0 0.7921875 0.496875 0.01953125 0.02890625
0 0.7625 0.25859375 0.01875 0.02421875
0 0.72578125 0.81015625 0.0203125 0.03359375
0 0.68671875 0.83046875 0.0171875 0.03203125
0 0.71875 0.83671875 0.0171875 0.02890625
0 0.69140625 0.884375 0.015625 0.034375
0 0.54453125 0.4609375 0.0125 0.025
0 0.5390625 0.43359375 0.009375 0.0234375
0 0.7375 0.8046875 0.01640625 0.03125
0 0.5890625 0.771875 0.01015625 0.0296875