0 0.1578125 0.88515625 0.02265625 0.03515625
0 0.1296875 0.84453125 0.03203125 0.0390625
0 0.13203125 0.7109375 0.03125 0.034375
0 0.1609375 0.6234375 0.01796875 0.046875
0 0.33125 0.7640625 0.01171875 0.0390625
0 0.36015625 0.75078125 0.01171875 0.04140625
0 0.365625 0.78671875 0.0140625 0.04921875
0 0.453125 0.6703125 0.0125 0.0296875
0 0.4734375 0.6578125 0.0125 0.0390625
0 0.459375 0.775 0.01953125 0.028125
0 0.4859375 0.73515625 0.01171875 0.04296875
0 0.53359375 0.68359375 0.0140625 0.03359375
0 0.62734375 0.840625 0.015625 0.03671875
0 0.5953125 0.846875 0.0171875 0.04453125
0 0.6140625 0.9234375 0.01796875 0.04609375
0 0.58359375 0.9546875 0.01015625 0.04140625
0 0.57578125 0.95859375 0.0109375 0.03515625
0 0.56171875 0.87890625 0.0125 0.0375
0 0.5328125 0.921875 0.01640625 0.06484375
0 0.609375 0.71796875 0.0125 0.04140625
0 0.44921875 0.703125 0.0125 0.0421875
0 0.48125 0.5015625 0.01015625 0.02734375
0 0.50859375 0.53125 0.01015625 0.053125
0 0.53515625 0.51953125 0.01328125 0.03203125
0 0.5546875 0.4703125 0.0109375 0.0375
0 0.565625 0.32421875 0.00703125 0.03203125
0 0.56875 0.284375 0.009375 0.0375
0 0.56015625 0.28515625 0.0078125 0.0328125
0 0.61484375 0.2453125 0.0109375 0.0328125
0 0.6015625 0.22265625 0.0078125 0.0296875
0 0.29921875 0.3953125 0.0140625 0.0375
0 0.3 0.375 0.015625 0.04375
0 0.30859375 0.3546875 0.0125 0.03828125
0 0.3296875 0.365625 0.0125 0.046875
0 0.259375 0.128125 0.01328125 0.03125
0 0.27734375 0.109375 0.01171875 0.03203125
0 0.33984375 0.07890625 0.00859375 0.0359375
0 0.35625 0.10859375 0.00859375 0.03828125
0 0.36171875 0.1140625 0.00859375 0.034375
0 0.36328125 0.15078125 0.00859375 0.04140625
0 0.4 0.1234375 0.00703125 0.04375
0 0.41328125 0.11484375 0.01015625 0.03828125
0 0.4234375 0.1140625 0.00703125 0.03671875
0 0.425 0.08046875 0.00703125 0.0359375
0 0.55234375 0.11796875 0.00859375 0.021875
0 0.634375 0.14453125 0.00703125 0.03515625
0 0.6390625 0.1546875 0.0078125 0.03828125
0 0.59375 0.05703125 0.0078125 0.0390625
0 0.58125 0.06875 0.00703125 0.04375
0 0.5734375 0.0625 0.00625 0.03984375
0 0.5765625 0.05 0.00546875 0.03125
0 0.525 0.02265625 0.00546875 0.03984375
0 0.51875 0.02109375 0.00703125 0.03671875
0 0.50390625 0.0109375 0.00625 0.02109375
0 0.49375 0.0046875 0.00859375 0.009375
0 0.66953125 0.02890625 0.00625 0.02734375
0 0.59453125 0.784375 0.01640625 0.04453125