0 0.77109375 0.775 0.01640625 0.03125
0 0.04609375 0.29609375 0.028125 0.021875
0 0.6546875 0.846875 0.01796875 0.03984375
0 0.6390625 0.853125 0.01796875 0.04296875
0 0.684375 0.075 0.015625 0.0390625
0 0.47265625 0.3265625 0.009375 0.028125
0 0.496875 0.31875 0.0140625 0.028125
0 0.70703125 0.08828125 0.01875 0.03515625
0 0.71015625 0.3109375 0.01640625 0.03125
0 0.7265625 0.31328125 0.01640625 0.03125
0 0.60703125 0.7546875 0.0125 0.02421875
0 0.4765625 0.35546875 0.0109375 0.0203125
0 0.6578125 0.071875 0.01328125 0.03671875
0 0.70390625 0.02109375 0.01484375 0.03671875
0 0.54765625 0.71875 0.0109375 0.021875
0 0.640625 0.80078125 0.01328125 0.02578125
0 0.67109375 0.81640625 0.01640625 0.02890625
0 0.67890625 0.7953125 0.01484375 0.03046875
0 0.6890625 0.7875 0.0140625 0.0328125