0 0.4453125 0.92265625 0.01796875 0.0421875
0 0.428125 0.90546875 0.0171875 0.059375
0 0.3640625 0.6203125 0.028125 0.0609375
0 0.48828125 0.5 0.0125 0.05390625
0 0.49140625 0.4265625 0.02265625 0.04140625
0 0.5328125 0.50703125 0.0203125 0.05859375
0 0.5515625 0.47265625 0.015625 0.04765625
0 0.57109375 0.47578125 0.01484375 0.0640625
0 0.59296875 0.5515625 0.02421875 0.05625
0 0.59296875 0.5890625 0.01953125 0.0515625
0 0.58828125 0.425 0.01328125 0.04375
0 0.7046875 0.45546875 0.021875 0.0734375
0 0.709375 0.40390625 0.01796875 0.05390625
0 0.725 0.51484375 0.01953125 0.06875
0 0.7328125 0.35 0.0203125 0.0578125
0 0.7609375 0.33984375 0.01875 0.0671875
0 0.03828125 0.12109375 0.01796875 0.02578125
0 0.05546875 0.10234375 0.0234375 0.04765625
0 0.1328125 0.07109375 0.01953125 0.04921875
0 0.14375 0.05546875 0.01953125 0.05078125
0 0.1578125 0.05859375 0.01953125 0.0546875
0 0.33671875 0.38359375 0.015625 0.05703125
0 0.3515625 0.34609375 0.0140625 0.0625
0 0.33046875 0.259375 0.0234375 0.04921875
0 0.3515625 0.2078125 0.01328125 0.040625
0 0.3703125 0.21640625 0.01953125 0.05546875
0 0.3640625 0.253125 0.01328125 0.04296875
0 0.38984375 0.246875 0.01640625 0.046875
0 0.4015625 0.22890625 0.0125 0.04921875
0 0.41328125 0.2078125 0.0125 0.0578125
0 0.42265625 0.2078125 0.01015625 0.05546875
0 0.4421875 0.21640625 0.01171875 0.053125
0 0.4078125 0.2734375 0.0171875 0.05
0 0.43203125 0.25703125 0.01640625 0.05703125
0 0.45234375 0.25546875 0.0109375 0.06015625
0 0.47109375 0.215625 0.01328125 0.059375
0 0.51875 0.26171875 0.01640625 0.04453125
0 0.50859375 0.28359375 0.01328125 0.07578125
0 0.490625 0.28046875 0.0171875 0.03828125
0 0.46875 0.34140625 0.02578125 0.06015625
0 0.50546875 0.371875 0.01640625 0.05625
0 0.5515625 0.26875 0.0171875 0.05625
0 0.5734375 0.2796875 0.0234375 0.04609375
0 0.73203125 0.384375 0.01796875 0.06171875