0 0.896875 0.6640625 0.02109375 0.01640625
0 0.6078125 0.65703125 0.01875 0.025
0 0.6515625 0.75859375 0.01015625 0.01796875
0 0.3328125 0.62890625 0.00859375 0.0203125
0 0.81328125 0.1578125 0.00859375 0.01796875
0 0.775 0.19609375 0.01015625 0.0171875
0 0.753125 0.1609375 0.0140625 0.028125
0 0.7171875 0.12109375 0.0109375 0.0234375
0 0.76796875 0.31015625 0.015625 0.01953125
0 0.753125 0.31796875 0.01328125 0.02265625
0 0.71796875 0.28125 0.015625 0.01796875
0 0.61796875 0.30625 0.0078125 0.021875
0 0.61015625 0.25703125 0.01171875 0.01875
0 0.54765625 0.196875 0.01328125 0.021875
0 0.29296875 0.07265625 0.01015625 0.021875
0 0.5984375 0.07421875 0.0078125 0.02265625