0 0.021875 0.74453125 0.01484375 0.01796875
0 0.1046875 0.67265625 0.01953125 0.01796875
0 0.128125 0.63125 0.0171875 0.0140625
0 0.13203125 0.640625 0.01796875 0.01640625
0 0.215625 0.70234375 0.015625 0.01484375
0 0.2421875 0.67734375 0.01640625 0.01484375
0 0.225 0.684375 0.01796875 0.0171875
0 0.21328125 0.6859375 0.00859375 0.0171875
0 0.28671875 0.68984375 0.01015625 0.0171875
0 0.2375 0.91484375 0.01640625 0.02734375
0 0.2421875 0.9265625 0.0125 0.0265625
0 0.259375 0.92890625 0.015625 0.02578125
0 0.328125 0.90625 0.009375 0.0171875
0 0.33046875 0.89375 0.01015625 0.02109375
0 0.3625 0.88984375 0.0109375 0.015625
0 0.359375 0.875 0.00625 0.01640625
0 0.36640625 0.865625 0.01328125 0.0203125
0 0.36328125 0.82578125 0.01328125 0.01953125
0 0.36953125 0.80625 0.01328125 0.0203125
0 0.30859375 0.7953125 0.01015625 0.01484375
0 0.31796875 0.80078125 0.0109375 0.01875
0 0.39140625 0.81015625 0.0078125 0.01484375
0 0.40078125 0.83359375 0.0109375 0.02265625
0 0.36875 0.96171875 0.009375 0.021875
0 0.39609375 0.95703125 0.009375 0.0265625
0 0.3984375 0.98671875 0.01171875 0.021875
0 0.515625 0.9390625 0.0125 0.02734375
0 0.5234375 0.98671875 0.009375 0.0265625
0 0.5171875 0.98671875 0.00625 0.02578125
0 0.590625 0.98671875 0.0078125 0.025
0 0.70859375 0.98125 0.01640625 0.03203125
0 0.8359375 0.96796875 0.0125 0.0171875
0 0.83671875 0.95 0.0109375 0.0140625
0 0.8515625 0.95625 0.009375 0.0140625
0 0.928125 0.91171875 0.0109375 0.01875
0 0.94609375 0.940625 0.01484375 0.01640625
0 0.93828125 0.92265625 0.009375 0.0140625
0 0.90390625 0.95234375 0.0171875 0.01484375
0 0.8390625 0.86171875 0.01171875 0.015625
0 0.84921875 0.85859375 0.00859375 0.01796875
0 0.8546875 0.87890625 0.00859375 0.0171875
0 0.84296875 0.89140625 0.009375 0.01640625
0 0.83203125 0.8828125 0.01015625 0.01328125
0 0.91640625 0.8015625 0.01484375 0.0125
0 0.8359375 0.62734375 0.01484375 0.015625
0 0.99296875 0.8046875 0.0140625 0.025
0 0.99296875 0.775 0.01328125 0.0171875
0 0.93359375 0.58046875 0.0140625 0.01640625
0 0.93203125 0.5625 0.0125 0.01328125
0 0.93828125 0.55546875 0.01484375 0.021875
0 0.9390625 0.59296875 0.01171875 0.01484375
0 0.9640625 0.51484375 0.0171875 0.01875
0 0.9171875 0.3703125 0.01953125 0.01640625
0 0.89453125 0.284375 0.021875 0.015625
0 0.8953125 0.3 0.01796875 0.02421875
0 0.96640625 0.21484375 0.01953125 0.01875
0 0.94296875 0.2 0.01328125 0.01328125
0 0.8078125 0.259375 0.01796875 0.021875
0 0.68671875 0.1375 0.009375 0.01875
0 0.67265625 0.1359375 0.01015625 0.021875
0 0.6703125 0.15625 0.01171875 0.015625
0 0.678125 0.1734375 0.01171875 0.021875
0 0.61484375 0.13671875 0.01015625 0.01875
0 0.621875 0.1546875 0.0109375 0.01796875
0 0.63046875 0.1390625 0.01171875 0.0171875
0 0.6140625 0.21484375 0.009375 0.01953125
0 0.56484375 0.2109375 0.01171875 0.0328125
0 0.57265625 0.2171875 0.0140625 0.0296875
0 0.578125 0.234375 0.021875 0.0296875
0 0.57421875 0.0921875 0.01015625 0.02421875
0 0.56171875 0.09765625 0.01328125 0.028125
0 0.50703125 0.0765625 0.01015625 0.0375
0 0.515625 0.0828125 0.009375 0.0375
0 0.48671875 0.14375 0.01328125 0.02734375
0 0.475 0.13828125 0.009375 0.02109375
0 0.5046875 0.21875 0.01171875 0.0234375
0 0.51015625 0.2046875 0.01015625 0.02421875
0 0.52265625 0.2109375 0.0171875 0.034375
0 0.528125 0.2203125 0.0140625 0.0234375
0 0.43046875 0.23203125 0.01171875 0.01796875
0 0.4359375 0.2515625 0.0140625 0.01640625
0 0.43359375 0.26875 0.01171875 0.0203125
0 0.425 0.2875 0.0078125 0.01875
0 0.41796875 0.23203125 0.01171875 0.01953125
0 0.38984375 0.275 0.0140625 0.025
0 0.38203125 0.2640625 0.01484375 0.025
0 0.459375 0.31484375 0.009375 0.01796875
0 0.4546875 0.340625 0.01015625 0.03203125
0 0.46796875 0.37734375 0.00859375 0.02265625
0 0.48046875 0.3796875 0.0125 0.02265625
0 0.48359375 0.39921875 0.0109375 0.02421875
0 0.4734375 0.41015625 0.01015625 0.02109375
0 0.4625 0.39921875 0.01328125 0.02109375
0 0.44296875 0.39375 0.00859375 0.01328125
0 0.44765625 0.42578125 0.009375 0.015625
0 0.4203125 0.4 0.015625 0.0203125
0 0.40625 0.446875 0.0125 0.02265625
0 0.38828125 0.459375 0.01328125 0.0140625
0 0.40234375 0.47265625 0.01328125 0.01953125
0 0.43828125 0.48984375 0.01171875 0.02109375
0 0.45078125 0.50546875 0.01796875 0.01640625
0 0.35859375 0.4625 0.01015625 0.01796875
0 0.3515625 0.47578125 0.01015625 0.0171875
0 0.3625 0.48984375 0.01328125 0.01953125
0 0.33828125 0.5171875 0.01015625 0.01484375
0 0.3203125 0.515625 0.0109375 0.01953125
0 0.31640625 0.54453125 0.01015625 0.01875
0 0.321875 0.55078125 0.01875 0.0296875
0 0.31953125 0.578125 0.01171875 0.01953125
0 0.303125 0.5671875 0.01015625 0.01640625
0 0.32265625 0.4359375 0.01328125 0.01875
0 0.334375 0.4390625 0.009375 0.015625
0 0.34609375 0.3703125 0.009375 0.01875
0 0.4375 0.45234375 0.009375 0.02109375
0 0.45546875 0.48671875 0.009375 0.01796875
0 0.54453125 0.33203125 0.01328125 0.0203125
0 0.55234375 0.31796875 0.0109375 0.0140625
0 0.5421875 0.315625 0.00703125 0.01640625
0 0.5921875 0.290625 0.0109375 0.0234375
0 0.60078125 0.29765625 0.0078125 0.02109375
0 0.60390625 0.33046875 0.01015625 0.01875
0 0.5640625 0.45546875 0.0109375 0.01875
0 0.5578125 0.4734375 0.0109375 0.01640625
0 0.56171875 0.48828125 0.01015625 0.01796875
0 0.571875 0.48125 0.0078125 0.01484375
0 0.58125 0.46015625 0.01171875 0.01484375
0 0.675 0.30703125 0.01015625 0.02578125
0 0.6828125 0.30078125 0.009375 0.0234375
0 0.6703125 0.34921875 0.0109375 0.02265625
0 0.67890625 0.4453125 0.01171875 0.02265625
0 0.671875 0.47578125 0.0109375 0.01953125
0 0.64453125 0.484375 0.0109375 0.015625
0 0.7140625 0.325 0.009375 0.0140625
0 0.72265625 0.33203125 0.0109375 0.01953125
0 0.72421875 0.359375 0.0109375 0.015625
0 0.71484375 0.3671875 0.01015625 0.02109375
0 0.74375 0.38671875 0.0078125 0.02109375
0 0.74140625 0.6671875 0.0140625 0.0171875
0 0.88046875 0.73984375 0.01796875 0.015625
0 0.8859375 0.76953125 0.0125 0.02265625
0 0.62421875 0.57578125 0.00859375 0.01953125
0 0.6328125 0.57265625 0.00859375 0.0203125
0 0.6390625 0.59140625 0.01015625 0.01484375
0 0.57421875 0.5953125 0.009375 0.02578125
0 0.55234375 0.6265625 0.00859375 0.0203125
0 0.559375 0.60703125 0.00859375 0.03125
0 0.5546875 0.61328125 0.0125 0.02421875
0 0.58515625 0.5984375 0.0109375 0.01640625
0 0.5328125 0.625 0.01171875 0.01796875
0 0.528125 0.6125 0.00703125 0.0125
0 0.453125 0.6015625 0.00859375 0.02421875
0 0.46171875 0.59765625 0.00703125 0.015625
0 0.46875 0.60078125 0.009375 0.01875
0 0.475 0.609375 0.0109375 0.0234375
0 0.484375 0.6125 0.01171875 0.01953125
0 0.5203125 0.60546875 0.00859375 0.0171875
0 0.56796875 0.6171875 0.009375 0.01328125
0 0.58515625 0.5859375 0.00859375 0.01171875
0 0.60625 0.6765625 0.00859375 0.02578125
0 0.61640625 0.68359375 0.01015625 0.0140625
0 0.5984375 0.70078125 0.009375 0.01875
0 0.5875 0.7046875 0.0078125 0.0203125
0 0.5796875 0.68515625 0.009375 0.021875
0 0.60625 0.71796875 0.01484375 0.01796875
0 0.60625 0.73671875 0.00859375 0.015625
0 0.62265625 0.7515625 0.009375 0.0171875
0 0.628125 0.7703125 0.01015625 0.01796875
0 0.62265625 0.78046875 0.00859375 0.0265625
0 0.59921875 0.77890625 0.01015625 0.034375
0 0.5875 0.77265625 0.0109375 0.01796875
0 0.58828125 0.79296875 0.0109375 0.01953125
0 0.57578125 0.80078125 0.0140625 0.0375
0 0.575 0.8265625 0.01015625 0.01484375
0 0.5640625 0.8078125 0.0140625 0.015625
0 0.53359375 0.7984375 0.01484375 0.01875
0 0.5375 0.78125 0.00859375 0.01796875
0 0.5453125 0.775 0.0078125 0.01484375
0 0.5546875 0.7890625 0.01015625 0.01796875
0 0.5390625 0.81875 0.009375 0.0203125
0 0.54921875 0.821875 0.00859375 0.01640625
0 0.50703125 0.79453125 0.01015625 0.01875
0 0.4921875 0.78984375 0.0109375 0.0375
0 0.4875 0.76640625 0.0109375 0.01484375
0 0.5015625 0.765625 0.0078125 0.021875
0 0.50859375 0.7609375 0.0078125 0.01953125
0 0.51875 0.771875 0.009375 0.01328125
0 0.51484375 0.7859375 0.009375 0.01640625
0 0.5546875 0.7578125 0.00859375 0.01875
0 0.56796875 0.74296875 0.015625 0.01875
0 0.5703125 0.72890625 0.0125 0.0140625
0 0.56015625 0.7109375 0.01015625 0.021875
0 0.540625 0.728125 0.00859375 0.01875
0 0.5234375 0.73125 0.00859375 0.01640625
0 0.4921875 0.7375 0.009375 0.021875
0 0.47734375 0.74609375 0.00859375 0.0171875
0 0.4640625 0.75625 0.009375 0.025
0 0.44375 0.778125 0.00859375 0.01875
0 0.4296875 0.721875 0.01328125 0.021875
0 0.42890625 0.703125 0.009375 0.0171875
0 0.4203125 0.71171875 0.00859375 0.01328125
0 0.41953125 0.73515625 0.01015625 0.02109375
0 0.39296875 0.6828125 0.0078125 0.0203125
0 0.3984375 0.66640625 0.01015625 0.01953125
0 0.40859375 0.67265625 0.0140625 0.0203125
0 0.40625 0.6609375 0.0109375 0.01875
0 0.3734375 0.73046875 0.015625 0.021875
0 0.33515625 0.65 0.00859375 0.01875
0 0.3296875 0.66640625 0.00703125 0.03359375
0 0.33984375 0.67109375 0.01015625 0.02421875
0 0.34765625 0.6609375 0.00859375 0.01875
0 0.31640625 0.62890625 0.015625 0.03125
0 0.3609375 0.6171875 0.01015625 0.0171875
0 0.37109375 0.61015625 0.00859375 0.0171875
0 0.38125 0.62109375 0.0109375 0.025
0 0.4015625 0.609375 0.01015625 0.01875
0 0.41484375 0.61171875 0.01015625 0.0203125
0 0.4 0.5359375 0.0078125 0.01875
0 0.4078125 0.5421875 0.00859375 0.0125
0 0.43046875 0.56328125 0.009375 0.02421875
0 0.43828125 0.56796875 0.0078125 0.02265625
0 0.4453125 0.5703125 0.0078125 0.025
0 0.43203125 0.7359375 0.01015625 0.01328125
0 0.63828125 0.61484375 0.01328125 0.0171875
0 0.5734375 0.334375 0.0078125 0.0125
0 0.56640625 0.3875 0.0171875 0.034375
0 0.5796875 0.38828125 0.00859375 0.0171875
0 0.5859375 0.3265625 0.009375 0.0203125
0 0.21171875 0.54765625 0.01484375 0.015625
0 0.3171875 0.64453125 0.015625 0.01640625
0 0.3609375 0.38203125 0.01171875 0.01640625
0 0.45 0.3140625 0.01015625 0.01953125
0 0.40859375 0.3765625 0.00703125 0.01484375
0 0.39609375 0.44921875 0.01015625 0.01875
0 0.415625 0.25390625 0.01171875 0.01953125
0 0.60390625 0.31015625 0.0203125 0.03203125
0 0.23984375 0.9875 0.01484375 0.025
0 0.41875 0.27890625 0.009375 0.02421875
0 0.353125 0.70390625 0.0125 0.02265625