0 0.546875 0.1921875 0.009375 0.01640625
0 0.54140625 0.22265625 0.0078125 0.01953125
0 0.49375 0.18671875 0.0078125 0.01796875
0 0.48203125 0.2078125 0.00625 0.02265625
0 0.47265625 0.203125 0.00859375 0.01640625
0 0.45234375 0.2140625 0.00859375 0.0171875
0 0.42734375 0.25703125 0.0078125 0.0203125
0 0.11328125 0.26015625 0.0140625 0.01640625
0 0.1109375 0.2078125 0.0140625 0.01875
0 0.24453125 0.31328125 0.0109375 0.01328125
0 0.37734375 0.4265625 0.0109375 0.01796875
0 0.42890625 0.5546875 0.009375 0.0140625
0 0.428125 0.5734375 0.0078125 0.01328125
0 0.43203125 0.5828125 0.0078125 0.0140625
0 0.49453125 0.49921875 0.0109375 0.01484375
0 0.59609375 0.4 0.009375 0.01796875
0 0.60546875 0.39765625 0.009375 0.01328125
0 0.62421875 0.45859375 0.0109375 0.01796875
0 0.53203125 0.3453125 0.00703125 0.015625
0 0.52734375 0.34609375 0.00546875 0.01953125
0 0.490625 0.353125 0.00625 0.021875
0 0.484375 0.36875 0.0078125 0.021875
0 0.4796875 0.34609375 0.00625 0.015625
0 0.46796875 0.3515625 0.00859375 0.01640625
0 0.46875 0.3828125 0.00703125 0.015625
0 0.47734375 0.37890625 0.00625 0.0109375
0 0.559375 0.390625 0.0078125 0.01640625
0 0.609375 0.42421875 0.00703125 0.01171875
0 0.3453125 0.7296875 0.01015625 0.01484375
0 0.53515625 0.64921875 0.0078125 0.01796875
0 0.55390625 0.65859375 0.00703125 0.01484375
0 0.56484375 0.64140625 0.00625 0.015625
0 0.71796875 0.87734375 0.0109375 0.01953125
0 0.7140625 0.88671875 0.01328125 0.01953125
0 0.45234375 0.81875 0.00546875 0.0234375
0 0.45546875 0.83359375 0.00625 0.01875
0 0.4640625 0.82890625 0.00546875 0.02109375
0 0.471875 0.8171875 0.00625 0.01875
0 0.4703125 0.83046875 0.00625 0.0140625
0 0.40859375 0.98671875 0.0078125 0.0265625
0 0.38125 0.975 0.00703125 0.02421875
0 0.3734375 0.98984375 0.00859375 0.01875
0 0.36171875 0.97421875 0.00703125 0.02109375
0 0.33828125 0.93671875 0.009375 0.02109375
0 0.31796875 0.96484375 0.0109375 0.021875
0 0.30703125 0.95546875 0.0109375 0.01875
0 0.2984375 0.97734375 0.0109375 0.02421875
0 0.28984375 0.978125 0.00859375 0.02265625
0 0.28828125 0.99453125 0.01015625 0.0109375
0 0.20234375 0.92890625 0.01328125 0.02578125
0 0.196875 0.95546875 0.0171875 0.01953125
0 0.15546875 0.915625 0.015625 0.01796875
0 0.12421875 0.9796875 0.01484375 0.0265625
0 0.1125 0.9890625 0.01015625 0.0140625
0 0.7546875 0.190625 0.0109375 0.0203125