0 0.18671875 0.98046875 0.03046875 0.0390625
0 0.33984375 0.58125 0.0234375 0.04296875
0 0.3296875 0.4796875 0.02578125 0.0390625
0 0.359375 0.334375 0.0203125 0.04296875
0 0.471875 0.31796875 0.0265625 0.0484375
0 0.43359375 0.63125 0.02421875 0.03671875
0 0.584375 0.64453125 0.02890625 0.0359375
0 0.6453125 0.42734375 0.02265625 0.034375
0 0.56796875 0.3 0.0203125 0.04609375
0 0.55078125 0.2546875 0.02734375 0.046875
0 0.69921875 0.2796875 0.03203125 0.05234375
0 0.6890625 0.68125 0.028125 0.05625