0 0.1765625 0.88125 0.02265625 0.0328125
0 0.14921875 0.83984375 0.0328125 0.0390625
0 0.14296875 0.70625 0.02109375 0.0375
0 0.35 0.75703125 0.01171875 0.04140625
0 0.3796875 0.73984375 0.0109375 0.03828125
0 0.384375 0.775 0.0140625 0.04453125
0 0.58046875 0.9078125 0.0203125 0.0375
0 0.60078125 0.9671875 0.01484375 0.03046875
0 0.6328125 0.9484375 0.01640625 0.04296875
0 0.6171875 0.8703125 0.01640625 0.05234375
0 0.65390625 0.84140625 0.01484375 0.03515625
0 0.6328125 0.7375 0.01484375 0.0359375
0 0.4875 0.7984375 0.01484375 0.03046875
0 0.5078125 0.7296875 0.01328125 0.04375
0 0.46796875 0.725 0.01640625 0.03984375
0 0.4671875 0.68359375 0.0109375 0.02421875
0 0.49609375 0.66015625 0.015625 0.04296875
0 0.553125 0.69296875 0.0140625 0.04375
0 0.18046875 0.6203125 0.01875 0.03984375
0 0.5046875 0.5171875 0.0125 0.0375
0 0.53125 0.5390625 0.01328125 0.03046875
0 0.5734375 0.48125 0.0109375 0.03984375
0 0.55546875 0.5234375 0.015625 0.0390625
0 0.58515625 0.32421875 0.00859375 0.0328125
0 0.5796875 0.28359375 0.00703125 0.0375
0 0.58828125 0.2828125 0.01015625 0.04140625
0 0.63359375 0.26171875 0.01171875 0.03125
0 0.62109375 0.24140625 0.00859375 0.03515625
0 0.68828125 0.02421875 0.00625 0.0234375
0 0.65859375 0.1484375 0.00703125 0.0390625
0 0.65390625 0.1390625 0.00703125 0.03515625
0 0.6125 0.05 0.00859375 0.03984375
0 0.6 0.0625 0.00703125 0.04296875
0 0.5921875 0.05625 0.00625 0.03984375
0 0.59453125 0.04453125 0.00546875 0.03125
0 0.571875 0.1109375 0.00859375 0.02265625
0 0.54375 0.01953125 0.00625 0.03359375
0 0.5375 0.015625 0.0078125 0.03125
0 0.52265625 0.00859375 0.00625 0.0171875
0 0.5125 0.00234375 0.009375 0.0046875
0 0.44453125 0.07421875 0.00703125 0.03515625
0 0.44296875 0.109375 0.00625 0.0359375
0 0.4328125 0.11015625 0.009375 0.03828125
0 0.41953125 0.1171875 0.00703125 0.04296875
0 0.37421875 0.10234375 0.0078125 0.0375
0 0.3796875 0.11015625 0.00703125 0.0359375
0 0.38125 0.1453125 0.0078125 0.03828125
0 0.35859375 0.07265625 0.009375 0.0359375
0 0.29453125 0.103125 0.0109375 0.02890625
0 0.27421875 0.1234375 0.0109375 0.0328125
0 0.35 0.3609375 0.0109375 0.04609375
0 0.3234375 0.34921875 0.009375 0.0359375
0 0.31953125 0.37109375 0.015625 0.03984375
0 0.31875 0.3890625 0.0140625 0.03828125
0 0.55703125 0.94609375 0.01171875 0.05
0 0.61484375 0.78125 0.01796875 0.03984375