0 0.05078125 0.3640625 0.028125 0.021875
0 0.80234375 0.84453125 0.01875 0.03515625
0 0.67578125 0.8734375 0.01875 0.03828125
0 0.75703125 0.4203125 0.01640625 0.0296875
0 0.68359375 0.17421875 0.01328125 0.0296875
0 0.740625 0.41328125 0.01953125 0.02578125
0 0.50625 0.36171875 0.0140625 0.0265625
0 0.71328125 0.18203125 0.01484375 0.03515625
0 0.73046875 0.13359375 0.01640625 0.040625
0 0.73203125 0.196875 0.01796875 0.03828125
0 0.6828125 0.96953125 0.015625 0.03359375
0 0.665625 0.9640625 0.0171875 0.04140625
0 0.6609375 0.8828125 0.01484375 0.0359375
0 0.63046875 0.7859375 0.01171875 0.02890625
0 0.5015625 0.39453125 0.00859375 0.02421875
0 0.6921875 0.84140625 0.01796875 0.02890625
0 0.5546875 0.75859375 0.01328125 0.0296875
0 0.6609375 0.82734375 0.01484375 0.028125
0 0.69609375 0.81875 0.02265625 0.0296875
0 0.509375 0.4234375 0.009375 0.021875
0 0.709375 0.8125 0.015625 0.03046875