0 0.2 0.46015625 0.0125 0.0359375
0 0.25703125 0.36796875 0.0125 0.0390625
0 0.27421875 0.37734375 0.0109375 0.04453125
0 0.45859375 0.54921875 0.01484375 0.03359375
0 0.5171875 0.54453125 0.009375 0.028125
0 0.52265625 0.51875 0.01015625 0.04140625
0 0.53828125 0.6265625 0.01640625 0.0453125
0 0.57265625 0.6125 0.01796875 0.03125
0 0.5953125 0.5890625 0.01875 0.04453125
0 0.603125 0.62734375 0.01953125 0.03046875
0 0.625 0.6671875 0.015625 0.03046875
0 0.5703125 0.7140625 0.01015625 0.0390625
0 0.58984375 0.71953125 0.01328125 0.0359375
0 0.74765625 0.90703125 0.015625 0.03671875
0 0.65 0.77265625 0.0203125 0.0375
0 0.70625 0.596875 0.02578125 0.03515625
0 0.66953125 0.87578125 0.0140625 0.0375
0 0.6390625 0.88671875 0.01796875 0.03125
0 0.5171875 0.3953125 0.01015625 0.03359375
0 0.5265625 0.38515625 0.009375 0.02890625
0 0.53359375 0.3703125 0.00703125 0.0453125
0 0.54140625 0.37578125 0.0078125 0.03671875
0 0.56875 0.38359375 0.0109375 0.0328125
0 0.62734375 0.4234375 0.0125 0.028125
0 0.60234375 0.43515625 0.0140625 0.03984375
0 0.5953125 0.46640625 0.01015625 0.040625
0 0.55234375 0.43828125 0.0125 0.03203125
0 0.39140625 0.3046875 0.00625 0.03984375
0 0.4046875 0.28203125 0.00546875 0.025
0 0.40859375 0.31484375 0.00625 0.04296875
0 0.28671875 0.275 0.009375 0.0328125
0 0.25390625 0.29375 0.0125 0.0421875
0 0.3671875 0.13359375 0.0078125 0.03046875
0 0.36875 0.11875 0.0078125 0.03515625
0 0.3890625 0.11640625 0.00703125 0.0375
0 0.5640625 0.11015625 0.00546875 0.03046875
0 0.56953125 0.10859375 0.00546875 0.03359375
0 0.5625 0.17734375 0.00859375 0.02109375
0 0.40546875 0.0078125 0.00859375 0.015625
0 0.5890625 0.8046875 0.01640625 0.03203125
0 0.6203125 0.5859375 0.0140625 0.0296875
0 0.69921875 0.63984375 0.01640625 0.03359375
0 0.7453125 0.715625 0.02265625 0.03125
0 0.59921875 0.796875 0.01171875 0.0359375
0 0.60703125 0.7921875 0.01015625 0.02890625