0 0.7578125 0.68046875 0.01875 0.03046875
0 0.47578125 0.209375 0.01640625 0.02734375
0 0.7078125 0.12734375 0.0171875 0.03515625
0 0.68671875 0.125 0.0234375 0.04296875
0 0.434375 0.18828125 0.01328125 0.02734375
0 0.621875 0.75859375 0.0140625 0.03359375
0 0.4328125 0.21953125 0.01171875 0.0234375
0 0.58515625 0.69765625 0.01328125 0.03046875
0 0.540625 0.640625 0.01484375 0.02578125
0 0.6234375 0.8109375 0.01953125 0.03828125
0 0.6390625 0.81171875 0.01640625 0.03671875
0 0.65703125 0.7765625 0.0203125 0.02890625
0 0.66796875 0.7578125 0.021875 0.021875
0 0.68125 0.74921875 0.0140625 0.03046875