0 0.03359375 0.14375 0.02578125 0.03125
0 0.78046875 0.671875 0.01640625 0.0265625
0 0.715625 0.0703125 0.01640625 0.0421875
0 0.59375 0.6671875 0.01484375 0.02421875
0 0.73203125 0.07578125 0.01640625 0.0390625
0 0.61796875 0.73125 0.0140625 0.02265625
0 0.51796875 0.2390625 0.015625 0.02890625
0 0.7046875 0.7984375 0.0171875 0.0375
0 0.6515625 0.803125 0.01640625 0.02578125
0 0.715625 0.790625 0.015625 0.03359375
0 0.46484375 0.1859375 0.0140625 0.01953125
0 0.66953125 0.83125 0.015625 0.02890625
0 0.69609375 0.82109375 0.01640625 0.03203125