0 0.028125 0.384375 0.03046875 0.02421875
0 0.834375 0.90078125 0.0203125 0.0375
0 0.69921875 0.93203125 0.0203125 0.040625
0 0.7859375 0.4453125 0.01796875 0.03203125
0 0.70703125 0.18125 0.01484375 0.03203125
0 0.76796875 0.4375 0.0203125 0.028125
0 0.51640625 0.38203125 0.01484375 0.02890625
0 0.7390625 0.18984375 0.01640625 0.0375
0 0.75703125 0.1375 0.01796875 0.04375
0 0.759375 0.20546875 0.01875 0.040625
0 0.6828125 0.94140625 0.01640625 0.0390625
0 0.65 0.83828125 0.0125 0.03046875
0 0.51171875 0.4171875 0.009375 0.02578125
0 0.715625 0.896875 0.01953125 0.03046875
0 0.56875 0.8078125 0.0140625 0.03203125
0 0.6828125 0.88203125 0.01640625 0.03046875
0 0.7203125 0.87265625 0.02421875 0.03203125
0 0.51953125 0.4484375 0.01015625 0.0234375
0 0.734375 0.86640625 0.01640625 0.0328125