0 0.79765625 0.2703125 0.00625 0.0140625
0 0.6953125 0.2421875 0.0109375 0.0234375
0 0.64375 0.27578125 0.0078125 0.0203125
0 0.653125 0.44921875 0.009375 0.01796875
0 0.60234375 0.39140625 0.009375 0.02109375
0 0.528125 0.25390625 0.0109375 0.021875
0 0.5078125 0.31953125 0.00703125 0.01796875
0 0.4640625 0.24375 0.009375 0.0203125
0 0.4203125 0.3953125 0.01015625 0.025
0 0.39921875 0.3765625 0.0140625 0.01875
0 0.384375 0.21171875 0.01015625 0.02421875
0 0.33203125 0.2515625 0.0109375 0.01953125
0 0.88828125 0.72421875 0.01875 0.01328125
0 0.65546875 0.80390625 0.0140625 0.01484375
0 0.59921875 0.678125 0.009375 0.01484375
0 0.3765625 0.71875 0.0109375 0.0140625