0 0.634375 0.43671875 0.009375 0.01796875
0 0.61015625 0.5109375 0.0140625 0.02109375
0 0.64375 0.53828125 0.01328125 0.0171875
0 0.5859375 0.465625 0.01328125 0.02734375
0 0.5796875 0.39140625 0.009375 0.02109375
0 0.5140625 0.31015625 0.0125 0.009375
0 0.50390625 0.29921875 0.015625 0.01875
0 0.4921875 0.2640625 0.0140625 0.01796875
0 0.58046875 0.09140625 0.01015625 0.021875
0 0.61640625 0.11640625 0.01015625 0.03046875
0 0.64140625 0.1296875 0.0109375 0.02421875
0 0.6765625 0.1265625 0.0140625 0.03125
0 0.77578125 0.75859375 0.0140625 0.02109375
0 0.69609375 0.13515625 0.01328125 0.034375
0 0.715625 0.1359375 0.0140625 0.02734375
0 0.7296875 0.1078125 0.01328125 0.02890625
0 0.7296875 0.146875 0.01171875 0.01953125
0 0.73046875 0.17890625 0.015625 0.03203125
0 0.72890625 0.1765625 0.0078125 0.02109375
0 0.715625 0.18671875 0.0109375 0.02265625
0 0.70703125 0.18203125 0.01328125 0.03515625
0 0.69609375 0.1703125 0.01640625 0.03203125
0 0.72421875 0.2078125 0.01328125 0.025
0 0.734375 0.21328125 0.0140625 0.01796875
0 0.73515625 0.22421875 0.015625 0.02265625
0 0.7171875 0.24609375 0.01875 0.03515625
0 0.72578125 0.26015625 0.01640625 0.02734375
0 0.73203125 0.2734375 0.0171875 0.02890625
0 0.73828125 0.2875 0.0171875 0.02421875
0 0.7453125 0.3078125 0.015625 0.0234375
0 0.75078125 0.3234375 0.015625 0.02109375
0 0.753125 0.25390625 0.015625 0.025
0 0.77734375 0.22578125 0.01640625 0.021875
0 0.78515625 0.24140625 0.0234375 0.02265625
0 0.78984375 0.25625 0.01796875 0.0296875
0 0.79609375 0.2703125 0.01640625 0.025
0 0.79453125 0.31953125 0.0203125 0.01953125
0 0.790625 0.309375 0.02109375 0.02109375
0 0.78671875 0.29609375 0.0203125 0.021875
0 0.78125 0.28125 0.0140625 0.01953125
0 0.76875 0.3015625 0.01875 0.02109375
0 0.76328125 0.28515625 0.02109375 0.025
0 0.75859375 0.27109375 0.0203125 0.02890625
0 0.7765625 0.33125 0.01484375 0.01875
0 0.77890625 0.340625 0.025 0.02421875
0 0.75859375 0.36015625 0.0203125 0.02578125
0 0.75390625 0.3390625 0.021875 0.0234375
0 0.80703125 0.2046875 0.0171875 0.02265625
0 0.8015625 0.19296875 0.01796875 0.03125
0 0.79609375 0.17109375 0.015625 0.025
0 0.7828125 0.18828125 0.0140625 0.0203125
0 0.775 0.17265625 0.025 0.0265625
0 0.7875 0.14921875 0.0171875 0.0265625
0 0.78046875 0.13828125 0.01875 0.025
0 0.809375 0.1640625 0.01328125 0.01953125
0 0.81640625 0.175 0.01328125 0.0234375
0 0.88046875 0.12734375 0.0171875 0.01953125
0 0.9015625 0.1359375 0.01640625 0.03046875
0 0.90703125 0.15 0.0203125 0.02421875
0 0.91328125 0.16796875 0.02265625 0.0265625
0 0.91640625 0.18125 0.0234375 0.02421875
0 0.90546875 0.20625 0.0171875 0.02421875
0 0.9125 0.21875 0.01953125 0.0203125
0 0.9140625 0.25 0.01953125 0.01484375
0 0.93984375 0.28984375 0.0265625 0.02578125
0 0.94609375 0.30703125 0.01796875 0.01875
0 0.95546875 0.36484375 0.01875 0.02109375
0 0.95546875 0.37890625 0.03125 0.01796875
0 0.95625 0.3984375 0.0265625 0.015625
0 0.81171875 0.3125 0.01640625 0.0203125
0 0.81484375 0.32578125 0.01796875 0.0265625
0 0.84296875 0.32734375 0.0265625 0.025
0 0.80078125 0.3625 0.02578125 0.01953125
0 0.82109375 0.34609375 0.01640625 0.021875
0 0.834375 0.36484375 0.025 0.0234375
0 0.8046875 0.38046875 0.01796875 0.021875
0 0.821875 0.35703125 0.015625 0.01953125
0 0.8078125 0.3921875 0.02109375 0.015625
0 0.76484375 0.3765625 0.01953125 0.02265625
0 0.76875 0.4 0.01875 0.0203125
0 0.7703125 0.41875 0.01953125 0.01796875
0 0.79140625 0.4125 0.02109375 0.02265625
0 0.76953125 0.434375 0.021875 0.01328125
0 0.809375 0.41875 0.01640625 0.01796875
0 0.83671875 0.38046875 0.02421875 0.0203125
0 0.86796875 0.35234375 0.01953125 0.021875
0 0.85703125 0.39609375 0.01953125 0.01875
0 0.85703125 0.3828125 0.01953125 0.021875
0 0.871875 0.36875 0.01640625 0.01796875
0 0.87578125 0.3859375 0.01640625 0.01796875
0 0.87578125 0.41953125 0.01796875 0.0171875
0 0.84453125 0.42421875 0.01328125 0.0125
0 0.8296875 0.41953125 0.01640625 0.01640625
0 0.8265625 0.434375 0.01953125 0.01328125
0 0.8421875 0.44375 0.02109375 0.01484375
0 0.85859375 0.44921875 0.02109375 0.01640625
0 0.8578125 0.46328125 0.021875 0.015625
0 0.84140625 0.475 0.01875 0.021875
0 0.82890625 0.47734375 0.01796875 0.0203125
0 0.82578125 0.453125 0.01796875 0.015625
0 0.77421875 0.45234375 0.01796875 0.01875
0 0.790625 0.47734375 0.01953125 0.0140625
0 0.7734375 0.47421875 0.01640625 0.0140625
0 0.8109375 0.4765625 0.021875 0.01484375
0 0.88671875 0.4546875 0.0140625 0.01953125
0 0.88984375 0.471875 0.015625 0.01875
0 0.8828125 0.46953125 0.01171875 0.01171875
0 0.8859375 0.49375 0.02109375 0.01484375
0 0.828125 0.5 0.0234375 0.0140625
0 0.7890625 0.49609375 0.0203125 0.01796875
0 0.78828125 0.51484375 0.01796875 0.0140625
0 0.82265625 0.5171875 0.021875 0.0171875
0 0.78515625 0.53359375 0.02109375 0.01640625
0 0.80390625 0.55 0.01953125 0.01484375
0 0.8359375 0.565625 0.01640625 0.01875
0 0.85234375 0.57265625 0.0171875 0.01953125
0 0.9 0.54609375 0.0234375 0.015625
0 0.9 0.56484375 0.021875 0.01640625
0 0.81640625 0.99296875 0.0171875 0.0140625
0 0.82890625 0.984375 0.01796875 0.03125
0 0.9859375 0.471875 0.025 0.02265625
0 0.9828125 0.50546875 0.01953125 0.015625
0 0.98125 0.5234375 0.02734375 0.015625
0 0.9828125 0.54609375 0.0203125 0.01484375
0 0.97421875 0.55859375 0.0234375 0.01640625
0 0.96875 0.596875 0.02109375 0.0234375
0 0.9953125 0.628125 0.009375 0.03671875
0 0.928125 0.63671875 0.01875 0.01796875
0 0.92109375 0.6546875 0.0203125 0.01953125
0 0.88671875 0.62890625 0.0171875 0.021875
0 0.9171875 0.6703125 0.01484375 0.0203125
0 0.90078125 0.6828125 0.01796875 0.01875
0 0.88125 0.65 0.0171875 0.01953125
0 0.8546875 0.63671875 0.01796875 0.01875
0 0.84609375 0.60546875 0.01875 0.0234375
0 0.8484375 0.5859375 0.01875 0.0171875
0 0.8171875 0.584375 0.01875 0.0171875
0 0.8140625 0.5953125 0.0171875 0.0140625
0 0.80859375 0.60859375 0.0171875 0.02265625
0 0.79609375 0.59921875 0.015625 0.02109375
0 0.79921875 0.56875 0.0203125 0.01796875
0 0.7828125 0.575 0.01640625 0.01171875
0 0.77734375 0.58828125 0.02109375 0.01796875
0 0.77265625 0.59765625 0.0125 0.0234375
0 0.79140625 0.62421875 0.01875 0.01328125
0 0.8359375 0.65078125 0.0203125 0.0171875
0 0.85390625 0.65078125 0.009375 0.0078125
0 0.85078125 0.66171875 0.01484375 0.01796875
0 0.875 0.66640625 0.0171875 0.02109375
0 0.86796875 0.6859375 0.01796875 0.02109375
0 0.86484375 0.70234375 0.01328125 0.01875
0 0.8375 0.69921875 0.0171875 0.0265625
0 0.83203125 0.71328125 0.01953125 0.0203125
0 0.85390625 0.76875 0.0234375 0.01953125
0 0.81015625 0.73359375 0.021875 0.034375
0 0.759375 0.6890625 0.01640625 0.021875
0 0.8234375 0.24609375 0.0171875 0.0203125
0 0.82578125 0.26171875 0.01484375 0.01875
0 0.84140625 0.459375 0.01015625 0.01015625
0 0.79140625 0.42734375 0.009375 0.0109375
0 0.978125 0.61328125 0.02109375 0.01484375
0 0.8609375 0.721875 0.01484375 0.01796875