0 0.91953125 0.66015625 0.04140625 0.05703125
0 0.7671875 0.7390625 0.03359375 0.0484375
0 0.6421875 0.75546875 0.03046875 0.0609375
0 0.68359375 0.78515625 0.03515625 0.06640625
0 0.71875 0.8234375 0.03046875 0.05390625
0 0.175 0.8515625 0.0421875 0.06796875
0 0.7 0.853125 0.02890625 0.0640625
0 0.1546875 0.90546875 0.04921875 0.05703125
0 0.43828125 0.3796875 0.0234375 0.06484375
0 0.4125 0.38203125 0.0265625 0.065625
0 0.3796875 0.38828125 0.02890625 0.06484375
0 0.91953125 0.43359375 0.0421875 0.05390625