0 0.80703125 0.0828125 0.0171875 0.0359375
0 0.8015625 0.071875 0.01796875 0.0265625
0 0.75078125 0.40703125 0.0140625 0.0171875
0 0.61640625 0.4625 0.0125 0.01875
0 0.615625 0.41328125 0.0109375 0.0171875
0 0.60703125 0.3859375 0.01171875 0.015625
0 0.47421875 0.2203125 0.00859375 0.0171875
0 0.46484375 0.21640625 0.0078125 0.01875
0 0.4546875 0.2234375 0.009375 0.021875
0 0.4375 0.2859375 0.0125 0.02265625
0 0.29296875 0.36875 0.0140625 0.01796875
0 0.29453125 0.46171875 0.0125 0.01640625
0 0.29140625 0.48125 0.01328125 0.0203125
0 0.29453125 0.553125 0.01328125 0.02421875
0 0.325 0.5859375 0.01328125 0.0203125
0 0.38984375 0.4875 0.0171875 0.0171875
0 0.40390625 0.50546875 0.01875 0.01875
0 0.40859375 0.52421875 0.009375 0.015625
0 0.409375 0.5453125 0.0125 0.01796875
0 0.38828125 0.5390625 0.01171875 0.0203125
0 0.38828125 0.51015625 0.01015625 0.01875
0 0.36875 0.69609375 0.01328125 0.02265625
0 0.48984375 0.56328125 0.0109375 0.0421875
0 0.5125 0.6875 0.00859375 0.021875
0 0.525 0.69453125 0.0078125 0.02109375
0 0.53203125 0.6875 0.0078125 0.01875
0 0.02890625 0.64765625 0.0265625 0.01875
0 0.01171875 0.634375 0.0234375 0.01875
0 0.60546875 0.9390625 0.01015625 0.0390625
0 0.69921875 0.653125 0.01484375 0.01875
0 0.7109375 0.6578125 0.01171875 0.01640625
0 0.703125 0.67421875 0.01796875 0.01640625
0 0.72109375 0.69765625 0.0140625 0.021875
0 0.7078125 0.69921875 0.01171875 0.025
0 0.69453125 0.7015625 0.015625 0.01875
0 0.8625 0.6953125 0.02109375 0.015625
0 0.8875 0.68515625 0.0203125 0.01953125
0 0.909375 0.6453125 0.025 0.0203125
0 0.9484375 0.75625 0.02265625 0.03046875
0 0.9484375 0.77578125 0.0203125 0.01796875
0 0.9296875 0.7609375 0.028125 0.02265625
0 0.82109375 0.87890625 0.015625 0.0296875
0 0.7828125 0.915625 0.01484375 0.02890625
0 0.80546875 0.96953125 0.015625 0.02578125
0 0.4015625 0.3828125 0.01171875 0.01484375
0 0.40078125 0.39609375 0.01328125 0.0109375