0 0.94765625 0.74296875 0.02578125 0.0203125
0 0.70234375 0.59140625 0.0140625 0.02265625
0 0.6609375 0.71953125 0.0140625 0.0203125
0 0.34921875 0.38125 0.01640625 0.01796875
0 0.90546875 0.36953125 0.01953125 0.0171875
0 0.87578125 0.2828125 0.025 0.01640625
0 0.8796875 0.24609375 0.02578125 0.025
0 0.925 0.215625 0.021875 0.01953125
0 0.934375 0.14921875 0.01640625 0.01953125
0 0.7859375 0.1765625 0.01875 0.01875
0 0.8375 0.109375 0.01875 0.02890625
0 0.87734375 0.05859375 0.0203125 0.03203125
0 0.80859375 0.31953125 0.01796875 0.01640625
0 0.6296875 0.0046875 0.009375 0.009375