0 0.1546875 0.77109375 0.025 0.021875
0 0.21640625 0.190625 0.021875 0.02734375
0 0.2890625 0.0421875 0.0171875 0.0453125
0 0.02421875 0.30234375 0.02109375 0.01875
0 0.06015625 0.56328125 0.02734375 0.0140625
0 0.83671875 0.79921875 0.01953125 0.01953125
0 0.021875 0.2765625 0.02890625 0.01640625
0 0.62109375 0.7484375 0.0109375 0.02421875
0 0.84140625 0.83203125 0.02421875 0.02890625
0 0.93984375 0.8015625 0.02421875 0.02890625
0 0.8875 0.896875 0.02734375 0.03671875
0 0.96796875 0.85078125 0.02421875 0.03515625
0 0.9484375 0.87734375 0.02421875 0.03125
0 0.91640625 0.96640625 0.02734375 0.04453125
0 0.89765625 0.334375 0.02578125 0.0328125
0 0.02734375 0.25859375 0.01875 0.021875
0 0.91953125 0.3375 0.02578125 0.034375
0 0.90859375 0.934375 0.02890625 0.03125
0 0.9578125 0.85234375 0.028125 0.03203125
0 0.909375 0.33203125 0.02421875 0.021875
0 0.93125 0.9640625 0.02421875 0.0375