0 0.89375 0.6625 0.01953125 0.01484375
0 0.6265625 0.65546875 0.01796875 0.0234375
0 0.6671875 0.74921875 0.009375 0.01640625
0 0.3734375 0.6296875 0.0078125 0.01875
0 0.81640625 0.19609375 0.0078125 0.01640625
0 0.78125 0.23125 0.009375 0.01640625
0 0.7609375 0.19921875 0.0125 0.02578125
0 0.728125 0.1625 0.01015625 0.021875
0 0.775 0.3359375 0.0140625 0.01796875
0 0.7609375 0.34375 0.0125 0.02109375
0 0.728125 0.309375 0.01484375 0.01640625
0 0.6359375 0.3328125 0.00703125 0.01953125
0 0.62890625 0.2875 0.0109375 0.0171875
0 0.57109375 0.23203125 0.01171875 0.0203125
0 0.33671875 0.11796875 0.009375 0.0203125
0 0.61796875 0.11953125 0.0078125 0.02109375