0 0.31171875 0.60625 0.01796875 0.025
0 0.01484375 0.4703125 0.02578125 0.021875
0 0.0296875 0.45078125 0.02578125 0.02578125
0 0.48515625 0.37890625 0.01328125 0.02890625
0 0.5140625 0.37578125 0.01328125 0.0296875
0 0.44453125 0.59453125 0.01640625 0.02421875
0 0.01953125 0.4234375 0.02421875 0.02109375
0 0.7484375 0.59296875 0.01875 0.0296875
0 0.66484375 0.71875 0.01953125 0.0265625
0 0.8421875 0.0609375 0.02421875 0.05078125
0 0.00703125 0.43828125 0.0140625 0.0296875
0 0.76171875 0.15703125 0.0203125 0.03359375