0 0.32109375 0.578125 0.01796875 0.025
0 0.02734375 0.4078125 0.02421875 0.0234375
0 0.0421875 0.39296875 0.02578125 0.0234375
0 0.49765625 0.3734375 0.01328125 0.028125
0 0.52578125 0.37265625 0.01484375 0.03046875
0 0.4484375 0.58359375 0.015625 0.0265625
0 0.034375 0.36328125 0.02578125 0.021875
0 0.753125 0.62109375 0.01953125 0.03046875
0 0.6640625 0.734375 0.01953125 0.02578125
0 0.8703125 0.1046875 0.02578125 0.0515625
0 0.0140625 0.37421875 0.02734375 0.0265625
0 0.00546875 0.40625 0.01015625 0.01953125
0 0.78515625 0.18359375 0.02109375 0.034375