0 0.32421875 0.540625 0.01484375 0.0265625
0 0.0421875 0.340625 0.02421875 0.02578125
0 0.0578125 0.3265625 0.0234375 0.0296875
0 0.51015625 0.36953125 0.01328125 0.02890625
0 0.53984375 0.3734375 0.01484375 0.03046875
0 0.45078125 0.57421875 0.01796875 0.025
0 0.04765625 0.296875 0.01875 0.02109375
0 0.75546875 0.65234375 0.01953125 0.03046875
0 0.66171875 0.7515625 0.01875 0.02578125
0 0.8984375 0.16484375 0.02265625 0.03125
0 0.02890625 0.309375 0.02890625 0.02890625
0 0.0140625 0.3375 0.02265625 0.0234375
0 0.80703125 0.2359375 0.02265625 0.034375