0 0.32421875 0.53984375 0.01484375 0.02734375
0 0.040625 0.3390625 0.02421875 0.02578125
0 0.05703125 0.325 0.0234375 0.0296875
0 0.5109375 0.36796875 0.01328125 0.02890625
0 0.540625 0.371875 0.01484375 0.03046875
0 0.4515625 0.57421875 0.01796875 0.025
0 0.04609375 0.29453125 0.01875 0.02109375
0 0.7578125 0.65234375 0.01953125 0.03046875
0 0.66328125 0.75234375 0.01875 0.02578125
0 0.9015625 0.16171875 0.02265625 0.03203125
0 0.028125 0.3078125 0.0296875 0.02890625
0 0.0125 0.3359375 0.02265625 0.0234375
0 0.81015625 0.23359375 0.02265625 0.034375