0 0.3125 0.58671875 0.01796875 0.02578125
0 0.01171875 0.41171875 0.02265625 0.0234375
0 0.0265625 0.396875 0.0265625 0.0234375
0 0.49375 0.3765625 0.01328125 0.02890625
0 0.52265625 0.37578125 0.01484375 0.03125
0 0.44296875 0.59296875 0.01640625 0.02734375
0 0.01796875 0.365625 0.0265625 0.02265625
0 0.75625 0.63046875 0.0203125 0.03125
0 0.66484375 0.746875 0.0203125 0.0265625
0 0.8765625 0.10078125 0.0265625 0.053125
0 0.00546875 0.378125 0.0109375 0.02734375
0 0.7890625 0.18203125 0.021875 0.03515625