0 0.33671875 0.46875 0.0125 0.03046875
0 0.08984375 0.1890625 0.02265625 0.0296875
0 0.10703125 0.178125 0.021875 0.03125
0 0.53984375 0.36640625 0.01640625 0.0265625
0 0.56796875 0.37734375 0.0140625 0.03046875
0 0.45703125 0.546875 0.02265625 0.0296875
0 0.1015625 0.1515625 0.02265625 0.03515625
0 0.75078125 0.72890625 0.0296875 0.03203125
0 0.64375 0.7859375 0.01796875 0.03046875
0 0.95703125 0.26171875 0.02578125 0.03515625
0 0.08125 0.15078125 0.0265625 0.03203125
0 0.06640625 0.17109375 0.02421875 0.028125
0 0.84921875 0.3421875 0.03359375 0.0359375