0 0.33046875 0.50859375 0.01328125 0.025
0 0.0640625 0.26640625 0.02421875 0.0296875
0 0.07890625 0.2546875 0.021875 0.03125
0 0.52421875 0.36875 0.01328125 0.0265625
0 0.55390625 0.3765625 0.0140625 0.03203125
0 0.4546875 0.56171875 0.01796875 0.0265625
0 0.07265625 0.22421875 0.02265625 0.02421875
0 0.75625 0.69140625 0.01875 0.03359375
0 0.65390625 0.77421875 0.01796875 0.03125
0 0.9265625 0.21875 0.02265625 0.0453125
0 0.053125 0.23125 0.028125 0.03046875
0 0.0375 0.2546875 0.0234375 0.02578125
0 0.83046875 0.3 0.028125 0.0390625