0 0.334375 0.5234375 0.0140625 0.02578125
0 0.05546875 0.27109375 0.02578125 0.03125
0 0.071875 0.25859375 0.02265625 0.0328125
0 0.5359375 0.37734375 0.0140625 0.028125
0 0.5671875 0.38515625 0.01484375 0.03359375
0 0.4640625 0.57890625 0.01875 0.028125
0 0.06484375 0.2265625 0.02421875 0.025
0 0.778125 0.71484375 0.01953125 0.03515625
0 0.671875 0.80078125 0.01875 0.0328125
0 0.95625 0.22109375 0.0234375 0.04765625
0 0.04453125 0.23359375 0.0296875 0.03203125
0 0.028125 0.25859375 0.02421875 0.02734375
0 0.85546875 0.30546875 0.0296875 0.040625