0 0.28671875 0.13828125 0.00859375 0.0328125
0 0.48125 0.01796875 0.01015625 0.028125
0 0.490625 0.1671875 0.0140625 0.0421875
0 0.490625 0.2046875 0.01328125 0.01875
0 0.4359375 0.221875 0.0125 0.01796875
0 0.425 0.2234375 0.0125 0.01484375
0 0.31328125 0.22578125 0.0078125 0.028125
0 0.425 0.23984375 0.009375 0.01796875
0 0.4953125 0.26875 0.01328125 0.0328125
0 0.5140625 0.32734375 0.01015625 0.03828125
0 0.2546875 0.35625 0.01015625 0.03671875
0 0.446875 0.0390625 0.0078125 0.01875
0 0.20546875 0.4140625 0.01953125 0.034375
0 0.2734375 0.04765625 0.0125 0.03203125
0 0.48984375 0.05546875 0.01328125 0.028125
0 0.5875 0.628125 0.0078125 0.0328125
0 0.4234375 0.6546875 0.0125 0.040625
0 0.41953125 0.66328125 0.0125 0.03671875
0 0.36484375 0.77265625 0.0125 0.03515625
0 0.59453125 0.87109375 0.01171875 0.04453125
0 0.5328125 0.98671875 0.015625 0.021875
0 0.54765625 0.98828125 0.01640625 0.01875