0 0.49921875 0.1375 0.0078125 0.0390625
0 0.5234375 0.190625 0.009375 0.040625
0 0.42890625 0.19375 0.01015625 0.04453125
0 0.37421875 0.26328125 0.009375 0.03671875
0 0.14453125 0.27734375 0.0125 0.03203125
0 0.45390625 0.3 0.00703125 0.03203125
0 0.3453125 0.30234375 0.01484375 0.03515625
0 0.1578125 0.309375 0.0140625 0.0328125
0 0.49375 0.3125 0.01015625 0.03515625
0 0.12890625 0.34296875 0.015625 0.040625
0 0.2875 0.4390625 0.0125 0.03828125
0 0.30546875 0.46875 0.0125 0.0390625
0 0.32578125 0.475 0.015625 0.03515625
0 0.23828125 0.478125 0.01171875 0.040625
0 0.34765625 0.4921875 0.01328125 0.03046875
0 0.30703125 0.5015625 0.009375 0.04453125
0 0.2953125 0.51875 0.0125 0.0421875
0 0.28046875 0.54921875 0.0125 0.03828125
0 0.2359375 0.65703125 0.01875 0.040625
0 0.56875 0.76953125 0.0125 0.046875