0 0.1984375 0.953125 0.028125 0.021875
0 0.20078125 0.971875 0.01484375 0.021875
0 0.221875 0.18671875 0.015625 0.03203125
0 0.115625 0.20625 0.02109375 0.0296875
0 0.096875 0.20859375 0.01484375 0.02265625
0 0.20234375 0.22265625 0.015625 0.03515625
0 0.15234375 0.22734375 0.0171875 0.0265625
0 0.215625 0.2296875 0.015625 0.0359375
0 0.87734375 0.23359375 0.01484375 0.0265625
0 0.1578125 0.2640625 0.01640625 0.03203125
0 0.19296875 0.30546875 0.01484375 0.03046875
0 0.13359375 0.38828125 0.01484375 0.03359375
0 0.9015625 0.45234375 0.01953125 0.03046875
0 0.19921875 0.86640625 0.0140625 0.0171875
0 0.1703125 0.90859375 0.02109375 0.02109375
0 0.21640625 0.915625 0.02109375 0.0265625
0 0.12734375 0.92421875 0.0296875 0.0234375