0 0.63125 0.16328125 0.00703125 0.03203125
0 0.63828125 0.1703125 0.0046875 0.0203125
0 0.63984375 0.19453125 0.00625 0.0265625
0 0.6328125 0.19765625 0.00390625 0.0265625
0 0.6265625 0.19921875 0.00625 0.025
0 0.63359375 0.21640625 0.0046875 0.02421875
0 0.6375 0.2375 0.00546875 0.025
0 0.64296875 0.2421875 0.00625 0.028125
0 0.65 0.24296875 0.00546875 0.01875
0 0.63203125 0.253125 0.00625 0.0265625
0 0.640625 0.303125 0.0078125 0.025
0 0.6609375 0.31640625 0.00703125 0.0265625
0 0.64375 0.3328125 0.00546875 0.02421875
0 0.6515625 0.33984375 0.00703125 0.02265625
0 0.63359375 0.36015625 0.00859375 0.028125
0 0.65625 0.4 0.00859375 0.021875
0 0.64453125 0.40703125 0.00625 0.02421875
0 0.5765625 0.0421875 0.0046875 0.025
0 0.65859375 0.43359375 0.0078125 0.02890625
0 0.6421875 0.43984375 0.0046875 0.021875
0 0.63671875 0.44296875 0.0046875 0.02265625
0 0.64375 0.4546875 0.00546875 0.025
0 0.64921875 0.4546875 0.00546875 0.0265625
0 0.66171875 0.4546875 0.00625 0.02890625
0 0.5953125 0.046875 0.00390625 0.01796875
0 0.64765625 0.50234375 0.00859375 0.03046875
0 0.6765625 0.5140625 0.00703125 0.025
0 0.62421875 0.55234375 0.00703125 0.0265625
0 0.6375 0.55625 0.00703125 0.0265625
0 0.559375 0.05703125 0.00546875 0.02265625
0 0.61015625 0.565625 0.01171875 0.02265625
0 0.59609375 0.59921875 0.00859375 0.02265625
0 0.6125 0.61328125 0.0078125 0.0265625
0 0.29453125 0.61875 0.009375 0.0265625
0 0.6015625 0.625 0.0078125 0.021875
0 0.2921875 0.6359375 0.00703125 0.025
0 0.30625 0.640625 0.00625 0.03046875
0 0.6140625 0.640625 0.009375 0.025
0 0.59140625 0.06484375 0.0046875 0.0203125
0 0.578125 0.65 0.00703125 0.025
0 0.29609375 0.65625 0.00703125 0.03046875
0 0.31171875 0.65703125 0.00859375 0.025
0 0.2 0.6625 0.009375 0.02265625
0 0.58203125 0.6671875 0.00859375 0.02421875
0 0.27421875 0.6703125 0.009375 0.028125
0 0.190625 0.6703125 0.009375 0.021875
0 0.2515625 0.671875 0.01171875 0.02890625
0 0.303125 0.675 0.00859375 0.02265625
0 0.27421875 0.68359375 0.00859375 0.0265625
0 0.30390625 0.6875 0.00703125 0.02421875
0 0.2765625 0.69375 0.00859375 0.02421875
0 0.6203125 0.69609375 0.00703125 0.0265625
0 0.2796875 0.6984375 0.009375 0.021875
0 0.58046875 0.70703125 0.00546875 0.028125
0 0.0859375 0.7078125 0.0140625 0.0203125
0 0.6828125 0.7109375 0.0078125 0.028125
0 0.59609375 0.71640625 0.00703125 0.02421875
0 0.275 0.71796875 0.00625 0.02265625
0 0.2859375 0.7203125 0.0171875 0.01875
0 0.21484375 0.7265625 0.0125 0.0265625
0 0.575 0.73046875 0.0046875 0.02421875
0 0.6125 0.73515625 0.0078125 0.028125
0 0.29453125 0.7375 0.009375 0.025
0 0.59140625 0.7390625 0.00546875 0.02421875
0 0.26875 0.7390625 0.0109375 0.0265625
0 0.5984375 0.75390625 0.0046875 0.0203125
0 0.6375 0.7609375 0.009375 0.0265625
0 0.64609375 0.76171875 0.00703125 0.025
0 0.59296875 0.76484375 0.0078125 0.025
0 0.58828125 0.0828125 0.00390625 0.01875
0 0.63359375 0.8390625 0.0078125 0.02265625
0 0.778125 0.84375 0.00703125 0.0203125
0 0.65859375 0.84765625 0.00859375 0.02265625
0 0.71640625 0.84921875 0.01015625 0.028125
0 0.65 0.85 0.00703125 0.02265625
0 0.67890625 0.85546875 0.009375 0.0203125
0 0.94296875 0.85625 0.0109375 0.01171875
0 0.76953125 0.85625 0.0125 0.02421875
0 0.9609375 0.86015625 0.01328125 0.0203125
0 0.8078125 0.86015625 0.0078125 0.02265625
0 0.95546875 0.8734375 0.0125 0.01171875
0 0.6765625 0.87421875 0.0078125 0.0203125
0 0.8171875 0.87421875 0.01015625 0.02265625
0 0.6890625 0.88515625 0.01171875 0.02421875
0 0.98671875 0.88671875 0.01875 0.021875
0 0.82109375 0.88671875 0.01171875 0.028125
0 0.9375 0.88828125 0.0171875 0.0203125
0 0.834375 0.88984375 0.009375 0.02265625
0 0.98828125 0.9046875 0.009375 0.0125
0 0.5796875 0.1 0.00625 0.01640625
0 0.58515625 0.10234375 0.00390625 0.01171875
0 0.60390625 0.103125 0.0046875 0.0125