0 0.66015625 0.17265625 0.00703125 0.03515625
0 0.646875 0.19140625 0.01015625 0.0390625
0 0.66328125 0.2125 0.0078125 0.0390625
0 0.6796875 0.2203125 0.00703125 0.0375
0 0.66953125 0.225 0.00703125 0.0359375
0 0.67265625 0.253125 0.00859375 0.03515625
0 0.50234375 0.44765625 0.0109375 0.0375
0 0.47578125 0.4578125 0.0078125 0.0359375
0 0.46328125 0.46484375 0.00859375 0.03046875
0 0.4578125 0.4703125 0.01015625 0.0359375
0 0.4859375 0.49140625 0.009375 0.0359375
0 0.496875 0.503125 0.01015625 0.0359375
0 0.53203125 0.52421875 0.01015625 0.03203125
0 0.51875 0.52578125 0.009375 0.040625
0 0.8015625 0.6078125 0.0140625 0.03359375
0 0.35859375 0.61953125 0.01015625 0.03515625
0 0.4046875 0.709375 0.01015625 0.025
0 0.39765625 0.73203125 0.01171875 0.028125
0 0.39765625 0.75625 0.00625 0.03203125
0 0.41796875 0.7625 0.0125 0.028125
0 0.4 0.7703125 0.00859375 0.03203125
0 0.38671875 0.77265625 0.0078125 0.028125
0 0.6140625 0.85078125 0.009375 0.03359375
0 0.6171875 0.884375 0.0140625 0.03046875
0 0.025 0.90859375 0.015625 0.03203125
0 0.52421875 0.046875 0.00703125 0.0375
0 0.52890625 0.07109375 0.0078125 0.03359375