0 0.80078125 0.9859375 0.02109375 0.02578125
0 0.015625 0.990625 0.03046875 0.015625
0 0.21328125 0.16328125 0.01328125 0.021875
0 0.728125 0.16640625 0.0109375 0.03359375
0 0.20234375 0.1671875 0.01640625 0.0296875
0 0.45 0.2421875 0.01484375 0.0296875
0 0.58671875 0.30390625 0.01171875 0.02734375
0 0.5953125 0.31015625 0.01328125 0.02734375
0 0.57421875 0.31171875 0.0125 0.02890625
0 0.18203125 0.48515625 0.01953125 0.021875
0 0.31484375 0.50078125 0.0109375 0.02890625
0 0.20234375 0.54296875 0.0171875 0.01875
0 0.5015625 0.6125 0.01640625 0.02265625
0 0.12890625 0.78515625 0.025 0.01640625
0 0.12421875 0.8 0.02421875 0.0171875
0 0.0796875 0.821875 0.0265625 0.01875
0 0.17109375 0.825 0.02421875 0.0234375
0 0.159375 0.8296875 0.02109375 0.01796875
0 0.2328125 0.9484375 0.01953125 0.021875