0 0.5265625 0.19140625 0.0125 0.04296875
0 0.5796875 0.20390625 0.01171875 0.03515625
0 0.6203125 0.24375 0.01328125 0.040625
0 0.553125 0.234375 0.01171875 0.03828125
0 0.459375 0.309375 0.0125 0.04296875
0 0.553125 0.38671875 0.0125 0.04296875
0 0.55390625 0.3296875 0.01328125 0.0359375
0 0.49453125 0.234375 0.0125 0.028125
0 0.5703125 0.3484375 0.01875 0.02421875
0 0.43203125 0.46171875 0.01484375 0.03828125
0 0.46875 0.4703125 0.0140625 0.0296875
0 0.50625 0.490625 0.01328125 0.0296875
0 0.55546875 0.534375 0.01328125 0.0296875
0 0.48125 0.58828125 0.0140625 0.0296875
0 0.41796875 0.665625 0.01484375 0.03125
0 0.38515625 0.6484375 0.01328125 0.025
0 0.02109375 0.4140625 0.03203125 0.034375
0 0.0171875 0.409375 0.0140625 0.01875