0 0.8015625 0.90234375 0.01875 0.0515625
0 0.6296875 0.68828125 0.01484375 0.053125
0 0.97578125 0.6765625 0.01875 0.046875
0 0.84453125 0.41171875 0.01875 0.04140625
0 0.70546875 0.12109375 0.01015625 0.0421875
0 0.61640625 0.05234375 0.00703125 0.0359375
0 0.503125 0.025 0.0125 0.03515625
0 0.4 0.23515625 0.0109375 0.03984375
0 0.38671875 0.11328125 0.009375 0.03828125
0 0.3140625 0.01875 0.009375 0.03671875
0 0.2953125 0.84453125 0.0265625 0.06640625
0 0.33359375 0.51328125 0.01328125 0.05625
0 0.053125 0.3375 0.01484375 0.04765625
0 0.27421875 0.3109375 0.0109375 0.04296875
0 0.28828125 0.24609375 0.0125 0.0515625
0 0.20703125 0.18671875 0.01015625 0.04296875
0 0.1703125 0.0359375 0.01171875 0.0359375
0 0.80390625 0.26015625 0.01171875 0.0453125