0 0.6 0.0828125 0.0140625 0.02109375
0 0.34921875 0.43359375 0.0140625 0.01953125
0 0.45546875 0.0234375 0.0078125 0.021875
0 0.47109375 0.0265625 0.009375 0.021875
0 0.63984375 0.446875 0.01015625 0.01796875
0 0.55 0.390625 0.00859375 0.01953125
0 0.37421875 0.18828125 0.00859375 0.025
0 0.3859375 0.18828125 0.0109375 0.02265625
0 0.38046875 0.215625 0.0125 0.02109375
0 0.3921875 0.2109375 0.0078125 0.02109375
0 0.4015625 0.2515625 0.01171875 0.03046875
0 0.41484375 0.26015625 0.01171875 0.028125
0 0.41328125 0.3203125 0.0109375 0.02734375
0 0.39375 0.41953125 0.01015625 0.02265625
0 0.36875 0.40859375 0.0109375 0.02578125
0 0.38046875 0.4109375 0.0109375 0.02421875