0 0.70546875 0.96875 0.0125 0.0125
0 0.43203125 0.22890625 0.009375 0.0171875
0 0.23671875 0.23984375 0.0125 0.01640625
0 0.22578125 0.25390625 0.01328125 0.015625
0 0.24375 0.2703125 0.0125 0.01328125
0 0.19921875 0.27265625 0.01640625 0.01640625
0 0.23359375 0.275 0.0125 0.01171875
0 0.26640625 0.2765625 0.0109375 0.0140625
0 0.5703125 0.2953125 0.0109375 0.01328125
0 0.20859375 0.3234375 0.0125 0.01328125
0 0.94609375 0.346875 0.015625 0.0203125
0 0.94921875 0.35390625 0.0140625 0.0125
0 0.23125 0.69375 0.01328125 0.01015625
0 0.24453125 0.6953125 0.0125 0.01328125
0 0.0140625 0.70234375 0.015625 0.01015625
0 0.06328125 0.7125 0.0203125 0.0140625
0 0.784375 0.93984375 0.0140625 0.015625
0 0.70859375 0.9421875 0.009375 0.0140625