0 0.38515625 0.19921875 0.01875 0.05625
0 0.3515625 0.259375 0.021875 0.04921875
0 0.2875 0.365625 0.02265625 0.05078125
0 0.34140625 0.38359375 0.0265625 0.03828125
0 0.36640625 0.3984375 0.0171875 0.04296875
0 0.39609375 0.4109375 0.03046875 0.046875
0 0.36875 0.43359375 0.02265625 0.05390625
0 0.390625 0.46484375 0.02421875 0.053125
0 0.36484375 0.49609375 0.02578125 0.04765625
0 0.40859375 0.50546875 0.02109375 0.04765625
0 0.24765625 0.5140625 0.028125 0.04375
0 0.378125 0.5359375 0.02109375 0.046875
0 0.44609375 0.58203125 0.02265625 0.04921875
0 0.02109375 0.68125 0.0421875 0.04296875