0 0.29140625 0.959375 0.01640625 0.01328125
0 0.87109375 0.01015625 0.0109375 0.0203125
0 0.671875 0.1234375 0.01015625 0.01171875
0 0.275 0.1921875 0.01015625 0.0203125
0 0.7609375 0.196875 0.0109375 0.01796875
0 0.75078125 0.21796875 0.0109375 0.01796875
0 0.290625 0.21875 0.00859375 0.01875
0 0.275 0.23125 0.0109375 0.0171875
0 0.85234375 0.2484375 0.009375 0.0171875
0 0.90234375 0.0265625 0.009375 0.0140625
0 0.84140625 0.26171875 0.0109375 0.015625
0 0.7265625 0.27578125 0.0125 0.01796875
0 0.33984375 0.30078125 0.01015625 0.01640625
0 0.35546875 0.30234375 0.0078125 0.0203125
0 0.97265625 0.303125 0.01640625 0.01328125
0 0.77890625 0.31171875 0.0109375 0.0171875
0 0.78359375 0.31796875 0.009375 0.01796875
0 0.3359375 0.31953125 0.0078125 0.01796875
0 0.921875 0.32109375 0.01171875 0.01640625
0 0.8984375 0.0328125 0.01015625 0.01796875
0 0.85625 0.03359375 0.009375 0.0171875
0 0.91484375 0.034375 0.01328125 0.0171875
0 0.32421875 0.34296875 0.01328125 0.0140625
0 0.85625 0.0359375 0.01171875 0.02109375
0 0.88671875 0.04296875 0.01015625 0.01796875
0 0.97578125 0.4375 0.0171875 0.01640625
0 0.98984375 0.4421875 0.01796875 0.0140625
0 0.88203125 0.04453125 0.01015625 0.0171875
0 0.97578125 0.45078125 0.01328125 0.01015625
0 0.89453125 0.05 0.00859375 0.01796875
0 0.86640625 0.0546875 0.0109375 0.01796875
0 0.3515625 0.57421875 0.0140625 0.015625
0 0.90234375 0.059375 0.01171875 0.0171875
0 0.878125 0.06796875 0.0109375 0.0203125
0 0.78359375 0.07890625 0.00859375 0.0171875