0 0.928125 0.9859375 0.02578125 0.028125
0 0.98359375 0.5578125 0.01875 0.05
0 0.89921875 0.36484375 0.01328125 0.04453125
0 0.7875 0.20390625 0.009375 0.0359375
0 0.71640625 0.0828125 0.01015625 0.03046875
0 0.64296875 0.265625 0.009375 0.0390625
0 0.70546875 0.2734375 0.0078125 0.04140625
0 0.71484375 0.28046875 0.0109375 0.0453125
0 0.54765625 0.6 0.01015625 0.05234375
0 0.53671875 0.37890625 0.00859375 0.040625
0 0.54921875 0.11015625 0.0078125 0.034375
0 0.36015625 0.63203125 0.0109375 0.0484375
0 0.39375 0.4484375 0.01328125 0.0421875
0 0.40234375 0.19296875 0.00859375 0.03984375
0 0.38125 0.09765625 0.009375 0.03671875
0 0.13125 0.059375 0.01015625 0.0359375
0 0.125 0.10078125 0.01328125 0.0265625
0 0.10703125 0.225 0.0109375 0.03984375
0 0.1125 0.3609375 0.0140625 0.040625
0 0.0625 0.41875 0.0203125 0.04375
0 0.27890625 0.36015625 0.0125 0.0453125