0 0.61953125 0.128125 0.0046875 0.01875
0 0.62578125 0.1390625 0.00546875 0.015625
0 0.67578125 0.15546875 0.0046875 0.01796875
0 0.67265625 0.15625 0.0046875 0.01875
0 0.56796875 0.20625 0.00546875 0.01796875
0 0.69921875 0.21953125 0.0046875 0.01796875
0 0.603125 0.22578125 0.00546875 0.015625
0 0.58828125 0.22734375 0.00859375 0.01875
0 0.69296875 0.2359375 0.00625 0.02578125
0 0.56640625 0.240625 0.00546875 0.01875
0 0.61953125 0.253125 0.00546875 0.01640625
0 0.58125 0.2640625 0.009375 0.0203125
0 0.615625 0.271875 0.00546875 0.01796875
0 0.6671875 0.0234375 0.00546875 0.01875
0 0.67578125 0.27734375 0.0078125 0.021875
0 0.5609375 0.284375 0.0046875 0.0203125
0 0.1609375 0.30546875 0.01171875 0.021875
0 0.571875 0.325 0.009375 0.01875
0 0.57890625 0.40625 0.00859375 0.021875
0 0.596875 0.43359375 0.009375 0.01796875
0 0.6703125 0.44453125 0.00625 0.01875
0 0.71171875 0.540625 0.00703125 0.02265625
0 0.75 0.59453125 0.00625 0.02265625
0 0.68359375 0.059375 0.00546875 0.0265625
0 0.69140625 0.7234375 0.00546875 0.015625
0 0.74765625 0.79609375 0.0109375 0.028125
0 0.7890625 0.86484375 0.0078125 0.02578125