0 0.15 0.65 0.03046875 0.08515625
0 0.39453125 0.4578125 0.03515625 0.08984375
0 0.26484375 0.671875 0.03203125 0.09921875
0 0.20859375 0.80546875 0.02734375 0.07578125
0 0.29453125 0.95390625 0.05 0.07734375
0 0.53125 0.93359375 0.03203125 0.10078125
0 0.340625 0.7359375 0.0296875 0.078125
0 0.38671875 0.7078125 0.03984375 0.10703125
0 0.38125 0.80078125 0.03828125 0.0734375
0 0.4140625 0.875 0.025 0.09140625
0 0.41953125 0.8171875 0.034375 0.05625
0 0.4890625 0.703125 0.03046875 0.0859375
0 0.5453125 0.715625 0.03046875 0.078125
0 0.55625 0.834375 0.03203125 0.08671875
0 0.5875 0.85 0.02890625 0.06484375
0 0.61953125 0.73828125 0.0375 0.07265625
0 0.56875 0.59296875 0.05078125 0.0859375
0 0.58671875 0.39140625 0.0515625 0.0796875
0 0.51015625 0.3265625 0.04921875 0.09609375
0 0.690625 0.15546875 0.03984375 0.08203125
0 0.78046875 0.02734375 0.028125 0.0546875
0 0.79453125 0.3234375 0.04375 0.1015625
0 0.71484375 0.26484375 0.0421875 0.11328125
0 0.62109375 0.50234375 0.034375 0.09375
0 0.63984375 0.54375 0.028125 0.0640625