0 0.890625 0.9796875 0.0296875 0.040625
0 0.92890625 0.92734375 0.034375 0.109375
0 0.86015625 0.8 0.0328125 0.09140625
0 0.8359375 0.7890625 0.025 0.09453125
0 0.8140625 0.79765625 0.0234375 0.071875
0 0.84609375 0.67578125 0.0328125 0.1046875
0 0.81875 0.64765625 0.0296875 0.09453125
0 0.8046875 0.628125 0.0265625 0.09453125
0 0.82109375 0.53515625 0.02890625 0.1
0 0.8625 0.51640625 0.03203125 0.10390625
0 0.97109375 0.496875 0.03203125 0.0859375
0 0.95703125 0.4375 0.034375 0.09140625
0 0.621875 0.5265625 0.028125 0.12265625
0 0.65859375 0.58359375 0.025 0.0890625
0 0.675 0.603125 0.0234375 0.071875
0 0.6859375 0.6703125 0.02421875 0.09296875
0 0.55859375 0.46875 0.03125 0.12421875
0 0.53203125 0.353125 0.04140625 0.0953125
0 0.384375 0.22109375 0.02421875 0.0984375
0 0.21953125 0.34921875 0.0328125 0.09375
0 0.26171875 0.43828125 0.021875 0.084375
0 0.2859375 0.45234375 0.0359375 0.10234375
0 0.15234375 0.40859375 0.0296875 0.09765625
0 0.1453125 0.378125 0.034375 0.10703125
0 0.1890625 0.32734375 0.0296875 0.0984375
0 0.23828125 0.2765625 0.03359375 0.0984375
0 0.22265625 0.24921875 0.0234375 0.09921875
0 0.1625 0.25234375 0.034375 0.0796875
0 0.16171875 0.31328125 0.0296875 0.090625
0 0.12109375 0.1890625 0.03203125 0.11015625
0 0.26484375 0.11640625 0.034375 0.10234375
0 0.2296875 0.096875 0.03984375 0.1078125
0 0.40234375 0.08828125 0.02578125 0.08828125
0 0.29375 0.03125 0.02265625 0.0625
0 0.0796875 0.47578125 0.040625 0.10234375
0 0.046875 0.4328125 0.028125 0.1046875
0 0.06015625 0.4640625 0.02421875 0.08125
0 0.07578125 0.36015625 0.04140625 0.09140625
0 0.053125 0.32890625 0.025 0.08984375
0 0.015625 0.5828125 0.03125 0.09296875