0 0.759375 0.3234375 0.0125 0.01640625
0 0.746875 0.32421875 0.0078125 0.01796875
0 0.5703125 0.3890625 0.0078125 0.01640625
0 0.6796875 0.41484375 0.01015625 0.0140625
0 0.41953125 0.4375 0.01015625 0.015625
0 0.4078125 0.43828125 0.0078125 0.0140625
0 0.3984375 0.44375 0.01171875 0.01328125
0 0.7359375 0.44609375 0.01171875 0.01640625
0 0.69765625 0.453125 0.01015625 0.01875
0 0.4390625 0.45390625 0.009375 0.01640625
0 0.4875 0.47109375 0.00859375 0.015625
0 0.5 0.47421875 0.00625 0.02109375
0 0.48828125 0.5265625 0.00703125 0.0171875
0 0.85703125 0.56796875 0.0125 0.0203125
0 0.4734375 0.5765625 0.00625 0.01796875