0 0.16953125 0.9359375 0.02421875 0.025
0 0.16171875 0.97578125 0.01875 0.0296875
0 0.3140625 0.1 0.01171875 0.02421875
0 0.98515625 0.11171875 0.021875 0.06328125
0 0.23203125 0.1359375 0.0125 0.025
0 0.5734375 0.02109375 0.01640625 0.04140625
0 0.315625 0.071875 0.0109375 0.01796875
0 0.34609375 0.71875 0.02421875 0.03671875
0 0.10390625 0.075 0.01171875 0.021875
0 0.13125 0.08125 0.01796875 0.034375
0 0.15546875 0.825 0.03359375 0.03359375
0 0.38359375 0.828125 0.0234375 0.0609375
0 0.22734375 0.8609375 0.02265625 0.0296875
0 0.1421875 0.86953125 0.02421875 0.0234375
0 0.1453125 0.90234375 0.01484375 0.01796875
0 0.23671875 0.90390625 0.02421875 0.02890625
0 0.140625 0.91640625 0.02109375 0.021875
0 0.35390625 0.91875 0.0203125 0.03671875