0 0.66328125 0.11796875 0.00859375 0.034375
0 0.65 0.1234375 0.0078125 0.02890625
0 0.63046875 0.13359375 0.00859375 0.02734375
0 0.4515625 0.140625 0.0078125 0.0328125
0 0.45078125 0.14609375 0.009375 0.021875
0 0.64296875 0.2 0.00703125 0.03515625
0 0.54921875 0.23515625 0.00546875 0.034375
0 0.54296875 0.23671875 0.00625 0.0296875
0 0.45390625 0.2515625 0.01171875 0.034375
0 0.39375 0.3953125 0.0125 0.03515625
0 0.403125 0.00859375 0.009375 0.0171875
0 0.4125 0.009375 0.00703125 0.01875
0 0.38515625 0.61171875 0.00859375 0.03515625
0 0.43125 0.690625 0.009375 0.03515625
0 0.39375 0.70390625 0.0109375 0.03671875
0 0.446875 0.7171875 0.01328125 0.03984375
0 0.453125 0.7453125 0.0109375 0.04609375
0 0.41484375 0.80546875 0.01328125 0.04375
0 0.47265625 0.8296875 0.0140625 0.040625
0 0.40703125 0.984375 0.0171875 0.02578125
0 0.45703125 0.9875 0.01640625 0.02421875
0 0.4015625 0.996875 0.015625 0.00625