0 0.99609375 0.6265625 0.0078125 0.05
0 0.89609375 0.41171875 0.01484375 0.046875
0 0.5125 0.42109375 0.009375 0.04453125
0 0.62890625 0.29453125 0.01015625 0.040625
0 0.70390625 0.31015625 0.009375 0.04765625
0 0.69375 0.3078125 0.0078125 0.0453125
0 0.7796875 0.234375 0.01171875 0.0390625
0 0.69765625 0.096875 0.01328125 0.03203125
0 0.521875 0.66484375 0.01171875 0.05546875
0 0.52578125 0.12734375 0.01015625 0.03828125
0 0.34609375 0.1140625 0.0109375 0.0390625
0 0.371875 0.2140625 0.01171875 0.040625
0 0.0796875 0.1140625 0.009375 0.03359375
0 0.084375 0.06875 0.009375 0.0375
0 0.2375 0.3984375 0.01328125 0.0453125
0 0.06328125 0.39765625 0.01328125 0.04609375
0 0.0015625 0.46015625 0.003125 0.0484375
0 0.3171875 0.69765625 0.01640625 0.05
0 0.36796875 0.4953125 0.0171875 0.04765625
0 0.05625 0.25390625 0.01640625 0.04453125