0 0.3296875 0.13125 0.00703125 0.021875
0 0.32265625 0.1328125 0.00546875 0.01875
0 0.32578125 0.2234375 0.0078125 0.025
0 0.37578125 0.4953125 0.01015625 0.02421875
0 0.38671875 0.4984375 0.0078125 0.025
0 0.26953125 0.49921875 0.0109375 0.03203125
0 0.33203125 0.51171875 0.0078125 0.0203125
0 0.3625 0.5125 0.01015625 0.02265625
0 0.30703125 0.515625 0.0078125 0.021875
0 0.3359375 0.54140625 0.00703125 0.021875
0 0.36015625 0.5421875 0.01015625 0.0203125
0 0.31015625 0.553125 0.00703125 0.02265625
0 0.2796875 0.63984375 0.00703125 0.0265625
0 0.30625 0.64375 0.00859375 0.01875
0 0.25390625 0.73359375 0.0140625 0.03046875
0 0.28203125 0.778125 0.009375 0.028125
0 0.340625 0.0859375 0.0046875 0.01640625
0 0.2375 0.8515625 0.01015625 0.02265625
0 0.22734375 0.8703125 0.01015625 0.02265625
0 0.29140625 0.87109375 0.00859375 0.02421875