0 0.109375 0.26875 0.0140625 0.021875
0 0.0140625 0.30625 0.01796875 0.01953125
0 0.34140625 0.1515625 0.01015625 0.025
0 0.33203125 0.1703125 0.0078125 0.02890625
0 0.35703125 0.13125 0.00859375 0.0515625
0 0.3625 0.1109375 0.00703125 0.0171875
0 0.728125 0.1421875 0.01015625 0.0296875
0 0.709375 0.128125 0.0109375 0.02734375
0 0.8828125 0.2265625 0.01640625 0.025
0 0.88046875 0.24140625 0.00703125 0.01484375
0 0.86484375 0.15234375 0.01484375 0.03046875
0 0.9734375 0.228125 0.015625 0.02578125
0 0.9796875 0.25234375 0.01484375 0.015625