0 0.484375 0.6015625 0.01015625 0.0203125
0 0.7875 0.40234375 0.01171875 0.01953125
0 0.7984375 0.40703125 0.01640625 0.0265625
0 0.65 0.3796875 0.009375 0.028125
0 0.64375 0.36953125 0.0109375 0.02890625
0 0.35234375 0.5765625 0.0109375 0.02109375
0 0.31796875 0.09296875 0.01328125 0.02421875
0 0.3046875 0.29375 0.015625 0.02421875
0 0.15390625 0.60078125 0.01640625 0.021875
0 0.1703125 0.5734375 0.01484375 0.01953125
0 0.1703125 0.55703125 0.01640625 0.01875
0 0.15703125 0.5609375 0.01484375 0.01484375
0 0.00859375 0.7734375 0.01484375 0.01640625
0 0.2546875 0.08359375 0.01015625 0.03203125