0 0.50625 0.140625 0.00859375 0.04140625
0 0.53203125 0.196875 0.01015625 0.04296875
0 0.4328125 0.2 0.0109375 0.046875
0 0.37421875 0.27421875 0.01015625 0.0390625
0 0.13046875 0.2890625 0.0125 0.03359375
0 0.45859375 0.31328125 0.0078125 0.03359375
0 0.34375 0.315625 0.015625 0.0375
0 0.14453125 0.3234375 0.01484375 0.03515625
0 0.50078125 0.32578125 0.0109375 0.0375
0 0.1140625 0.35859375 0.01640625 0.04296875
0 0.28203125 0.4609375 0.0125 0.040625
0 0.3015625 0.49296875 0.01328125 0.04140625
0 0.32265625 0.4984375 0.01640625 0.0375
0 0.23046875 0.50234375 0.0125 0.04296875
0 0.34609375 0.5171875 0.0140625 0.03203125
0 0.30234375 0.52734375 0.01015625 0.046875
0 0.290625 0.5453125 0.0125 0.04453125
0 0.275 0.578125 0.01328125 0.040625
0 0.22734375 0.69296875 0.01953125 0.04296875
0 0.58046875 0.81171875 0.01328125 0.05