0 0.8515625 0.16875 0.01328125 0.025
0 0.7046875 0.22265625 0.01171875 0.01640625
0 0.30390625 0.26484375 0.015625 0.0140625
0 0.82109375 0.2734375 0.0125 0.01640625
0 0.63671875 0.275 0.0109375 0.01796875
0 0.8171875 0.2921875 0.0140625 0.01796875
0 0.68671875 0.33046875 0.0140625 0.01640625
0 0.9765625 0.36171875 0.0171875 0.01796875
0 0.990625 0.378125 0.0171875 0.01796875
0 0.965625 0.38359375 0.0171875 0.01796875
0 0.9625 0.40234375 0.0140625 0.01796875
0 0.9625 0.47109375 0.0140625 0.01875
0 0.96640625 0.50546875 0.015625 0.02421875
0 0.959375 0.53125 0.01796875 0.01875
0 0.2703125 0.56484375 0.0171875 0.01484375
0 0.40078125 0.70703125 0.0140625 0.01796875
0 0.26796875 0.7234375 0.01328125 0.01796875
0 0.271875 0.73671875 0.01328125 0.01875
0 0.5015625 0.09765625 0.01015625 0.01796875
0 0.19453125 0.11328125 0.01171875 0.02265625