0 0.60390625 0.69765625 0.021875 0.0375
0 0.80859375 0.72265625 0.02578125 0.03203125
0 0.9515625 0.771875 0.046875 0.0375
0 0.76953125 0.81640625 0.02734375 0.03515625
0 0.734375 0.8296875 0.02421875 0.0359375
0 0.97890625 0.8328125 0.0421875 0.028125
0 0.9296875 0.8609375 0.040625 0.021875
0 0.7625 0.8921875 0.03828125 0.02421875
0 0.3140625 0.06953125 0.0203125 0.0453125
0 0.84765625 0.09765625 0.02109375 0.046875
0 0.246875 0.24296875 0.0234375 0.03828125
0 0.234375 0.2515625 0.01953125 0.03515625
0 0.21328125 0.2625 0.02421875 0.04296875
0 0.796875 0.27265625 0.025 0.04609375
0 0.0734375 0.2859375 0.01796875 0.04296875
0 0.8109375 0.31875 0.028125 0.04375
0 0.821875 0.3484375 0.0234375 0.03828125
0 0.46171875 0.365625 0.01640625 0.04375
0 0.109375 0.36640625 0.0328125 0.04765625
0 0.1359375 0.36796875 0.034375 0.03671875
0 0.8 0.37265625 0.0265625 0.03359375
0 0.13359375 0.38515625 0.04453125 0.04375
0 0.1359375 0.4234375 0.0265625 0.03359375
0 0.121875 0.4265625 0.01796875 0.01875
0 0.48984375 0.440625 0.02109375 0.0328125
0 0.88203125 0.44921875 0.0171875 0.0234375
0 0.14140625 0.45078125 0.028125 0.03359375
0 0.04921875 0.47890625 0.0375 0.0328125
0 0.05390625 0.52890625 0.0359375 0.03046875
0 0.0375 0.55390625 0.03046875 0.03671875
0 0.45 0.57421875 0.0203125 0.0359375
0 0.4953125 0.634375 0.015625 0.03203125
0 0.5546875 0.64453125 0.015625 0.03203125
0 0.93984375 0.65703125 0.0453125 0.034375
0 0.77265625 0.671875 0.0328125 0.02421875
0 0.97421875 0.67265625 0.0421875 0.02265625
0 0.5328125 0.6796875 0.015625 0.0234375