0 0.47109375 0.36328125 0.0171875 0.03515625
0 0.2828125 0.44296875 0.01484375 0.0203125
0 0.07109375 0.45 0.01953125 0.0484375
0 0.0390625 0.43671875 0.015625 0.021875
0 0.03671875 0.484375 0.01640625 0.01640625
0 0.57734375 0.021875 0.00859375 0.021875
0 0.5875 0.0109375 0.0078125 0.02109375
0 0.57890625 0.0515625 0.009375 0.0296875
0 0.6015625 0.05078125 0.0109375 0.02421875
0 0.18359375 0.51796875 0.01796875 0.021875
0 0.28125 0.46953125 0.01484375 0.03125
0 0.7390625 0.009375 0.01171875 0.01875
0 0.60078125 0.0328125 0.0109375 0.015625
0 0.6015625 0.02109375 0.01171875 0.015625