0 0.96484375 0.19765625 0.01015625 0.02890625
0 0.82421875 0.478125 0.009375 0.025
0 0.93984375 0.05234375 0.00859375 0.02265625
0 0.2671875 0.6171875 0.00859375 0.02421875
0 0.3078125 0.6296875 0.009375 0.02421875
0 0.259375 0.6828125 0.0078125 0.01796875
0 0.934375 0.071875 0.00859375 0.02421875
0 0.94453125 0.07265625 0.00625 0.021875
0 0.26953125 0.7484375 0.00859375 0.02265625
0 0.24296875 0.775 0.0109375 0.025
0 0.29375 0.79140625 0.0078125 0.02421875
0 0.93203125 0.11328125 0.00625 0.01875