0 0.7140625 0.10546875 0.01015625 0.021875
0 0.47734375 0.12109375 0.01015625 0.025
0 0.29296875 0.14296875 0.01015625 0.02265625
0 0.390625 0.14609375 0.00859375 0.02890625
0 0.41015625 0.15625 0.00546875 0.0265625
0 0.42890625 0.15703125 0.01015625 0.02265625
0 0.3640625 0.0171875 0.009375 0.01875
0 0.4546875 0.01953125 0.0078125 0.0234375
0 0.7734375 0.321875 0.01484375 0.03203125
0 0.7609375 0.325 0.0109375 0.0265625
0 0.66328125 0.34609375 0.01015625 0.02890625
0 0.42421875 0.428125 0.01015625 0.021875
0 0.4296875 0.5296875 0.0125 0.021875
0 0.98515625 0.584375 0.0140625 0.02734375
0 0.975 0.590625 0.02265625 0.02734375
0 0.353125 0.06171875 0.00703125 0.02265625
0 0.5546875 0.64296875 0.01328125 0.0265625
0 0.73203125 0.0796875 0.01171875 0.02734375
0 0.41640625 0.80859375 0.0125 0.02109375
0 0.4390625 0.090625 0.0078125 0.0296875