0 0.4234375 0.075 0.0109375 0.0203125
0 0.40234375 0.11796875 0.009375 0.0296875
0 0.3140625 0.175 0.00859375 0.02734375
0 0.43359375 0.1234375 0.009375 0.0265625
0 0.41640625 0.190625 0.009375 0.0234375
0 0.4 0.16953125 0.009375 0.02734375
0 0.38984375 0.1734375 0.01015625 0.02421875
0 0.384375 0.18203125 0.00859375 0.025
0 0.39765625 0.2078125 0.00703125 0.0265625
0 0.3875 0.2046875 0.009375 0.0265625
0 0.3609375 0.26171875 0.0078125 0.021875
0 0.3609375 0.24453125 0.0078125 0.028125
0 0.47734375 0.06875 0.009375 0.028125
0 0.54296875 0.08828125 0.0078125 0.025
0 0.5828125 0.00546875 0.009375 0.0109375
0 0.62890625 0.00546875 0.0109375 0.0109375
0 0.809375 0.0046875 0.01015625 0.009375
0 0.88671875 0.03515625 0.00859375 0.0265625
0 0.68125 0.05234375 0.00703125 0.0203125
0 0.671875 0.02265625 0.0078125 0.01796875
0 0.66328125 0.015625 0.0078125 0.025
0 0.67265625 0.0171875 0.00703125 0.02421875
0 0.5640625 0.02578125 0.00703125 0.0203125
0 0.5375 0.15859375 0.00625 0.02734375
0 0.596875 0.08828125 0.00859375 0.0203125
0 0.6140625 0.15703125 0.00703125 0.0265625
0 0.23671875 0.93828125 0.01796875 0.0203125
0 0.21875 0.93203125 0.0203125 0.0140625
0 0.1296875 0.88515625 0.01953125 0.0125
0 0.11640625 0.84140625 0.02109375 0.0140625
0 0.09375 0.83828125 0.021875 0.01484375
0 0.09765625 0.80234375 0.02109375 0.0171875
0 0.12265625 0.78125 0.02421875 0.0171875
0 0.128125 0.7171875 0.01875 0.0265625
0 0.12890625 0.68515625 0.01875 0.01484375
0 0.21953125 0.6203125 0.01484375 0.01796875
0 0.3640625 0.4625 0.01015625 0.0140625
0 0.54140625 0.4734375 0.00703125 0.02421875
0 0.48828125 0.4515625 0.009375 0.02109375
0 0.61953125 0.221875 0.00859375 0.02734375
0 0.60546875 0.2265625 0.0125 0.03046875
0 0.5890625 0.240625 0.009375 0.028125
0 0.58515625 0.3265625 0.01015625 0.0296875
0 0.5671875 0.56875 0.009375 0.02421875
0 0.5140625 0.65234375 0.00859375 0.02109375
0 0.5515625 0.6828125 0.0109375 0.015625
0 0.23125 0.784375 0.0140625 0.0203125
0 0.2296875 0.7625 0.0171875 0.021875