0 0.21953125 0.11484375 0.00859375 0.02265625
0 0.18203125 0.14453125 0.00859375 0.028125
0 0.1765625 0.14765625 0.0078125 0.02265625
0 0.17890625 0.2328125 0.01171875 0.0171875
0 0.16171875 0.3203125 0.00859375 0.025
0 0.1484375 0.32265625 0.0109375 0.03125
0 0.16796875 0.43671875 0.00703125 0.028125
0 0.07734375 0.57265625 0.009375 0.01953125
0 0.075 0.58125 0.0078125 0.02265625
0 0.06796875 0.58671875 0.00859375 0.02265625
0 0.1671875 0.61875 0.00625 0.02421875
0 0.171875 0.6203125 0.009375 0.02109375
0 0.61953125 0.6453125 0.015625 0.0296875
0 0.6140625 0.6828125 0.01171875 0.03359375
0 0.1390625 0.69765625 0.0125 0.02421875
0 0.13203125 0.7046875 0.0078125 0.0265625
0 0.6484375 0.70703125 0.00859375 0.0296875
0 0.6546875 0.71171875 0.00703125 0.03203125
0 0.02734375 0.7953125 0.01328125 0.0265625
0 0.0234375 0.80546875 0.01015625 0.02109375
0 0.0171875 0.84140625 0.0109375 0.02265625
0 0.01328125 0.8625 0.0125 0.028125
0 0.04609375 0.89765625 0.015625 0.03671875
0 0.92265625 0.94140625 0.0171875 0.03515625
0 0.2125 0.059375 0.00703125 0.01796875
0 0.20234375 0.06484375 0.00859375 0.02265625
0 0.2 0.08046875 0.00703125 0.01796875
0 0.20859375 0.08046875 0.00625 0.01796875
0 0.6390625 0.08671875 0.00625 0.01953125