0 0.2953125 0.0921875 0.00625 0.02265625
0 0.3765625 0.0234375 0.00703125 0.021875
0 0.40078125 0.02109375 0.009375 0.02578125
0 0.36640625 0.0578125 0.009375 0.021875
0 0.35078125 0.0921875 0.00625 0.01875
0 0.35546875 0.109375 0.0078125 0.01640625
0 0.32578125 0.146875 0.01015625 0.02578125
0 0.32265625 0.15390625 0.00703125 0.02109375
0 0.36328125 0.1640625 0.01015625 0.025
0 0.365625 0.184375 0.009375 0.0203125
0 0.35390625 0.1828125 0.01171875 0.01875
0 0.35390625 0.19296875 0.0125 0.0171875
0 0.31015625 0.19609375 0.0125 0.025
0 0.28515625 0.18515625 0.00703125 0.01796875
0 0.421875 0.1640625 0.00625 0.0203125
0 0.38359375 0.2234375 0.0109375 0.0140625
0 0.375 0.22734375 0.00625 0.01875
0 0.37109375 0.24453125 0.009375 0.0171875
0 0.371875 0.27265625 0.0125 0.015625
0 0.33359375 0.31015625 0.0078125 0.01640625
0 0.49296875 0.27109375 0.01015625 0.0203125
0 0.95390625 0.45703125 0.0140625 0.01875
0 0.92265625 0.49453125 0.0125 0.009375
0 0.89609375 0.45703125 0.0140625 0.025
0 0.88046875 0.46328125 0.0140625 0.01640625
0 0.8375 0.42109375 0.0125 0.01328125
0 0.80078125 0.44609375 0.01015625 0.01875
0 0.81171875 0.40234375 0.0140625 0.01796875
0 0.81640625 0.384375 0.0125 0.01796875
0 0.68046875 0.30234375 0.00703125 0.0203125
0 0.72734375 0.34609375 0.01015625 0.01875
0 0.71953125 0.39296875 0.0125 0.021875
0 0.71484375 0.40703125 0.009375 0.01328125
0 0.7296875 0.42578125 0.01015625 0.02109375
0 0.72421875 0.41015625 0.01328125 0.02734375
0 0.73359375 0.40625 0.01171875 0.021875
0 0.73671875 0.39453125 0.01171875 0.01328125
0 0.73671875 0.38125 0.0078125 0.015625
0 0.7015625 0.36953125 0.01015625 0.025
0 0.690625 0.34609375 0.0109375 0.01640625
0 0.7 0.35078125 0.00703125 0.0203125
0 0.64140625 0.37109375 0.0078125 0.01796875
0 0.66640625 0.4109375 0.0109375 0.0125
0 0.603125 0.39765625 0.009375 0.01796875
0 0.58515625 0.346875 0.00546875 0.025
0 0.55390625 0.3328125 0.00703125 0.021875
0 0.56171875 0.31640625 0.01171875 0.01640625
0 0.5359375 0.2828125 0.00625 0.02265625
0 0.50546875 0.29765625 0.009375 0.0203125
0 0.5125 0.33828125 0.00703125 0.01796875
0 0.4625 0.38203125 0.00859375 0.01796875
0 0.4375 0.37734375 0.01015625 0.021875
0 0.34453125 0.37734375 0.009375 0.02109375
0 0.36875 0.38046875 0.01171875 0.0203125
0 0.16796875 0.6671875 0.015625 0.01796875
0 0.28984375 0.49453125 0.01640625 0.01796875
0 0.4640625 0.8625 0.0125 0.0234375
0 0.271875 0.65546875 0.0109375 0.0140625
0 0.52890625 0.66796875 0.009375 0.0203125
0 0.5140625 0.59140625 0.0078125 0.0171875
0 0.503125 0.57578125 0.0109375 0.0140625
0 0.53359375 0.48828125 0.00625 0.02109375
0 0.49140625 0.44453125 0.009375 0.01640625
0 0.44765625 0.46796875 0.00859375 0.0171875
0 0.509375 0.44453125 0.01171875 0.015625
0 0.36640625 0.9625 0.01484375 0.0125
0 0.31484375 0.45546875 0.009375 0.01640625
0 0.33828125 0.4390625 0.0109375 0.0171875
0 0.296875 0.5625 0.0125 0.02265625
0 0.2859375 0.5640625 0.01328125 0.0171875
0 0.27578125 0.5703125 0.015625 0.01640625
0 0.26875 0.5640625 0.01328125 0.01796875
0 0.2765625 0.596875 0.01328125 0.01640625
0 0.26875 0.61484375 0.0125 0.0203125
0 0.26484375 0.58359375 0.01328125 0.015625
0 0.2484375 0.58359375 0.0125 0.015625