0 0.540625 0.1234375 0.009375 0.01875
0 0.51015625 0.2203125 0.01328125 0.025
0 0.73984375 0.24453125 0.01171875 0.02265625
0 0.7578125 0.25078125 0.01328125 0.025
0 0.734375 0.26015625 0.00859375 0.0203125
0 0.75390625 0.26640625 0.01171875 0.0140625
0 0.7875 0.2734375 0.01171875 0.0140625
0 0.775 0.2796875 0.0125 0.01875
0 0.79375 0.28203125 0.01015625 0.0140625
0 0.7875 0.290625 0.0125 0.0171875
0 0.84609375 0.315625 0.0203125 0.02265625
0 0.93984375 0.359375 0.0171875 0.02109375
0 0.91875 0.36171875 0.0125 0.01328125
0 0.90703125 0.37265625 0.0125 0.0171875
0 0.9265625 0.3734375 0.0109375 0.015625
0 0.921875 0.38125 0.01171875 0.015625
0 0.94453125 0.38125 0.015625 0.0171875
0 0.9140625 0.3859375 0.01328125 0.0171875
0 0.93828125 0.39296875 0.01953125 0.0140625
0 0.1265625 0.39296875 0.0125 0.02265625
0 0.9375 0.4015625 0.02109375 0.02109375
0 0.9578125 0.403125 0.01171875 0.015625
0 0.94609375 0.409375 0.0140625 0.0171875
0 0.17109375 0.41015625 0.0171875 0.02265625
0 0.959375 0.4171875 0.01875 0.01875
0 0.9859375 0.43984375 0.0140625 0.015625
0 0.7125 0.48359375 0.0125 0.02109375
0 0.72265625 0.48671875 0.01328125 0.02265625
0 0.9875 0.496875 0.0234375 0.021875
0 0.76171875 0.54921875 0.0140625 0.0171875
0 0.7453125 0.55 0.0125 0.01640625
0 0.76875 0.5609375 0.015625 0.015625
0 0.75 0.5625 0.015625 0.0171875
0 0.75625 0.5703125 0.0140625 0.015625
0 0.89609375 0.68125 0.0234375 0.01875
0 0.50859375 0.86875 0.0125 0.01796875