0 0.50390625 0.01328125 0.0078125 0.0265625
0 0.50703125 0.16484375 0.00625 0.03828125
0 0.471875 0.165625 0.00859375 0.03515625
0 0.5125 0.16796875 0.00859375 0.03515625
0 0.3421875 0.19765625 0.0078125 0.03203125
0 0.45234375 0.23828125 0.0078125 0.03359375
0 0.4265625 0.25546875 0.009375 0.03828125
0 0.53984375 0.25546875 0.009375 0.021875
0 0.4640625 0.259375 0.00703125 0.03515625
0 0.4359375 0.2703125 0.00859375 0.03984375
0 0.53671875 0.29375 0.0109375 0.0234375
0 0.41015625 0.03203125 0.00546875 0.02578125
0 0.41953125 0.03515625 0.00625 0.028125
0 0.5109375 0.03515625 0.00546875 0.021875
0 0.23359375 0.42109375 0.0140625 0.04140625
0 0.22265625 0.43203125 0.01328125 0.03828125
0 0.33203125 0.0453125 0.00859375 0.03125
0 0.40625 0.05 0.00625 0.02734375
0 0.39453125 0.05390625 0.00546875 0.02578125
0 0.4265625 0.05703125 0.0078125 0.03359375
0 0.53203125 0.64140625 0.0109375 0.0421875
0 0.1328125 0.703125 0.02109375 0.03203125
0 0.403125 0.0734375 0.00546875 0.028125
0 0.48984375 0.07578125 0.00546875 0.028125
0 0.1609375 0.85703125 0.0171875 0.04140625
0 0.121875 0.8671875 0.01875 0.04375
0 0.4796875 0.93359375 0.01640625 0.03203125
0 0.471875 0.9609375 0.01640625 0.0375
0 0.07265625 0.97265625 0.02734375 0.04140625
0 0.48828125 0.0953125 0.009375 0.02578125
0 0.07109375 0.98671875 0.0234375 0.0265625
0 0.4859375 0.1 0.00859375 0.02421875
0 0.38203125 0.103125 0.00703125 0.028125
0 0.38828125 0.1046875 0.0078125 0.02578125
0 0.534375 0.11953125 0.01015625 0.028125
0 0.296875 0.1234375 0.00859375 0.03515625