0 0.4859375 0.15703125 0.01015625 0.04375
0 0.43203125 0.17578125 0.0109375 0.040625
0 0.1796875 0.22421875 0.0109375 0.03359375
0 0.16953125 0.23046875 0.0140625 0.040625
0 0.47734375 0.27109375 0.009375 0.04375
0 0.0953125 0.34921875 0.01640625 0.03828125
0 0.09375 0.36328125 0.0203125 0.02734375
0 0.265625 0.48359375 0.01640625 0.03828125
0 0.259375 0.4921875 0.0125 0.04375
0 0.39296875 0.528125 0.015625 0.03359375
0 0.39140625 0.54453125 0.01484375 0.0328125
0 0.22109375 0.02890625 0.0125 0.0421875
0 0.2125 0.03046875 0.009375 0.0390625
0 0.22421875 0.7171875 0.0171875 0.04453125
0 0.0984375 0.746875 0.01796875 0.040625
0 0.109375 0.75546875 0.01640625 0.03671875
0 0.375 0.77265625 0.0171875 0.03828125
0 0.0984375 0.7734375 0.01328125 0.03828125
0 0.11484375 0.78359375 0.01640625 0.03671875
0 0.23046875 0.784375 0.0171875 0.04609375
0 0.10546875 0.79296875 0.01875 0.04375
0 0.21484375 0.80390625 0.01171875 0.03359375
0 0.46328125 0.8671875 0.0140625 0.04375
0 0.2296875 0.96875 0.02578125 0.02734375
0 0.22421875 0.99375 0.015625 0.0125