0 0.2640625 0.18828125 0.00703125 0.01875
0 0.26015625 0.190625 0.00625 0.0203125
0 0.6265625 0.203125 0.00390625 0.02265625
0 0.3 0.25078125 0.00625 0.0140625
0 0.25625 0.2921875 0.0078125 0.0265625
0 0.21171875 0.3671875 0.00703125 0.0265625
0 0.28359375 0.37265625 0.009375 0.0265625
0 0.20234375 0.3734375 0.009375 0.0265625
0 0.2953125 0.425 0.0078125 0.0203125
0 0.2734375 0.465625 0.01015625 0.028125
0 0.25546875 0.53671875 0.00703125 0.01796875
0 0.2625 0.54765625 0.00859375 0.01875
0 0.25234375 0.559375 0.009375 0.02265625
0 0.18359375 0.57578125 0.0078125 0.028125
0 0.2015625 0.5921875 0.0078125 0.021875
0 0.23125 0.609375 0.01015625 0.03046875
0 0.80390625 0.65234375 0.01015625 0.02265625
0 0.8921875 0.69140625 0.01015625 0.0328125
0 0.140625 0.91015625 0.00859375 0.01640625
0 0.13828125 0.925 0.0109375 0.0203125
0 0.67734375 0.934375 0.00625 0.028125
0 0.6703125 0.9390625 0.00703125 0.02265625
0 0.07890625 0.97578125 0.01171875 0.025
0 0.571875 0.103125 0.00625 0.021875