0 0.89375 0.459375 0.02421875 0.03046875
0 0.5671875 0.3171875 0.0109375 0.02890625
0 0.5578125 0.33359375 0.01171875 0.0265625
0 0.37890625 0.79296875 0.01328125 0.02421875
0 0.36796875 0.8109375 0.01640625 0.0296875
0 0.36171875 0.04140625 0.01171875 0.03515625
0 0.3984375 0.01875 0.01484375 0.03671875
0 0.39140625 0.06328125 0.01171875 0.03359375
0 0.3984375 0.04765625 0.00859375 0.034375
0 0.41015625 0.0421875 0.01171875 0.03828125
0 0.421875 0.04765625 0.00859375 0.03828125
0 0.4234375 0.03125 0.00703125 0.0203125
0 0.425 0.0234375 0.00703125 0.015625