0 0.13515625 0.36171875 0.01953125 0.03046875
0 0.22421875 0.3625 0.0140625 0.0265625
0 0.2 0.365625 0.01484375 0.0296875
0 0.1078125 0.36875 0.02109375 0.02578125
0 0.27109375 0.38359375 0.0203125 0.0265625
0 0.20546875 0.390625 0.0171875 0.021875
0 0.31015625 0.40390625 0.01640625 0.02265625
0 0.23359375 0.40390625 0.01484375 0.02734375
0 0.221875 0.41796875 0.01796875 0.0234375
0 0.27890625 0.44296875 0.015625 0.0265625
0 0.153125 0.4625 0.02265625 0.0265625
0 0.55390625 0.48203125 0.01328125 0.02265625
0 0.19375 0.4890625 0.01640625 0.0296875
0 0.6046875 0.50078125 0.01328125 0.02890625
0 0.4625 0.57109375 0.01328125 0.0203125
0 0.45703125 0.5828125 0.00859375 0.01875
0 0.25 0.603125 0.01640625 0.015625
0 0.25390625 0.6140625 0.01953125 0.0171875
0 0.39375 0.625 0.01171875 0.0234375
0 0.2203125 0.64609375 0.0234375 0.0203125
0 0.240625 0.66484375 0.02578125 0.02109375
0 0.41484375 0.66875 0.01640625 0.0296875
0 0.2015625 0.68046875 0.01640625 0.01796875
0 0.5875 0.703125 0.0140625 0.02890625
0 0.33984375 0.71796875 0.01484375 0.02890625
0 0.37109375 0.73125 0.009375 0.0140625
0 0.3765625 0.7421875 0.0125 0.021875
0 0.3984375 0.8140625 0.0140625 0.0234375
0 0.3921875 0.82734375 0.015625 0.0234375
0 0.44609375 0.890625 0.015625 0.02265625
0 0.825 0.9171875 0.02109375 0.01875