0 0.34375 0.95625 0.0109375 0.0203125
0 0.15546875 0.1234375 0.0109375 0.028125
0 0.13984375 0.1484375 0.0125 0.028125
0 0.03125 0.02109375 0.00625 0.01953125
0 0.0390625 0.20703125 0.0125 0.0203125
0 0.046875 0.2171875 0.0125 0.0265625
0 0.9203125 0.28125 0.01328125 0.0265625
0 0.02109375 0.309375 0.015625 0.028125
0 0.984375 0.490625 0.01875 0.0203125
0 0.03828125 0.58203125 0.0125 0.0296875
0 0.4703125 0.753125 0.0078125 0.01953125
0 0.46171875 0.7921875 0.0109375 0.01796875
0 0.209375 0.92109375 0.01171875 0.01953125