0 0.496875 0.1765625 0.009375 0.040625
0 0.44609375 0.19453125 0.01015625 0.03828125
0 0.21015625 0.2390625 0.01015625 0.03203125
0 0.2 0.2453125 0.0125 0.03828125
0 0.48828125 0.2828125 0.00859375 0.040625
0 0.13046875 0.35625 0.015625 0.03515625
0 0.12890625 0.36953125 0.01953125 0.025
0 0.290625 0.48203125 0.015625 0.03515625
0 0.284375 0.48984375 0.01171875 0.040625
0 0.41015625 0.5234375 0.0140625 0.03203125
0 0.40859375 0.5390625 0.01328125 0.03046875
0 0.2484375 0.05625 0.01171875 0.0390625
0 0.240625 0.0578125 0.00859375 0.03671875
0 0.2515625 0.70078125 0.01640625 0.0421875
0 0.13359375 0.728125 0.0171875 0.03828125
0 0.14453125 0.73671875 0.015625 0.034375
0 0.3921875 0.75234375 0.01640625 0.03515625
0 0.13359375 0.75390625 0.0125 0.03515625
0 0.14921875 0.76328125 0.015625 0.034375
0 0.2578125 0.7640625 0.01640625 0.04296875
0 0.140625 0.771875 0.01796875 0.040625
0 0.2421875 0.78203125 0.0109375 0.03203125
0 0.47578125 0.84140625 0.0125 0.040625
0 0.25625 0.93671875 0.02421875 0.025
0 0.2515625 0.96796875 0.01484375 0.0265625