0 0.28046875 0.946875 0.01796875 0.0578125
0 0.3546875 0.60234375 0.01171875 0.03515625
0 0.35703125 0.53984375 0.01484375 0.06953125
0 0.42890625 0.509375 0.01328125 0.04375
0 0.5515625 0.58515625 0.03203125 0.046875
0 0.55703125 0.596875 0.0109375 0.0203125
0 0.4734375 0.7234375 0.01953125 0.059375
0 0.515625 0.78671875 0.0125 0.0296875
0 0.56328125 0.7625 0.02109375 0.040625
0 0.59453125 0.8140625 0.03046875 0.05546875
0 0.60546875 0.85078125 0.034375 0.0453125
0 0.89375 0.775 0.02109375 0.04140625
0 0.85234375 0.66171875 0.02265625 0.0296875
0 0.8484375 0.70078125 0.02421875 0.04375
0 0.78828125 0.47421875 0.01640625 0.053125
0 0.82578125 0.4890625 0.01640625 0.05390625
0 0.846875 0.2484375 0.01484375 0.034375
0 0.7796875 0.234375 0.02578125 0.0625
0 0.66875 0.08125 0.01015625 0.0421875
0 0.58125 0.165625 0.01171875 0.0546875
0 0.55078125 0.13984375 0.0125 0.05234375
0 0.621875 0.30078125 0.01640625 0.04453125
0 0.51640625 0.37265625 0.021875 0.06015625
0 0.52734375 0.29453125 0.0171875 0.028125
0 0.8078125 0.4734375 0.02109375 0.05