0 0.16328125 0.2828125 0.0140625 0.02109375
0 0.17265625 0.2703125 0.0125 0.0171875
0 0.26328125 0.13515625 0.01015625 0.02109375
0 0.28515625 0.1171875 0.009375 0.02265625
0 0.2765625 0.053125 0.00859375 0.0234375
0 0.33515625 0.1421875 0.0109375 0.02890625
0 0.34140625 0.4265625 0.0078125 0.0171875
0 0.2421875 0.52109375 0.0125 0.0203125
0 0.22109375 0.603125 0.015625 0.02109375
0 0.21875 0.61796875 0.01875 0.0078125
0 0.2640625 0.93671875 0.0140625 0.021875
0 0.5921875 0.0984375 0.009375 0.01640625