0 0.2875 0.0546875 0.0125 0.04296875
0 0.2109375 0.059375 0.015625 0.0453125
0 0.27265625 0.0640625 0.01640625 0.05
0 0.3015625 0.06640625 0.01328125 0.040625
0 0.209375 0.07890625 0.01953125 0.0453125
0 0.29921875 0.0828125 0.01484375 0.0421875
0 0.284375 0.0859375 0.015625 0.046875
0 0.296875 0.10390625 0.01796875 0.04921875
0 0.31171875 0.11171875 0.0125 0.04609375
0 0.275 0.21953125 0.01796875 0.05546875
0 0.2765625 0.24921875 0.0171875 0.05234375
0 0.3703125 0.36796875 0.01796875 0.05625
0 0.334375 0.0125 0.01328125 0.025
0 0.28671875 0.62734375 0.03359375 0.05234375
0 0.3140625 0.01328125 0.015625 0.0265625
0 0.3046875 0.015625 0.0109375 0.03125
0 0.3296875 0.02109375 0.0125 0.0421875