0 0.41796875 0.0921875 0.00703125 0.01953125
0 0.2984375 0.19140625 0.00703125 0.015625
0 0.30546875 0.20234375 0.00703125 0.0125
0 0.1171875 0.225 0.0078125 0.01015625
0 0.11953125 0.234375 0.00859375 0.0140625
0 0.41484375 0.40078125 0.00625 0.015625
0 0.409375 0.40390625 0.00625 0.0140625
0 0.56640625 0.0140625 0.00546875 0.01953125
0 0.55703125 0.01875 0.00390625 0.015625
0 0.5609375 0.02265625 0.00390625 0.0140625
0 0.77890625 0.03046875 0.00703125 0.01875
0 0.55234375 0.06484375 0.00546875 0.0140625
0 0.5546875 0.06953125 0.0046875 0.0140625