0 0.94296875 0.39921875 0.02734375 0.0453125
0 0.96484375 0.384375 0.02421875 0.03359375
0 0.95859375 0.40390625 0.02421875 0.04296875
0 0.73984375 0.08203125 0.015625 0.04140625
0 0.715625 0.25234375 0.015625 0.03984375
0 0.48984375 0.10859375 0.0140625 0.04296875
0 0.47890625 0.42109375 0.00703125 0.02109375
0 0.48828125 0.36171875 0.009375 0.03125
0 0.4796875 0.36875 0.01171875 0.01796875
0 0.475 0.38984375 0.01015625 0.02421875
0 0.48828125 0.45546875 0.01171875 0.0265625
0 0.5015625 0.40078125 0.009375 0.02578125