0 0.47265625 0.17890625 0.01015625 0.03046875
0 0.48359375 0.08828125 0.0109375 0.028125
0 0.490625 0.1609375 0.01015625 0.0328125
0 0.759375 0.04375 0.0140625 0.0265625
0 0.79375 0.053125 0.01484375 0.02421875
0 0.8078125 0.04375 0.0140625 0.0328125
0 0.815625 0.075 0.01328125 0.0296875
0 0.690625 0.1171875 0.01171875 0.028125
0 0.78984375 0.12109375 0.01171875 0.03359375
0 0.82421875 0.1578125 0.01484375 0.02421875
0 0.89375 0.16640625 0.02109375 0.02578125
0 0.8703125 0.2828125 0.015625 0.02265625
0 0.74765625 0.1515625 0.01171875 0.03125
0 0.709375 0.1765625 0.01328125 0.02265625
0 0.91328125 0.59375 0.01015625 0.02109375
0 0.81015625 0.9875 0.02734375 0.0234375
0 0.75 0.8765625 0.015625 0.0171875
0 0.75390625 0.8265625 0.01875 0.01328125
0 0.7796875 0.8484375 0.0171875 0.02109375
0 0.79921875 0.8640625 0.01796875 0.02421875
0 0.81328125 0.85078125 0.021875 0.01640625
0 0.79453125 0.89140625 0.0234375 0.02265625
0 0.80703125 0.88203125 0.01796875 0.01640625
0 0.80625 0.89609375 0.0125 0.0171875
0 0.7171875 0.73203125 0.0171875 0.02265625
0 0.62734375 0.80859375 0.0109375 0.01640625
0 0.48125 0.965625 0.0140625 0.0296875
0 0.4921875 0.95 0.0125 0.02734375
0 0.52734375 0.9265625 0.0109375 0.015625
0 0.47421875 0.31015625 0.00859375 0.0234375
0 0.48125 0.36796875 0.01015625 0.02265625
0 0.4640625 0.39296875 0.0125 0.02265625
0 0.46484375 0.45078125 0.01015625 0.0171875
0 0.4734375 0.48515625 0.01171875 0.01953125
0 0.51640625 0.56796875 0.01015625 0.015625
0 0.68359375 0.35390625 0.0140625 0.01796875