0 0.146875 0.178125 0.01328125 0.02890625
0 0.1390625 0.18828125 0.015625 0.03203125
0 0.1265625 0.1890625 0.01171875 0.03046875
0 0.125 0.19921875 0.0109375 0.028125
0 0.44609375 0.26015625 0.009375 0.02265625
0 0.3546875 0.2734375 0.00625 0.0265625
0 0.36875 0.2921875 0.009375 0.02421875
0 0.4296875 0.37265625 0.01015625 0.0265625
0 0.515625 0.47421875 0.00859375 0.0265625
0 0.2015625 0.540625 0.01328125 0.025
0 0.31953125 0.553125 0.009375 0.01796875
0 0.58125 0.628125 0.009375 0.02265625
0 0.39765625 0.796875 0.0078125 0.02265625
0 0.9390625 0.9078125 0.0203125 0.02890625
0 0.8796875 0.95546875 0.01640625 0.025