0 0.275 0.9140625 0.0171875 0.05546875
0 0.34609375 0.58359375 0.0109375 0.03359375
0 0.3484375 0.5234375 0.0140625 0.06640625
0 0.4171875 0.49453125 0.0125 0.04140625
0 0.534375 0.5671875 0.03046875 0.0453125
0 0.540625 0.578125 0.0109375 0.01953125
0 0.459375 0.69921875 0.01875 0.05703125
0 0.50078125 0.76015625 0.0125 0.028125
0 0.54609375 0.73671875 0.0203125 0.0390625
0 0.57578125 0.78671875 0.0296875 0.053125
0 0.5859375 0.821875 0.0328125 0.04375
0 0.8625 0.74921875 0.0203125 0.03984375
0 0.8234375 0.640625 0.021875 0.028125
0 0.81953125 0.678125 0.0234375 0.04140625
0 0.76171875 0.4609375 0.015625 0.05078125
0 0.79765625 0.475 0.015625 0.0515625
0 0.81875 0.24375 0.0140625 0.0328125
0 0.753125 0.23046875 0.025 0.059375
0 0.64765625 0.084375 0.009375 0.040625
0 0.56328125 0.16484375 0.0109375 0.05234375
0 0.534375 0.140625 0.0125 0.05
0 0.603125 0.29453125 0.015625 0.0421875
0 0.5015625 0.36328125 0.02109375 0.0578125
0 0.5125 0.28828125 0.01640625 0.02734375
0 0.78046875 0.46015625 0.0203125 0.04765625