0 0.24765625 0.134375 0.0078125 0.0203125
0 0.32890625 0.1375 0.01015625 0.0265625
0 0.32890625 0.15625 0.0171875 0.025
0 0.328125 0.1671875 0.0125 0.028125
0 0.00546875 0.17578125 0.0109375 0.0265625
0 0.31953125 0.1796875 0.0078125 0.03203125
0 0.44609375 0.22890625 0.00703125 0.02421875
0 0.14453125 0.240625 0.01171875 0.0265625
0 0.49921875 0.2796875 0.0109375 0.01875
0 0.140625 0.2890625 0.01328125 0.03046875
0 0.49609375 0.2953125 0.01171875 0.021875
0 0.59453125 0.4140625 0.01015625 0.02265625
0 0.58515625 0.421875 0.00859375 0.02421875
0 0.6484375 0.428125 0.009375 0.02421875
0 0.6390625 0.4375 0.0078125 0.02421875
0 0.85859375 0.63984375 0.0109375 0.01875
0 0.8484375 0.64453125 0.01171875 0.01796875
0 0.2859375 0.70234375 0.01171875 0.02421875
0 0.2734375 0.70546875 0.01328125 0.02265625
0 0.88984375 0.825 0.01484375 0.0203125
0 0.89296875 0.840625 0.01640625 0.021875
0 0.46640625 0.86640625 0.0078125 0.0265625
0 0.1078125 0.91640625 0.01953125 0.01796875
0 0.11015625 0.93203125 0.01328125 0.01640625
0 0.10390625 0.11015625 0.0125 0.0265625
0 0.0484375 0.11484375 0.01640625 0.02890625