0 0.47578125 0.2203125 0.0078125 0.02578125
0 0.5171875 0.25625 0.00625 0.028125
0 0.53359375 0.29609375 0.00703125 0.02265625
0 0.40390625 0.00546875 0.00703125 0.0109375
0 0.3125 0.3578125 0.0125 0.02421875
0 0.17578125 0.3640625 0.01171875 0.025
0 0.20859375 0.48046875 0.01171875 0.02265625
0 0.47109375 0.4890625 0.009375 0.01953125
0 0.68359375 0.50234375 0.009375 0.02109375
0 0.55546875 0.53359375 0.0109375 0.01953125
0 0.71015625 0.5515625 0.0125 0.025
0 0.7328125 0.86796875 0.0125 0.01484375