0 0.43984375 0.12890625 0.00859375 0.021875
0 0.47421875 0.17421875 0.0125 0.01875
0 0.54609375 0.17578125 0.01171875 0.0140625
0 0.4375 0.18046875 0.00859375 0.0203125
0 0.5640625 0.19765625 0.009375 0.021875
0 0.45 0.2328125 0.00859375 0.01875
0 0.40625 0.2453125 0.01015625 0.01875
0 0.46328125 0.25 0.009375 0.0203125
0 0.43671875 0.278125 0.0078125 0.0203125
0 0.39609375 0.27890625 0.01171875 0.0203125
0 0.36796875 0.2875 0.0125 0.0140625
0 0.0390625 0.03046875 0.01484375 0.02265625
0 0.39921875 0.2984375 0.009375 0.01484375
0 0.42890625 0.3046875 0.00625 0.01484375
0 0.434375 0.32265625 0.0078125 0.01640625
0 0.50078125 0.3796875 0.00859375 0.02421875
0 0.49140625 0.38046875 0.0078125 0.0203125
0 0.03359375 0.05703125 0.0140625 0.02265625
0 0.71953125 0.6296875 0.0125 0.02890625
0 0.62578125 0.00625 0.0125 0.0125
0 0.06640625 0.07578125 0.01484375 0.02421875
0 0.06640625 0.1015625 0.02109375 0.0328125