0 0.5265625 0.27421875 0.0078125 0.0296875
0 0.5328125 0.2796875 0.0078125 0.03046875
0 0.51953125 0.2828125 0.0078125 0.0296875
0 0.4265625 0.2953125 0.009375 0.03515625
0 0.38984375 0.31875 0.01015625 0.03359375
0 0.53515625 0.43828125 0.01015625 0.02265625
0 0.44921875 0.440625 0.01171875 0.02109375
0 0.62578125 0.51328125 0.01015625 0.040625
0 0.40546875 0.03359375 0.00625 0.03046875
0 0.64609375 0.60234375 0.009375 0.03359375
0 0.52421875 0.60546875 0.028125 0.015625
0 0.4703125 0.6171875 0.009375 0.03359375
0 0.44375 0.62734375 0.0140625 0.0421875
0 0.603125 0.63203125 0.00859375 0.0296875
0 0.6125 0.634375 0.01328125 0.025
0 0.45234375 0.63515625 0.009375 0.03203125
0 0.3984375 0.0421875 0.00703125 0.028125
0 0.434375 0.0421875 0.0078125 0.03046875
0 0.42890625 0.7859375 0.009375 0.04765625
0 0.41328125 0.7875 0.01015625 0.0359375
0 0.421875 0.79296875 0.00859375 0.0296875
0 0.4078125 0.09375 0.01015625 0.02265625