0 0.65078125 0.01015625 0.0078125 0.0203125
0 0.83203125 0.12109375 0.0171875 0.0375
0 0.73671875 0.12421875 0.01171875 0.03359375
0 0.73828125 0.13203125 0.0125 0.03046875
0 0.796875 0.01484375 0.015625 0.0296875
0 0.97890625 0.1734375 0.02109375 0.03828125
0 0.8 0.02109375 0.0109375 0.02265625
0 0.68671875 0.040625 0.0125 0.02734375
0 0.8046875 0.0421875 0.01171875 0.02578125
0 0.7375 0.04921875 0.01171875 0.02109375
0 0.81171875 0.05078125 0.0078125 0.021875
0 0.7453125 0.0578125 0.00703125 0.0203125
0 0.3296875 0.8015625 0.0203125 0.021875
0 0.34765625 0.80703125 0.01328125 0.02265625
0 0.3609375 0.80703125 0.01640625 0.01875
0 0.30625 0.81875 0.01953125 0.03125
0 0.36484375 0.86796875 0.01875 0.01796875
0 0.48203125 0.89609375 0.01328125 0.02265625
0 0.6515625 0.090625 0.009375 0.03203125
0 0.52421875 0.9171875 0.0125 0.01875
0 0.47578125 0.91953125 0.02109375 0.02734375