0 0.0796875 0.5984375 0.01875 0.03125
0 0.3953125 0.95859375 0.01328125 0.02109375
0 0.415625 0.95390625 0.01640625 0.0296875
0 0.40078125 0.87734375 0.01640625 0.0234375
0 0.94765625 0.628125 0.03203125 0.03203125
0 0.9171875 0.5234375 0.0296875 0.0359375
0 0.58671875 0.165625 0.01328125 0.0390625
0 0.59765625 0.11640625 0.01015625 0.03203125
0 0.61015625 0.01796875 0.009375 0.0359375
0 0.44921875 0.07890625 0.0140625 0.03828125
0 0.471875 0.0171875 0.01796875 0.034375
0 0.01640625 0.11875 0.01796875 0.025
0 0.00703125 0.14140625 0.0140625 0.0296875
0 0.265625 0.50078125 0.01640625 0.02890625