0 0.78046875 0.8609375 0.01875 0.04921875
0 0.95859375 0.64140625 0.0171875 0.04375
0 0.8296875 0.4 0.01484375 0.04375
0 0.61796875 0.67265625 0.01484375 0.05
0 0.38046875 0.128125 0.0109375 0.0390625
0 0.390625 0.24609375 0.009375 0.0453125
0 0.4859375 0.04140625 0.00859375 0.03203125
0 0.7828125 0.25859375 0.01015625 0.04140625
0 0.6875 0.13046875 0.01171875 0.0390625
0 0.59921875 0.06484375 0.0078125 0.03203125
0 0.2875 0.8328125 0.01796875 0.05546875
0 0.0125 0.8890625 0.02421875 0.0546875
0 0.0546875 0.35390625 0.01796875 0.04453125
0 0.3328125 0.51484375 0.0125 0.05234375
0 0.2671875 0.32265625 0.0125 0.04140625
0 0.28359375 0.25625 0.0140625 0.046875
0 0.196875 0.20703125 0.01015625 0.04453125
0 0.1625 0.059375 0.01015625 0.03359375
0 0.30546875 0.0375 0.01015625 0.034375
0 0.16328125 0.015625 0.0125 0.03046875
0 0.05625 0.0109375 0.01171875 0.02109375