0 0.265625 0.34921875 0.01796875 0.02109375
0 0.384375 0.3203125 0.0078125 0.02265625
0 0.39296875 0.3359375 0.0078125 0.01796875
0 0.40078125 0.3203125 0.009375 0.02109375
0 0.41484375 0.31640625 0.0078125 0.0203125
0 0.440625 0.31953125 0.01171875 0.021875
0 0.446875 0.3109375 0.009375 0.0203125
0 0.453125 0.3203125 0.0078125 0.021875
0 0.4765625 0.303125 0.01171875 0.03046875
0 0.57890625 0.24375 0.009375 0.0265625
0 0.58359375 0.25859375 0.009375 0.0203125
0 0.64140625 0.20078125 0.0078125 0.02734375
0 0.71640625 0.215625 0.0109375 0.0140625
0 0.76171875 0.2296875 0.0125 0.02109375
0 0.91796875 0.1484375 0.01875 0.02265625
0 0.88984375 0.159375 0.0171875 0.021875
0 0.8171875 0.20078125 0.0109375 0.0234375
0 0.83125 0.209375 0.01328125 0.021875
0 0.8140625 0.39453125 0.0125 0.01640625
0 0.71640625 0.41484375 0.0140625 0.0140625
0 0.66328125 0.4625 0.01171875 0.0203125
0 0.646875 0.596875 0.0125 0.015625
0 0.6203125 0.63046875 0.009375 0.01875
0 0.06484375 0.59140625 0.01953125 0.015625
0 0.06171875 0.61875 0.01171875 0.015625
0 0.196875 0.57109375 0.0171875 0.015625
0 0.33828125 0.5484375 0.01328125 0.01796875
0 0.31484375 0.6203125 0.0125 0.0125
0 0.30390625 0.83984375 0.0125 0.0125
0 0.29765625 0.88515625 0.01640625 0.0140625
0 0.384375 0.8515625 0.0125 0.01640625