0 0.6328125 0.09921875 0.00625 0.0265625
0 0.65703125 0.10234375 0.00546875 0.01015625
0 0.6515625 0.10546875 0.00546875 0.01328125
0 0.62421875 0.10625 0.00703125 0.01640625
0 0.659375 0.1078125 0.0078125 0.0125
0 0.809375 0.11640625 0.009375 0.02734375
0 0.40703125 0.0125 0.00625 0.0234375
0 0.42734375 0.01484375 0.0078125 0.021875
0 0.39296875 0.02109375 0.009375 0.021875
0 0.48359375 0.021875 0.00703125 0.025
0 0.96953125 0.23359375 0.02109375 0.03046875
0 0.95390625 0.2390625 0.02109375 0.0265625
0 0.99453125 0.24296875 0.009375 0.02578125
0 0.96796875 0.2484375 0.01875 0.03203125
0 0.98359375 0.25703125 0.01484375 0.034375
0 0.99453125 0.2671875 0.009375 0.0203125
0 0.521875 0.35390625 0.01328125 0.04609375
0 0.48359375 0.36796875 0.0125 0.0296875
0 0.4703125 0.36953125 0.0140625 0.02890625
0 0.44765625 0.3765625 0.0171875 0.021875
0 0.446875 0.390625 0.0109375 0.021875
0 0.4875 0.3984375 0.0171875 0.02265625
0 0.46953125 0.3984375 0.0125 0.0234375
0 0.4578125 0.4046875 0.0125 0.02109375
0 0.48671875 0.4109375 0.01484375 0.02578125
0 0.42421875 0.41953125 0.01171875 0.040625
0 0.43515625 0.4203125 0.0125 0.04296875
0 0.35546875 0.49609375 0.0140625 0.0515625
0 0.33046875 0.50625 0.025 0.0296875
0 0.3078125 0.63828125 0.0171875 0.0515625
0 0.43828125 0.66171875 0.0234375 0.05234375
0 0.52890625 0.078125 0.00390625 0.01171875
0 0.5421875 0.08046875 0.00625 0.01640625
0 0.53515625 0.08125 0.00546875 0.0140625
0 0.51015625 0.08203125 0.009375 0.01640625
0 0.5 0.08671875 0.00546875 0.01171875
0 0.61484375 0.090625 0.0078125 0.015625
0 0.6 0.0921875 0.00703125 0.0140625
0 0.60703125 0.09375 0.00546875 0.0125