0 0.0828125 0.20390625 0.02265625 0.046875
0 0.06640625 0.21484375 0.0203125 0.04140625
0 0.0453125 0.23125 0.021875 0.04453125
0 0.00859375 0.23203125 0.01640625 0.04609375
0 0.103125 0.23515625 0.02109375 0.0390625
0 0.13046875 0.2375 0.0171875 0.04296875
0 0.12578125 0.2546875 0.01796875 0.0484375
0 0.05859375 0.27421875 0.02109375 0.04453125
0 0.19375 0.303125 0.01796875 0.040625
0 0.5703125 0.34296875 0.01484375 0.05234375
0 0.14609375 0.34765625 0.0234375 0.040625
0 0.31484375 0.43828125 0.01484375 0.03515625
0 0.55078125 0.4390625 0.01328125 0.0375
0 0.4109375 0.44375 0.00859375 0.04453125
0 0.575 0.44765625 0.01875 0.0375
0 0.31484375 0.46171875 0.01875 0.03359375
0 0.56640625 0.47578125 0.01328125 0.02734375
0 0.4046875 0.4765625 0.01640625 0.03359375
0 0.27265625 0.490625 0.0171875 0.0375
0 0.39921875 0.49140625 0.01796875 0.03359375
0 0.39140625 0.51875 0.015625 0.03203125
0 0.39140625 0.53046875 0.01875 0.03671875
0 0.53828125 0.58359375 0.015625 0.03203125
0 0.51484375 0.584375 0.015625 0.04453125
0 0.5421875 0.6109375 0.0125 0.028125
0 0.5140625 0.6140625 0.01328125 0.03359375
0 0.57421875 0.6203125 0.015625 0.03359375
0 0.62734375 0.63125 0.0140625 0.0390625
0 0.55859375 0.6421875 0.01328125 0.03359375
0 0.42578125 0.646875 0.0125 0.03203125
0 0.50859375 0.665625 0.01171875 0.03203125
0 0.5359375 0.66875 0.0140625 0.03203125
0 0.56328125 0.678125 0.01484375 0.040625
0 0.45625 0.046875 0.01484375 0.03359375
0 0.51484375 0.7265625 0.015625 0.03515625
0 0.53515625 0.7484375 0.01171875 0.04140625
0 0.553125 0.7609375 0.0140625 0.02578125
0 0.57890625 0.7828125 0.015625 0.03515625
0 0.89375 0.9234375 0.034375 0.03203125
0 0.8875 0.953125 0.03203125 0.03125
0 0.78203125 0.9546875 0.02265625 0.03125
0 0.83984375 0.95625 0.03125 0.03125
0 0.91484375 0.97265625 0.03046875 0.03515625
0 0.95625 0.98125 0.03515625 0.02734375
0 0.8515625 0.9875 0.03125 0.02421875
0 0.33828125 0.08671875 0.0125 0.03125