0 0.44921875 0.4109375 0.0109375 0.028125
0 0.4375 0.44609375 0.01171875 0.03125
0 0.44140625 0.47578125 0.01328125 0.0234375
0 0.453125 0.51171875 0.01328125 0.025
0 0.471875 0.47421875 0.01484375 0.03828125
0 0.46640625 0.4515625 0.01171875 0.0296875
0 0.6828125 0.259375 0.01484375 0.0484375
0 0.89765625 0.3578125 0.01953125 0.06015625
0 0.91171875 0.3609375 0.03515625 0.05
0 0.91640625 0.34375 0.02578125 0.04140625
0 0.67734375 0.09453125 0.01640625 0.04453125
0 0.4234375 0.16015625 0.01328125 0.04453125