0 0.82265625 0.4203125 0.01328125 0.040625
0 0.78359375 0.3234375 0.01328125 0.03984375
0 0.73359375 0.203125 0.0140625 0.0375
0 0.56015625 0.0703125 0.00859375 0.03046875
0 0.52734375 0.07109375 0.01171875 0.03671875
0 0.5109375 0.07890625 0.00625 0.03359375
0 0.64609375 0.00703125 0.00859375 0.0140625
0 0.53203125 0.69453125 0.01484375 0.053125
0 0.4484375 0.49765625 0.01328125 0.04375
0 0.45625 0.26171875 0.00703125 0.0484375
0 0.43515625 0.14296875 0.009375 0.0375
0 0.32734375 0.7828125 0.015625 0.05
0 0.33984375 0.68046875 0.01640625 0.05546875
0 0.06171875 0.73359375 0.01953125 0.05859375
0 0.240625 0.1484375 0.009375 0.03828125
0 0.2890625 0.3046875 0.0109375 0.04140625
0 0.309375 0.52578125 0.0125 0.04921875
0 0.33203125 0.184375 0.01015625 0.03671875
0 0.33046875 0.0640625 0.009375 0.0359375