0 0.40390625 0.14765625 0.009375 0.03125
0 0.5109375 0.1484375 0.00859375 0.01953125
0 0.39921875 0.15078125 0.00546875 0.03203125
0 0.44609375 0.2078125 0.009375 0.021875
0 0.446875 0.2203125 0.00859375 0.02578125
0 0.54921875 0.26015625 0.01953125 0.01796875
0 0.65703125 0.26328125 0.01328125 0.03359375
0 0.55390625 0.271875 0.0125 0.0234375
0 0.421875 0.2953125 0.0078125 0.0359375
0 0.47421875 0.32421875 0.00859375 0.02109375
0 0.66171875 0.334375 0.00703125 0.0234375
0 0.52578125 0.33515625 0.0125 0.0234375
0 0.53359375 0.38359375 0.01484375 0.0359375
0 0.4484375 0.4828125 0.0140625 0.02109375
0 0.45 0.48828125 0.01328125 0.02109375
0 0.73359375 0.55234375 0.015625 0.03984375
0 0.70234375 0.5546875 0.009375 0.0375
0 0.65 0.05625 0.00625 0.0296875
0 0.3859375 0.60390625 0.00859375 0.0359375
0 0.63828125 0.06171875 0.0078125 0.0296875
0 0.64453125 0.06171875 0.00625 0.03203125
0 0.65546875 0.06640625 0.00625 0.028125
0 0.67109375 0.06875 0.00703125 0.0359375
0 0.73515625 0.91015625 0.01328125 0.04296875
0 0.67421875 0.09296875 0.0078125 0.03203125