0 0.31171875 0.0984375 0.0140625 0.0359375
0 0.35703125 0.10234375 0.01171875 0.0328125
0 0.3640625 0.1046875 0.0109375 0.03046875
0 0.3265625 0.12265625 0.01484375 0.02734375
0 0.3125 0.13203125 0.015625 0.0328125
0 0.29609375 0.13359375 0.0140625 0.0328125
0 0.23203125 0.13671875 0.01171875 0.02890625
0 0.2453125 0.1390625 0.0171875 0.0296875
0 0.27578125 0.14375 0.015625 0.02734375
0 0.309375 0.14921875 0.015625 0.0328125
0 0.221875 0.15859375 0.015625 0.03203125
0 0.2765625 0.1671875 0.01640625 0.028125
0 0.6171875 0.2359375 0.0140625 0.02890625
0 0.6359375 0.23828125 0.0140625 0.02734375
0 0.3078125 0.2453125 0.01640625 0.028125
0 0.61875 0.24921875 0.01484375 0.025
0 0.3078125 0.26796875 0.0125 0.02890625
0 0.41015625 0.2703125 0.01328125 0.03203125
0 0.309375 0.27734375 0.015625 0.0234375
0 0.7234375 0.0296875 0.0125 0.03671875
0 0.3765625 0.3671875 0.0140625 0.01796875
0 0.5140625 0.36875 0.0140625 0.0203125
0 0.678125 0.3796875 0.0140625 0.02578125
0 0.52109375 0.46015625 0.0109375 0.0296875
0 0.33984375 0.04453125 0.01015625 0.03359375
0 0.7515625 0.509375 0.01953125 0.02109375
0 0.82578125 0.56796875 0.01953125 0.01796875
0 0.6390625 0.575 0.0140625 0.021875
0 0.315625 0.05625 0.0125 0.03359375
0 0.81640625 0.64140625 0.01484375 0.01640625
0 0.38515625 0.0625 0.01015625 0.0203125
0 0.66640625 0.65078125 0.01640625 0.02578125
0 0.54609375 0.75859375 0.0171875 0.0203125
0 0.90859375 0.796875 0.02265625 0.0234375
0 0.67265625 0.80234375 0.0203125 0.025
0 0.71953125 0.8203125 0.01796875 0.01796875
0 0.77109375 0.82734375 0.01796875 0.0171875
0 0.134375 0.84453125 0.0265625 0.021875
0 0.6921875 0.86796875 0.015625 0.025
0 0.92734375 0.93984375 0.03359375 0.02421875
0 0.3203125 0.0921875 0.0140625 0.03203125