0 0.7328125 0.8671875 0.0328125 0.02109375
0 0.72109375 0.8453125 0.0390625 0.03046875
0 0.6984375 0.4984375 0.025 0.0375
0 0.48671875 0.42421875 0.0203125 0.0390625
0 0.4203125 0.5953125 0.0234375 0.04140625
0 0.43359375 0.56640625 0.01796875 0.0390625
0 0.54921875 0.32578125 0.01484375 0.04296875
0 0.8359375 0.275 0.0140625 0.02890625
0 0.59296875 0.33203125 0.015625 0.03046875
0 0.61015625 0.27265625 0.0125 0.04296875
0 0.559375 0.14375 0.015625 0.03828125
0 0.57734375 0.1671875 0.0125 0.03515625
0 0.575 0.14765625 0.015625 0.0375
0 0.5953125 0.16328125 0.0171875 0.03984375
0 0.52265625 0.12421875 0.0109375 0.0421875
0 0.5421875 0.153125 0.01171875 0.04296875
0 0.434375 0.72578125 0.02265625 0.025
0 0.0953125 0.1796875 0.01640625 0.025
0 0.4546875 0.06328125 0.01796875 0.04296875
0 0.51875 0.02265625 0.00859375 0.0359375
0 0.53359375 0.0125 0.0140625 0.025
0 0.4828125 0.015625 0.01015625 0.03046875