0 0.68359375 0.67734375 0.05234375 0.04375
0 0.46796875 0.70703125 0.0296875 0.0453125
0 0.471875 0.70703125 0.015625 0.02421875
0 0.68203125 0.715625 0.04296875 0.0453125
0 0.703125 0.83203125 0.04921875 0.0453125
0 0.646875 0.8546875 0.04375 0.0625
0 0.68515625 0.8578125 0.04765625 0.05234375
0 0.62109375 0.08671875 0.03125 0.0578125
0 0.51328125 0.88125 0.0296875 0.0609375
0 0.55078125 0.09296875 0.01875 0.0796875
0 0.60703125 0.20390625 0.01171875 0.0296875
0 0.61328125 0.22265625 0.0203125 0.0625
0 0.42109375 0.24140625 0.025 0.06796875
0 0.5890625 0.259375 0.028125 0.06953125
0 0.70390625 0.26796875 0.03515625 0.075
0 0.6265625 0.303125 0.0375 0.0640625
0 0.53203125 0.3765625 0.025 0.0609375
0 0.5546875 0.403125 0.02109375 0.0578125
0 0.5734375 0.409375 0.01875 0.05859375
0 0.57734375 0.46171875 0.02890625 0.05078125
0 0.2734375 0.5015625 0.04140625 0.0609375
0 0.60546875 0.50703125 0.02890625 0.0515625
0 0.69921875 0.6234375 0.025 0.06015625