0 0.71796875 0.809375 0.053125 0.0453125
0 0.340625 0.83125 0.04375 0.04609375
0 0.81640625 0.85234375 0.0546875 0.06484375
0 0.54609375 0.859375 0.034375 0.065625
0 0.55 0.8703125 0.01953125 0.028125
0 0.55625 0.0875 0.01875 0.0796875
0 0.69609375 0.88984375 0.034375 0.040625
0 0.7125 0.94609375 0.04453125 0.0421875
0 0.62734375 0.11640625 0.03203125 0.078125
0 0.62578125 0.13515625 0.0234375 0.084375
0 0.69765625 0.14921875 0.021875 0.084375
0 0.73046875 0.1703125 0.0203125 0.06171875
0 0.703125 0.17109375 0.021875 0.06171875
0 0.55078125 0.20625 0.01875 0.0671875
0 0.56953125 0.028125 0.01875 0.05625
0 0.225 0.28828125 0.0578125 0.06796875
0 0.459375 0.31328125 0.0296875 0.06171875
0 0.6203125 0.03671875 0.03671875 0.05390625
0 0.34921875 0.3796875 0.034375 0.0703125
0 0.653125 0.43984375 0.028125 0.05703125
0 0.60390625 0.46796875 0.028125 0.06875
0 0.67265625 0.47890625 0.03203125 0.06171875
0 0.4515625 0.52109375 0.03359375 0.05859375
0 0.68359375 0.54765625 0.03671875 0.06015625
0 0.7765625 0.5734375 0.02734375 0.075
0 0.6203125 0.05859375 0.03515625 0.05234375
0 0.73359375 0.59140625 0.04453125 0.05234375
0 0.62421875 0.596875 0.028125 0.0453125
0 0.59140625 0.61328125 0.0203125 0.0359375
0 0.571875 0.63203125 0.0296875 0.0515625
0 0.6359375 0.65703125 0.03203125 0.04765625