0 0.7609375 0.3203125 0.0125 0.01640625
0 0.74765625 0.321875 0.0078125 0.01875
0 0.56875 0.3875 0.0078125 0.01640625
0 0.6796875 0.41328125 0.01015625 0.01484375
0 0.41484375 0.4359375 0.01015625 0.015625
0 0.403125 0.4375 0.0078125 0.01484375
0 0.39375 0.44296875 0.01171875 0.01328125
0 0.73671875 0.4453125 0.01171875 0.01640625
0 0.6984375 0.45234375 0.01015625 0.01953125
0 0.43515625 0.453125 0.009375 0.01640625
0 0.484375 0.47109375 0.00859375 0.015625
0 0.49765625 0.47421875 0.00625 0.02109375
0 0.48515625 0.52734375 0.00703125 0.0171875
0 0.859375 0.56953125 0.0125 0.0203125
0 0.46953125 0.578125 0.00625 0.01875