0 0.36640625 0.071875 0.009375 0.02890625
0 0.3796875 0.10546875 0.0078125 0.03125
0 0.39921875 0.10625 0.009375 0.0296875
0 0.42734375 0.11015625 0.0109375 0.028125
0 0.4765625 0.11328125 0.00859375 0.02265625
0 0.41640625 0.125 0.00859375 0.03203125
0 0.74765625 0.1328125 0.009375 0.03125
0 0.47421875 0.14375 0.009375 0.03125
0 0.49921875 0.15625 0.01328125 0.0359375
0 0.47890625 0.17890625 0.01484375 0.028125
0 0.509375 0.21953125 0.009375 0.0328125
0 0.946875 0.228125 0.01640625 0.03515625
0 0.48359375 0.259375 0.0140625 0.04609375
0 0.34296875 0.0046875 0.00625 0.009375
0 0.8015625 0.26875 0.0125 0.0328125
0 0.53671875 0.278125 0.0140625 0.02890625
0 0.45 0.3078125 0.0109375 0.0328125
0 0.528125 0.31875 0.01328125 0.0390625
0 0.58984375 0.403125 0.01640625 0.0453125
0 0.51015625 0.4703125 0.0171875 0.04609375
0 0.5296875 0.478125 0.015625 0.05390625
0 0.3734375 0.04375 0.00859375 0.0296875
0 0.25234375 0.04609375 0.009375 0.0296875
0 0.36796875 0.0578125 0.00625 0.02734375