0 0.859375 0.97421875 0.03984375 0.04921875
0 0.89296875 0.91328125 0.0375 0.084375
0 0.865625 0.88046875 0.03046875 0.09921875
0 0.8171875 0.9234375 0.03984375 0.084375
0 0.81640625 0.81328125 0.03828125 0.08671875
0 0.8015625 0.76171875 0.04296875 0.0953125
0 0.784375 0.73359375 0.04296875 0.09296875
0 0.68671875 0.74375 0.03125 0.10703125
0 0.8828125 0.19140625 0.0265625 0.0890625
0 0.37890625 0.11171875 0.02734375 0.096875
0 0.29296875 0.1703125 0.02890625 0.0890625
0 0.30546875 0.05390625 0.02578125 0.08828125
0 0.2328125 0.115625 0.02421875 0.09375
0 0.2421875 0.178125 0.028125 0.09296875
0 0.1953125 0.2140625 0.028125 0.103125
0 0.17578125 0.19140625 0.028125 0.09921875
0 0.2546875 0.34921875 0.03125 0.09921875
0 0.16796875 0.4234375 0.02890625 0.0890625
0 0.15234375 0.39609375 0.01875 0.08828125
0 0.271875 0.5140625 0.02890625 0.10390625
0 0.3 0.54296875 0.02890625 0.11796875
0 0.12421875 0.61796875 0.04140625 0.11015625
0 0.09296875 0.5921875 0.0359375 0.11015625
0 0.23828125 0.6734375 0.02890625 0.1
0 0.03046875 0.44921875 0.03515625 0.096875
0 0.49140625 0.78203125 0.03046875 0.10390625
0 0.42265625 0.75546875 0.03046875 0.12109375
0 0.41875 0.55625 0.0296875 0.08515625
0 0.4328125 0.4375 0.0265625 0.08828125
0 0.58125 0.4359375 0.02578125 0.10546875
0 0.609375 0.45546875 0.02265625 0.10703125
0 0.96328125 0.02265625 0.03203125 0.0453125