0 0.31796875 0.0359375 0.0234375 0.071875
0 0.37265625 0.071875 0.01640625 0.05234375
0 0.3609375 0.07265625 0.025 0.09609375
0 0.35625 0.01953125 0.01640625 0.0390625
0 0.36875 0.021875 0.0234375 0.04375
0 0.3796875 0.02890625 0.02734375 0.05703125
0 0.3796875 0.08515625 0.025 0.0921875
0 0.39296875 0.10703125 0.02265625 0.08125
0 0.41015625 0.1171875 0.02578125 0.05546875
0 0.39921875 0.17109375 0.02578125 0.10234375
0 0.421875 0.1828125 0.025 0.084375
0 0.43125 0.25 0.0359375 0.10859375
0 0.43671875 0.28046875 0.0375 0.12421875
0 0.45 0.3109375 0.034375 0.1046875
0 0.4578125 0.33515625 0.0328125 0.1
0 0.48125 0.3859375 0.02734375 0.1171875
0 0.50859375 0.52109375 0.0296875 0.0984375
0 0.5125 0.4703125 0.0390625 0.071875
0 0.5296875 0.57734375 0.03046875 0.103125
0 0.55625 0.5984375 0.0359375 0.11015625
0 0.51640625 0.70546875 0.0296875 0.11171875
0 0.571875 0.65 0.03984375 0.10703125
0 0.571875 0.6953125 0.034375 0.08984375
0 0.5765625 0.7484375 0.0359375 0.0921875
0 0.6078125 0.77890625 0.0265625 0.103125
0 0.5875 0.80078125 0.0265625 0.07265625
0 0.56015625 0.8609375 0.04140625 0.08359375
0 0.5875 0.84453125 0.034375 0.0875
0 0.5546875 0.90859375 0.0390625 0.07890625
0 0.52578125 0.940625 0.0375 0.09765625
0 0.49921875 0.9484375 0.02890625 0.06484375
0 0.50390625 0.98125 0.02578125 0.0359375