0 0.7703125 0.93671875 0.0171875 0.0328125
0 0.26875 0.328125 0.01328125 0.0390625
0 0.384375 0.34453125 0.0140625 0.0390625
0 0.19765625 0.35390625 0.0234375 0.03671875
0 0.2609375 0.378125 0.009375 0.04140625
0 0.18671875 0.3921875 0.01796875 0.04765625
0 0.265625 0.409375 0.01796875 0.0421875
0 0.3796875 0.4109375 0.01484375 0.03671875
0 0.184375 0.41953125 0.0109375 0.021875
0 0.278125 0.4203125 0.01640625 0.0375
0 0.20625 0.44375 0.01328125 0.02265625
0 0.20078125 0.4671875 0.01328125 0.02265625
0 0.2265625 0.46953125 0.01171875 0.02109375
0 0.20859375 0.4953125 0.03359375 0.021875
0 0.17890625 0.5109375 0.015625 0.05625
0 0.20859375 0.52890625 0.0234375 0.025
0 0.2078125 0.55546875 0.0171875 0.0265625