0 0.909375 0.978125 0.025 0.04296875
0 0.9640625 0.55078125 0.01875 0.04921875
0 0.88125 0.3625 0.0125 0.04375
0 0.771875 0.2046875 0.009375 0.03515625
0 0.70234375 0.0859375 0.01015625 0.0296875
0 0.63046875 0.26484375 0.009375 0.03828125
0 0.69140625 0.27265625 0.0078125 0.040625
0 0.70078125 0.27890625 0.0109375 0.04453125
0 0.5375 0.5921875 0.01015625 0.0515625
0 0.52578125 0.37578125 0.0078125 0.03984375
0 0.53828125 0.1125 0.0078125 0.034375
0 0.353125 0.6234375 0.0109375 0.046875
0 0.3859375 0.44375 0.0125 0.04140625
0 0.39453125 0.19375 0.0078125 0.0390625
0 0.3734375 0.10078125 0.009375 0.0359375
0 0.1296875 0.0625 0.01015625 0.03515625
0 0.1234375 0.10390625 0.01328125 0.02578125
0 0.1046875 0.225 0.0109375 0.0390625
0 0.1109375 0.3578125 0.0140625 0.03984375
0 0.06171875 0.41484375 0.0203125 0.04296875
0 0.2734375 0.3578125 0.0125 0.04453125