0 0.50234375 0.13671875 0.009375 0.0390625
0 0.41015625 0.1421875 0.00703125 0.03046875
0 0.4296875 0.146875 0.01015625 0.03671875
0 0.42109375 0.15390625 0.01015625 0.03671875
0 0.23359375 0.17421875 0.01328125 0.0421875
0 0.22578125 0.1796875 0.00859375 0.03671875
0 0.40078125 0.1796875 0.00546875 0.02890625
0 0.4046875 0.18046875 0.00703125 0.02890625
0 0.13984375 0.33984375 0.01484375 0.028125
0 0.16328125 0.38671875 0.01484375 0.04296875
0 0.15546875 0.3875 0.0125 0.0390625
0 0.50390625 0.05546875 0.00546875 0.034375
0 0.4796875 0.5515625 0.01015625 0.04921875
0 0.50703125 0.05703125 0.00390625 0.028125
0 0.49453125 0.05625 0.00625 0.034375
0 0.39921875 0.6421875 0.0125 0.05546875
0 0.49296875 0.06953125 0.00703125 0.03828125
0 0.47109375 0.7484375 0.0140625 0.05234375
0 0.50390625 0.084375 0.01015625 0.0390625
0 0.0421875 0.896875 0.01875 0.040625
0 0.0296875 0.9015625 0.0203125 0.0390625
0 0.4296875 0.1140625 0.00703125 0.03046875
0 0.4046875 0.125 0.00625 0.03671875