0 0.31484375 0.18046875 0.0140625 0.01796875
0 0.4046875 0.97890625 0.0125 0.02578125
0 0.4328125 0.846875 0.0109375 0.01953125
0 0.4828125 0.959375 0.009375 0.01796875
0 0.40625 0.59296875 0.01015625 0.01640625
0 0.46640625 0.60703125 0.01171875 0.0125
0 0.4703125 0.546875 0.01015625 0.01953125
0 0.50390625 0.58359375 0.015625 0.0125
0 0.515625 0.60234375 0.01015625 0.01328125
0 0.57109375 0.68125 0.0125 0.01640625
0 0.53203125 0.559375 0.0109375 0.01640625
0 0.5640625 0.27734375 0.01171875 0.02109375
0 0.51953125 0.453125 0.0125 0.01796875
0 0.45625 0.415625 0.0125 0.02421875
0 0.57109375 0.36171875 0.009375 0.028125
0 0.553125 0.4765625 0.01015625 0.021875
0 0.74765625 0.55078125 0.0140625 0.01953125
0 0.76953125 0.53671875 0.0203125 0.02265625
0 0.834375 0.5515625 0.02109375 0.01953125
0 0.85546875 0.2125 0.0140625 0.021875
0 0.74921875 0.36171875 0.0140625 0.01953125
0 0.690625 0.35703125 0.0125 0.02265625
0 0.60703125 0.64296875 0.01015625 0.01640625