0 0.40859375 0.16171875 0.00625 0.01953125
0 0.34375 0.28046875 0.00703125 0.0140625
0 0.3234375 0.2890625 0.009375 0.01328125
0 0.33515625 0.3140625 0.01015625 0.01953125
0 0.42265625 0.6515625 0.00625 0.025
0 0.5421875 0.67421875 0.00625 0.01171875
0 0.55234375 0.6859375 0.00703125 0.01015625
0 0.79453125 0.83125 0.009375 0.01328125
0 0.509375 0.8359375 0.00703125 0.0140625
0 0.790625 0.83828125 0.0078125 0.0078125
0 0.80234375 0.83984375 0.0078125 0.009375
0 0.8375 0.840625 0.00703125 0.01015625
0 0.790625 0.84609375 0.009375 0.01015625
0 0.52890625 0.903125 0.00625 0.01328125
0 0.48359375 0.10390625 0.0046875 0.01953125
0 0.4875 0.1046875 0.00390625 0.015625