0 0.77265625 0.24140625 0.0140625 0.0203125
0 0.703125 0.1640625 0.01328125 0.0203125
0 0.578125 0.17265625 0.0109375 0.02734375
0 0.503125 0.16484375 0.0109375 0.02734375
0 0.75078125 0.09375 0.01484375 0.02265625
0 0.7578125 0.1078125 0.015625 0.025
0 0.08125 0.28359375 0.02109375 0.02265625
0 0.090625 0.31640625 0.021875 0.02109375
0 0.0671875 0.3953125 0.02265625 0.01875
0 0.09609375 0.2671875 0.0203125 0.01953125
0 0.1203125 0.2921875 0.025 0.0171875
0 0.1234375 0.1921875 0.021875 0.0265625