0 0.5015625 0.01484375 0.0078125 0.025
0 0.48828125 0.0171875 0.00859375 0.02421875
0 0.5078125 0.16875 0.01015625 0.0203125
0 0.4734375 0.01796875 0.00546875 0.028125
0 0.48046875 0.01796875 0.00625 0.025
0 0.58125 0.228125 0.00859375 0.01796875
0 0.6046875 0.2328125 0.00703125 0.0265625
0 0.5265625 0.23984375 0.00546875 0.028125
0 0.68828125 0.2625 0.01015625 0.028125
0 0.6921875 0.29453125 0.009375 0.02265625
0 0.7359375 0.36015625 0.0078125 0.02265625
0 0.1703125 0.3703125 0.0109375 0.0265625
0 0.76171875 0.4609375 0.01015625 0.03203125
0 0.63125 0.04765625 0.0078125 0.0265625
0 0.590625 0.5125 0.0125 0.0125
0 0.625 0.053125 0.0046875 0.025
0 0.7921875 0.5421875 0.01328125 0.02265625
0 0.67734375 0.5484375 0.00546875 0.01796875
0 0.79921875 0.55078125 0.0125 0.0203125
0 0.696875 0.559375 0.00625 0.028125
0 0.69140625 0.5671875 0.00546875 0.01796875
0 0.48984375 0.06015625 0.0109375 0.01640625
0 0.7890625 0.603125 0.00859375 0.0203125
0 0.75703125 0.6125 0.00625 0.0265625
0 0.56875 0.6234375 0.00859375 0.02421875
0 0.69609375 0.08515625 0.00703125 0.03046875
0 0.47578125 0.08671875 0.00625 0.02421875
0 0.24140625 0.9609375 0.01640625 0.025
0 0.2328125 0.978125 0.01484375 0.03046875