0 0.34296875 0.10859375 0.00546875 0.01640625
0 0.3390625 0.14609375 0.00546875 0.01796875
0 0.3515625 0.15703125 0.00703125 0.01640625
0 0.3484375 0.159375 0.00703125 0.01953125
0 0.1140625 0.22578125 0.00703125 0.01640625
0 0.1109375 0.22890625 0.00859375 0.01484375
0 0.34921875 0.253125 0.00546875 0.015625
0 0.36171875 0.27109375 0.00546875 0.01796875
0 0.33046875 0.0328125 0.00546875 0.01796875
0 0.11171875 0.32734375 0.00703125 0.0140625
0 0.1203125 0.40703125 0.00703125 0.0140625
0 0.115625 0.41640625 0.00859375 0.015625
0 0.6328125 0.42421875 0.0046875 0.01171875
0 0.45390625 0.43125 0.00546875 0.01015625
0 0.728125 0.43828125 0.009375 0.015625
0 0.72109375 0.44609375 0.00625 0.0140625
0 0.5578125 0.459375 0.00546875 0.01015625
0 0.509375 0.46640625 0.00546875 0.01328125
0 0.36875 0.46796875 0.00625 0.015625
0 0.11640625 0.46796875 0.00703125 0.015625
0 0.52265625 0.46953125 0.0046875 0.0109375
0 0.671875 0.46953125 0.00546875 0.0140625
0 0.5609375 0.471875 0.00390625 0.01015625
0 0.39375 0.47421875 0.00546875 0.01015625
0 0.6484375 0.49453125 0.00703125 0.015625
0 0.46171875 0.5 0.00546875 0.01484375
0 0.51015625 0.51328125 0.00390625 0.01328125
0 0.35859375 0.56171875 0.00546875 0.0109375
0 0.684375 0.56953125 0.00625 0.0140625
0 0.36640625 0.63125 0.00703125 0.0109375
0 0.125 0.65078125 0.0078125 0.01328125
0 0.3390625 0.06640625 0.0046875 0.01640625
0 0.16953125 0.8515625 0.00703125 0.015625
0 0.44453125 0.85546875 0.00546875 0.01328125