0 0.196875 0.0671875 0.021875 0.06015625
0 0.2328125 0.14921875 0.0140625 0.0296875
0 0.47265625 0.15546875 0.009375 0.0265625
0 0.48203125 0.18828125 0.0109375 0.03515625
0 0.4140625 0.20234375 0.0171875 0.02734375
0 0.2890625 0.2359375 0.01875 0.03046875
0 0.3265625 0.23984375 0.01640625 0.0265625
0 0.43828125 0.265625 0.01484375 0.02421875
0 0.41484375 0.27421875 0.01484375 0.02421875
0 0.38359375 0.2796875 0.01640625 0.0296875
0 0.33359375 0.3328125 0.0140625 0.0171875
0 0.4609375 0.3328125 0.01796875 0.021875
0 0.45234375 0.3703125 0.01328125 0.021875
0 0.3671875 0.3875 0.01640625 0.02421875
0 0.37421875 0.48984375 0.01484375 0.0265625
0 0.390625 0.50390625 0.01484375 0.0203125
0 0.4203125 0.64609375 0.01640625 0.02109375
0 0.46484375 0.73203125 0.02109375 0.0234375
0 0.23046875 0.0109375 0.015625 0.021875
0 0.5109375 0.77421875 0.015625 0.02734375
0 0.33671875 0.0125 0.0140625 0.025
0 0.51171875 0.8734375 0.01640625 0.0390625