0 0.31640625 0.134375 0.01328125 0.03046875
0 0.2640625 0.14453125 0.0125 0.03046875
0 0.31640625 0.16484375 0.009375 0.034375
0 0.32890625 0.17109375 0.01015625 0.03359375
0 0.328125 0.1734375 0.00546875 0.02109375
0 0.3203125 0.01875 0.0109375 0.0265625
0 0.3328125 0.21640625 0.01171875 0.02734375
0 0.27890625 0.2296875 0.0140625 0.03046875
0 0.334375 0.2375 0.01015625 0.0296875
0 0.340625 0.28359375 0.01171875 0.034375
0 0.22734375 0.3296875 0.01484375 0.02890625
0 0.2375 0.034375 0.0125 0.0296875
0 0.2109375 0.35234375 0.0140625 0.034375
0 0.3375 0.36015625 0.0125 0.03046875
0 0.22890625 0.36171875 0.0171875 0.03125
0 0.24453125 0.0375 0.0078125 0.01640625
0 0.3546875 0.50234375 0.01171875 0.0203125
0 0.2625 0.59296875 0.015625 0.03125
0 0.24453125 0.06484375 0.0140625 0.02890625
0 0.2875 0.715625 0.01953125 0.02265625
0 0.2765625 0.728125 0.0171875 0.021875
0 0.37890625 0.74921875 0.01640625 0.02265625