0 0.00625 0.16953125 0.0125 0.02734375
0 0.0015625 0.228125 0.003125 0.021875
0 0.0109375 0.22421875 0.0140625 0.025
0 0.08671875 0.20625 0.01640625 0.0203125
0 0.07890625 0.196875 0.01171875 0.02734375
0 0.17265625 0.18515625 0.0171875 0.02578125
0 0.184375 0.1921875 0.0125 0.021875
0 0.14375 0.2203125 0.0140625 0.02265625
0 0.1171875 0.24765625 0.01796875 0.02421875
0 0.03125 0.415625 0.02265625 0.02265625
0 0.02109375 0.42734375 0.0203125 0.02109375
0 0.1296875 0.4328125 0.0171875 0.02421875
0 0.13125 0.38515625 0.0140625 0.02265625
0 0.09375 0.51953125 0.01796875 0.0171875
0 0.46796875 0.22734375 0.009375 0.02421875
0 0.484375 0.23125 0.0078125 0.021875
0 0.478125 0.22109375 0.009375 0.021875
0 0.4921875 0.27578125 0.009375 0.01875
0 0.5234375 0.43828125 0.0109375 0.01328125