0 0.43125 0.58125 0.01484375 0.02265625
0 0.4203125 0.47578125 0.01015625 0.025
0 0.40703125 0.515625 0.01015625 0.025
0 0.41640625 0.55 0.01328125 0.025
0 0.44765625 0.53359375 0.0109375 0.025
0 0.41875 0.496875 0.0140625 0.0171875
0 0.44140625 0.51640625 0.01484375 0.02890625
0 0.4359375 0.49453125 0.01875 0.01796875
0 0.6671875 0.26484375 0.01484375 0.03828125
0 0.3640625 0.2234375 0.01796875 0.046875
0 0.62890625 0.10625 0.01484375 0.046875
0 0.875 0.32109375 0.01953125 0.04609375
0 0.9 0.29375 0.01328125 0.021875
0 0.88828125 0.3234375 0.01953125 0.0484375