0 0.51484375 0.10859375 0.00625 0.0328125
0 0.515625 0.12421875 0.01015625 0.03125
0 0.515625 0.00546875 0.00859375 0.0109375
0 0.51015625 0.0078125 0.009375 0.01484375
0 0.4796875 0.29375 0.00859375 0.03515625
0 0.471875 0.29609375 0.0109375 0.0390625
0 0.31640625 0.3390625 0.0140625 0.028125
0 0.265625 0.59375 0.00859375 0.02734375
0 0.26796875 0.59765625 0.01015625 0.021875
0 0.515625 0.03671875 0.009375 0.0328125
0 0.32734375 0.70546875 0.0140625 0.028125
0 0.2890625 0.74375 0.0171875 0.02421875
0 0.2828125 0.759375 0.0125 0.03359375
0 0.440625 0.7625 0.009375 0.04375
0 0.4796875 0.76953125 0.009375 0.040625
0 0.509375 0.7890625 0.0109375 0.03359375
0 0.43359375 0.7953125 0.01328125 0.02734375
0 0.41328125 0.82734375 0.01171875 0.04453125
0 0.48359375 0.07421875 0.00703125 0.03671875