0 0.85390625 0.0875 0.009375 0.021875
0 0.84765625 0.090625 0.0125 0.0265625
0 0.8390625 0.1 0.01015625 0.02734375
0 0.8828125 0.125 0.01328125 0.01953125
0 0.29921875 0.21015625 0.0109375 0.02109375
0 0.3078125 0.2109375 0.01171875 0.0265625
0 0.24375 0.41953125 0.01328125 0.0140625
0 0.2890625 0.4484375 0.01171875 0.01953125
0 0.24296875 0.54609375 0.0125 0.015625
0 0.31953125 0.625 0.01015625 0.0234375
0 0.14453125 0.6328125 0.0140625 0.01953125
0 0.115625 0.64921875 0.015625 0.0140625
0 0.0390625 0.65078125 0.01796875 0.0140625
0 0.015625 0.6765625 0.015625 0.01796875
0 0.23046875 0.73515625 0.0109375 0.025
0 0.15625 0.76953125 0.0140625 0.01796875
0 0.03125 0.77578125 0.0140625 0.0140625
0 0.0625 0.7921875 0.01328125 0.025
0 0.0171875 0.87421875 0.015625 0.0140625
0 0.0890625 0.8796875 0.01640625 0.025
0 0.06640625 0.88984375 0.01640625 0.02109375