0 0.24609375 0.0515625 0.02421875 0.04296875
0 0.07109375 0.70859375 0.03828125 0.02265625
0 0.06953125 0.72421875 0.03828125 0.025
0 0.0296875 0.8921875 0.04140625 0.03984375
0 0.10859375 0.83515625 0.02890625 0.03203125
0 0.15234375 0.80234375 0.03046875 0.03046875
0 0.2546875 0.83984375 0.0171875 0.0265625
0 0.1765625 0.65859375 0.0265625 0.0234375
0 0.203125 0.6609375 0.028125 0.02421875
0 0.1921875 0.6328125 0.0203125 0.01328125
0 0.21015625 0.634375 0.02265625 0.01484375
0 0.240625 0.6046875 0.01796875 0.03203125
0 0.2921875 0.61953125 0.01953125 0.01484375
0 0.29296875 0.634375 0.01875 0.0171875
0 0.39453125 0.528125 0.0171875 0.021875
0 0.4171875 0.51328125 0.01953125 0.021875
0 0.70703125 0.2921875 0.0203125 0.028125
0 0.72734375 0.28515625 0.01796875 0.0265625
0 0.6609375 0.45 0.021875 0.034375
0 0.678125 0.47265625 0.01875 0.01796875
0 0.99296875 0.31484375 0.0140625 0.0203125
0 0.996875 0.43828125 0.00625 0.02421875
0 0.8390625 0.40390625 0.00859375 0.01484375
0 0.85703125 0.39921875 0.01484375 0.0171875
0 0.90703125 0.603125 0.02109375 0.02890625
0 0.528125 0.72265625 0.0171875 0.0265625
0 0.53671875 0.66171875 0.0140625 0.01796875
0 0.44765625 0.69765625 0.015625 0.025
0 0.41015625 0.71328125 0.0234375 0.03046875
0 0.39140625 0.784375 0.015625 0.03125