0 0.35390625 0.0140625 0.01015625 0.028125
0 0.653125 0.16171875 0.0109375 0.02421875
0 0.65546875 0.17734375 0.01171875 0.03046875
0 0.28203125 0.225 0.009375 0.0203125
0 0.28984375 0.2359375 0.009375 0.021875
0 0.75546875 0.253125 0.0140625 0.0296875
0 0.7421875 0.25703125 0.01328125 0.02890625
0 0.18359375 0.43828125 0.01171875 0.01796875
0 0.19296875 0.440625 0.0140625 0.025
0 0.18984375 0.46875 0.01328125 0.028125
0 0.1765625 0.48125 0.01484375 0.02421875
0 0.7046875 0.53828125 0.0109375 0.01875