0 0.4375 0.01484375 0.00703125 0.0296875
0 0.4 0.1703125 0.009375 0.03046875
0 0.434375 0.0171875 0.00546875 0.0296875
0 0.4296875 0.22890625 0.00703125 0.03359375
0 0.5140625 0.22890625 0.0109375 0.0171875
0 0.43515625 0.2296875 0.00859375 0.03203125
0 0.52421875 0.23359375 0.0125 0.01875
0 0.41015625 0.24765625 0.0140625 0.0203125
0 0.41171875 0.025 0.0078125 0.034375
0 0.45390625 0.28671875 0.00625 0.0296875
0 0.45390625 0.303125 0.009375 0.02265625
0 0.67421875 0.309375 0.0078125 0.03203125
0 0.6671875 0.31015625 0.00625 0.03046875
0 0.4390625 0.34453125 0.0078125 0.0359375
0 0.434375 0.3453125 0.009375 0.03984375
0 0.71015625 0.3640625 0.01796875 0.0265625
0 0.69140625 0.42734375 0.009375 0.03828125
0 0.68515625 0.4296875 0.009375 0.03984375
0 0.3921875 0.44140625 0.00859375 0.0375
0 0.3953125 0.45859375 0.009375 0.03203125
0 0.55546875 0.65859375 0.03125 0.02421875
0 0.59140625 0.79140625 0.009375 0.03046875
0 0.6015625 0.8203125 0.01328125 0.0265625
0 0.546875 0.07890625 0.00625 0.015625
0 0.60703125 0.084375 0.009375 0.0265625
0 0.54375 0.0875 0.009375 0.0203125
0 0.57578125 0.9125 0.015625 0.02265625
0 0.3703125 0.9828125 0.015625 0.034375