0 0.70234375 0.996875 0.0140625 0.00625
0 0.4078125 0.2015625 0.01015625 0.01875
0 0.19765625 0.21328125 0.01328125 0.0171875
0 0.1859375 0.2296875 0.01484375 0.01640625
0 0.20546875 0.246875 0.01328125 0.0140625
0 0.15703125 0.24921875 0.01796875 0.0171875
0 0.19453125 0.25234375 0.0140625 0.0125
0 0.2296875 0.25390625 0.01171875 0.015625
0 0.55703125 0.2734375 0.01171875 0.0140625
0 0.16640625 0.3046875 0.01328125 0.0140625
0 0.9625 0.3296875 0.0171875 0.021875
0 0.96640625 0.33671875 0.015625 0.01328125
0 0.19140625 0.70390625 0.01484375 0.0109375
0 0.20546875 0.70546875 0.0140625 0.0140625
0 0.0109375 0.725 0.021875 0.015625
0 0.78828125 0.9703125 0.015625 0.01640625
0 0.70625 0.97265625 0.01015625 0.015625