0 0.47890625 0.95703125 0.00859375 0.0140625
0 0.29921875 0.1203125 0.0109375 0.0140625
0 0.146875 0.23359375 0.01640625 0.02109375
0 0.0546875 0.23984375 0.01328125 0.01015625
0 0.10625 0.2421875 0.01171875 0.01328125
0 0.090625 0.24375 0.01171875 0.01328125
0 0.321875 0.24609375 0.009375 0.0125
0 0.1 0.2546875 0.0125 0.01640625
0 0.36875 0.2578125 0.00859375 0.0125
0 0.13828125 0.25859375 0.0140625 0.0125
0 0.278125 0.27421875 0.01015625 0.01171875
0 0.265625 0.28203125 0.00859375 0.01015625
0 0.275 0.2859375 0.0125 0.009375
0 0.090625 0.2984375 0.01328125 0.00859375
0 0.4203125 0.0328125 0.00625 0.0203125