0 0.7453125 0.965625 0.03359375 0.06796875
0 0.871875 0.7015625 0.03828125 0.11015625
0 0.91640625 0.803125 0.03359375 0.11015625
0 0.85 0.49296875 0.02109375 0.065625
0 0.8640625 0.509375 0.03203125 0.08828125
0 0.890625 0.528125 0.0296875 0.1015625
0 0.89609375 0.36640625 0.028125 0.09296875
0 0.875 0.346875 0.02578125 0.08671875
0 0.928125 0.2859375 0.0328125 0.0984375
0 0.87734375 0.24609375 0.03359375 0.08671875
0 0.85625 0.16796875 0.02734375 0.10703125
0 0.73828125 0.28984375 0.0375 0.09296875
0 0.6453125 0.228125 0.025 0.11328125
0 0.5828125 0.21015625 0.02265625 0.11328125
0 0.52109375 0.06484375 0.02578125 0.09609375
0 0.365625 0.11875 0.02734375 0.096875
0 0.34921875 0.0984375 0.021875 0.109375
0 0.31171875 0.071875 0.0234375 0.08671875
0 0.25859375 0.05234375 0.03125 0.10078125
0 0.21015625 0.27734375 0.02109375 0.09140625
0 0.21875 0.30859375 0.01953125 0.0859375
0 0.240625 0.3109375 0.03828125 0.09453125
0 0.315625 0.26875 0.03515625 0.09296875
0 0.31640625 0.16953125 0.028125 0.09296875
0 0.2703125 0.1609375 0.03203125 0.0734375
0 0.29375 0.15859375 0.025 0.090625
0 0.46484375 0.803125 0.03359375 0.11015625
0 0.4703125 0.7234375 0.03671875 0.07890625
0 0.4609375 0.6890625 0.028125 0.08671875
0 0.09453125 0.65859375 0.03203125 0.078125
0 0.12578125 0.68203125 0.04140625 0.11015625
0 0.075 0.53046875 0.0421875 0.103125
0 0.10390625 0.2875 0.03125 0.09921875
0 0.96484375 0.38203125 0.03203125 0.0859375
0 0.98671875 0.3890625 0.02578125 0.08203125
0 0.0140625 0.4296875 0.02734375 0.05546875