0 0.5296875 0.11796875 0.009375 0.01953125
0 0.49921875 0.2171875 0.0140625 0.02578125
0 0.73671875 0.24296875 0.01171875 0.0234375
0 0.75546875 0.24921875 0.0140625 0.02578125
0 0.73125 0.259375 0.00859375 0.02109375
0 0.75078125 0.265625 0.01171875 0.01484375
0 0.7859375 0.2734375 0.01171875 0.01484375
0 0.7734375 0.2796875 0.01328125 0.01953125
0 0.79296875 0.28203125 0.01015625 0.01484375
0 0.7859375 0.290625 0.0125 0.01796875
0 0.84765625 0.31640625 0.02109375 0.0234375
0 0.94453125 0.36171875 0.01796875 0.021875
0 0.92265625 0.36484375 0.0125 0.0140625
0 0.91015625 0.37578125 0.0125 0.01796875
0 0.93046875 0.3765625 0.0109375 0.015625
0 0.92578125 0.384375 0.01171875 0.015625
0 0.94921875 0.384375 0.01640625 0.01796875
0 0.9171875 0.3890625 0.0140625 0.01796875
0 0.94296875 0.396875 0.0203125 0.01484375
0 0.10078125 0.396875 0.01328125 0.0234375
0 0.9421875 0.40625 0.02109375 0.021875
0 0.96328125 0.40703125 0.01171875 0.015625
0 0.95078125 0.4140625 0.01484375 0.01796875
0 0.146875 0.41484375 0.01796875 0.0234375
0 0.9640625 0.421875 0.01953125 0.01953125
0 0.9921875 0.4453125 0.01484375 0.015625
0 0.70859375 0.49140625 0.01328125 0.021875
0 0.71875 0.49375 0.0140625 0.0234375
0 0.990625 0.5046875 0.01875 0.02265625
0 0.759375 0.559375 0.01484375 0.01796875
0 0.7421875 0.56015625 0.01328125 0.0171875
0 0.76640625 0.57109375 0.01640625 0.015625
0 0.74765625 0.5734375 0.01640625 0.01796875
0 0.75390625 0.58125 0.01484375 0.015625
0 0.89921875 0.6953125 0.02421875 0.01953125
0 0.496875 0.890625 0.01328125 0.01875