0 0.31640625 0.06875 0.01171875 0.01640625
0 0.0421875 0.07578125 0.03984375 0.04765625
0 0.321875 0.0765625 0.015625 0.04921875
0 0.9609375 0.784375 0.03984375 0.02265625
0 0.59140625 0.81171875 0.01875 0.02109375
0 0.5171875 0.0859375 0.01171875 0.034375
0 0.625 0.89921875 0.0234375 0.028125
0 0.73203125 0.91640625 0.02578125 0.046875
0 0.47890625 0.0921875 0.01484375 0.0375
0 0.98203125 0.93515625 0.03359375 0.0296875
0 0.35390625 0.096875 0.025 0.0421875
0 0.63828125 0.984375 0.02109375 0.0296875
0 0.31796875 0.125 0.01015625 0.03515625
0 0.1390625 0.12578125 0.0265625 0.03984375
0 0.43984375 0.128125 0.015625 0.0375
0 0.38046875 0.1453125 0.01484375 0.0421875
0 0.6015625 0.1671875 0.0125 0.04453125
0 0.63203125 0.17890625 0.01328125 0.03828125
0 0.621875 0.17890625 0.01328125 0.0328125
0 0.41328125 0.19609375 0.0140625 0.03828125
0 0.3640625 0.0203125 0.015625 0.03984375
0 0.478125 0.20390625 0.00859375 0.02265625
0 0.05234375 0.021875 0.02890625 0.04296875
0 0.48984375 0.21328125 0.0140625 0.03359375
0 0.28125 0.03203125 0.021875 0.0515625
0 0.70546875 0.4328125 0.02734375 0.03671875
0 0.1421875 0.55234375 0.02890625 0.03984375
0 0.5890625 0.55234375 0.0171875 0.028125
0 0.68046875 0.55234375 0.02734375 0.0265625
0 0.66796875 0.60625 0.021875 0.0203125
0 0.6421875 0.609375 0.02265625 0.02578125
0 0.22265625 0.065625 0.02265625 0.04375