0 0.459375 0.1078125 0.01328125 0.0484375
0 0.4390625 0.11953125 0.01875 0.0265625
0 0.471875 0.1578125 0.01328125 0.0484375
0 0.93203125 0.2265625 0.0296875 0.0515625
0 0.5453125 0.015625 0.01171875 0.03125
0 0.32578125 0.3171875 0.02734375 0.05546875
0 0.51484375 0.025 0.01171875 0.0265625
0 0.50703125 0.025 0.009375 0.0234375
0 0.4890625 0.034375 0.01015625 0.021875
0 0.52578125 0.04140625 0.009375 0.0203125
0 0.5015625 0.046875 0.00859375 0.03828125
0 0.53125 0.05078125 0.01328125 0.025
0 0.509375 0.05234375 0.01015625 0.03828125
0 0.4875 0.6765625 0.01953125 0.02890625
0 0.52421875 0.68359375 0.0296875 0.02578125
0 0.49921875 0.05234375 0.0109375 0.04375
0 0.5046875 0.7109375 0.03046875 0.0515625
0 0.54140625 0.7171875 0.0140625 0.0359375
0 0.53046875 0.71796875 0.01484375 0.03515625