0 0.4546875 0.115625 0.0125 0.04453125
0 0.4359375 0.1265625 0.0171875 0.025
0 0.46640625 0.16171875 0.0125 0.04453125
0 0.88984375 0.225 0.02734375 0.04765625
0 0.53359375 0.02578125 0.0109375 0.03828125
0 0.33203125 0.30859375 0.025 0.0515625
0 0.50625 0.0390625 0.0109375 0.025
0 0.4984375 0.03984375 0.00859375 0.021875
0 0.48203125 0.0484375 0.009375 0.0203125
0 0.515625 0.05390625 0.00859375 0.01875
0 0.49375 0.059375 0.0078125 0.03515625
0 0.52109375 0.0625 0.0125 0.02265625
0 0.50078125 0.0640625 0.009375 0.03515625
0 0.48046875 0.63984375 0.01796875 0.0265625
0 0.5140625 0.64609375 0.02734375 0.0234375
0 0.49140625 0.06484375 0.01015625 0.03984375
0 0.496875 0.67109375 0.028125 0.04765625
0 0.5296875 0.67734375 0.0125 0.03359375
0 0.5203125 0.678125 0.01328125 0.03203125
0 0.29609375 0.9515625 0.0296875 0.03984375