0 0.3453125 0.9609375 0.0109375 0.0203125
0 0.1546875 0.11796875 0.0109375 0.028125
0 0.13828125 0.14296875 0.0125 0.028125
0 0.02890625 0.01484375 0.00625 0.01953125
0 0.03671875 0.203125 0.0125 0.0203125
0 0.04453125 0.21328125 0.0125 0.02734375
0 0.92734375 0.27734375 0.0140625 0.02734375
0 0.01875 0.30625 0.015625 0.028125
0 0.99140625 0.48984375 0.0171875 0.0203125
0 0.0359375 0.58203125 0.0125 0.0296875
0 0.47265625 0.75546875 0.0078125 0.01953125
0 0.4640625 0.79453125 0.0109375 0.01796875
0 0.209375 0.925 0.01171875 0.01953125