0 0.91796875 0.19375 0.01875 0.02734375
0 0.71015625 0.321875 0.01328125 0.02265625
0 0.79765625 0.471875 0.015625 0.0234375
0 0.84375 0.71796875 0.0171875 0.01953125
0 0.9140625 0.671875 0.02421875 0.0203125
0 0.71328125 0.58046875 0.0125 0.0171875
0 0.8796875 0.73671875 0.025 0.02265625
0 0.9375 0.88125 0.01953125 0.0234375
0 0.67109375 0.7375 0.01640625 0.0203125
0 0.60859375 0.83671875 0.01328125 0.01640625
0 0.6359375 0.8 0.01796875 0.01328125
0 0.55703125 0.88515625 0.0125 0.02109375
0 0.72890625 0.9921875 0.0140625 0.015625
0 0.8640625 0.99140625 0.01640625 0.01640625
0 0.67109375 0.93828125 0.01640625 0.02265625
0 0.6390625 0.99375 0.01171875 0.0125
0 0.6140625 0.96328125 0.01328125 0.0171875