0 0.28671875 0.77421875 0.0265625 0.1125
0 0.3109375 0.77109375 0.028125 0.090625
0 0.33828125 0.55625 0.028125 0.08046875
0 0.328125 0.5328125 0.03203125 0.0921875
0 0.46796875 0.55390625 0.02421875 0.05859375
0 0.49140625 0.54296875 0.025 0.0484375
0 0.51953125 0.528125 0.02734375 0.0484375
0 0.5796875 0.65703125 0.03125 0.08515625
0 0.60859375 0.6390625 0.028125 0.09375
0 0.63671875 0.628125 0.02890625 0.0921875
0 0.5765625 0.51328125 0.021875 0.04140625
0 0.6140625 0.49765625 0.0265625 0.02890625
0 0.63671875 0.4875 0.021875 0.0328125
0 0.5640625 0.409375 0.025 0.04140625
0 0.58359375 0.4015625 0.01953125 0.04453125
0 0.55625 0.39609375 0.02265625 0.071875
0 0.7671875 0.61171875 0.028125 0.05859375
0 0.98359375 0.48203125 0.02421875 0.0578125
0 0.21171875 0.4703125 0.02890625 0.0890625
0 0.2609375 0.4671875 0.02421875 0.078125
0 0.2796875 0.4703125 0.02578125 0.08515625
0 0.26796875 0.34140625 0.03125 0.09296875
0 0.234375 0.31171875 0.0265625 0.08671875
0 0.428125 0.3125 0.02109375 0.0734375
0 0.4484375 0.3203125 0.034375 0.075
0 0.475 0.33828125 0.0296875 0.05
0 0.43671875 0.28359375 0.01484375 0.0265625
0 0.3265625 0.21640625 0.02109375 0.078125
0 0.29375 0.2171875 0.02265625 0.078125
0 0.22265625 0.20859375 0.02578125 0.071875
0 0.18203125 0.2109375 0.02578125 0.071875
0 0.28984375 0.0640625 0.025 0.075
0 0.2796875 0.05859375 0.01484375 0.06640625
0 0.31953125 0.046875 0.02265625 0.075
0 0.34921875 0.05078125 0.0140625 0.0609375
0 0.3625 0.04140625 0.01171875 0.0703125
0 0.39140625 0.0328125 0.0171875 0.065625
0 0.29375 0.025 0.01015625 0.04140625
0 0.340625 0.02421875 0.0171875 0.0484375
0 0.353125 0.0234375 0.0171875 0.046875
0 0.3 0.03046875 0.01484375 0.0609375
0 0.28125 0.0125 0.0125 0.025
0 0.13671875 0.03984375 0.01953125 0.06484375
0 0.10078125 0.04375 0.025 0.075
0 0.08359375 0.0546875 0.01484375 0.04296875
0 0.11015625 0.2390625 0.0234375 0.07890625
0 0.08125 0.21875 0.02265625 0.06953125
0 0.05234375 0.3625 0.021875 0.08515625
0 0.04453125 0.11015625 0.01640625 0.075
0 0.00859375 0.3640625 0.01640625 0.0703125
0 0.0046875 0.15234375 0.009375 0.071875
0 0.66640625 0.37421875 0.02109375 0.028125
0 0.684375 0.36328125 0.01953125 0.0296875
0 0.82421875 0.2390625 0.02265625 0.04296875
0 0.8453125 0.2328125 0.021875 0.040625
0 0.8921875 0.21640625 0.02265625 0.02890625
0 0.9109375 0.20703125 0.01796875 0.028125
0 0.715625 0.35234375 0.01875 0.03515625