0 0.26640625 0.009375 0.009375 0.01796875
0 0.23125 0.1609375 0.00703125 0.01953125
0 0.2265625 0.16171875 0.00625 0.02109375
0 0.20546875 0.16484375 0.00859375 0.021875
0 0.73046875 0.17265625 0.0078125 0.025
0 0.2859375 0.18125 0.0109375 0.0234375
0 0.29921875 0.1859375 0.00625 0.01796875
0 0.18828125 0.23203125 0.00625 0.0234375
0 0.1953125 0.23359375 0.00625 0.025
0 0.3453125 0.0171875 0.0046875 0.0171875
0 0.3359375 0.01875 0.00625 0.01953125
0 0.35078125 0.01875 0.0046875 0.01171875
0 0.2578125 0.01953125 0.00859375 0.02109375
0 0.17265625 0.3421875 0.00859375 0.02734375
0 0.2421875 0.3625 0.00859375 0.021875
0 0.16015625 0.365625 0.0078125 0.02734375
0 0.3046875 0.02578125 0.0078125 0.02109375
0 0.2515625 0.36953125 0.00546875 0.015625
0 0.15078125 0.3765625 0.00859375 0.0234375
0 0.24921875 0.503125 0.0078125 0.0140625
0 0.309375 0.50625 0.0078125 0.02578125
0 0.34765625 0.04296875 0.00703125 0.01796875
0 0.28671875 0.54609375 0.01015625 0.0296875
0 0.20546875 0.5609375 0.0078125 0.01796875
0 0.2109375 0.56171875 0.0046875 0.0171875
0 0.215625 0.5765625 0.00390625 0.01953125
0 0.20625 0.58203125 0.0078125 0.02109375
0 0.22265625 0.584375 0.00859375 0.02109375
0 0.19765625 0.59375 0.00625 0.01796875
0 0.19140625 0.603125 0.00703125 0.021875
0 0.1796875 0.60390625 0.00703125 0.01796875
0 0.2015625 0.6890625 0.01171875 0.025
0 0.37109375 0.0625 0.00625 0.01796875
0 0.20625 0.72578125 0.01015625 0.02734375
0 0.19609375 0.7265625 0.00859375 0.02109375
0 0.19453125 0.765625 0.0109375 0.03125
0 0.1828125 0.77734375 0.00859375 0.02890625
0 0.1828125 0.81796875 0.01015625 0.02890625
0 0.040625 0.8234375 0.01640625 0.02734375
0 0.15625 0.83515625 0.01171875 0.025
0 0.26640625 0.09140625 0.0078125 0.02109375
0 0.25390625 0.096875 0.0078125 0.021875