0 0.73828125 0.97109375 0.03671875 0.0578125
0 0.87421875 0.69375 0.040625 0.11875
0 0.921875 0.803125 0.03671875 0.11875
0 0.85 0.46875 0.02265625 0.07109375
0 0.865625 0.48671875 0.034375 0.0953125
0 0.89375 0.50625 0.03203125 0.11015625
0 0.9 0.33203125 0.03046875 0.1
0 0.87734375 0.3109375 0.028125 0.09375
0 0.934375 0.2453125 0.03515625 0.10625
0 0.8796875 0.20234375 0.0359375 0.09375
0 0.8578125 0.1171875 0.0296875 0.115625
0 0.73046875 0.24921875 0.040625 0.1
0 0.6296875 0.18203125 0.02734375 0.121875
0 0.56171875 0.16328125 0.02421875 0.121875
0 0.49609375 0.02890625 0.028125 0.0578125
0 0.328125 0.06484375 0.0296875 0.1046875
0 0.31015625 0.05078125 0.0234375 0.10078125
0 0.2703125 0.03046875 0.025 0.0609375
0 0.21328125 0.0234375 0.03359375 0.046875
0 0.1609375 0.23515625 0.02265625 0.09921875
0 0.16953125 0.26953125 0.02109375 0.09296875
0 0.19296875 0.271875 0.040625 0.10234375
0 0.27421875 0.22578125 0.03828125 0.1
0 0.275 0.11875 0.03046875 0.1
0 0.22578125 0.109375 0.034375 0.07890625
0 0.25078125 0.10703125 0.02734375 0.09765625
0 0.43515625 0.803125 0.0359375 0.11875
0 0.440625 0.7171875 0.03984375 0.08515625
0 0.43125 0.6796875 0.03046875 0.09375
0 0.0359375 0.646875 0.034375 0.084375
0 0.06875 0.67265625 0.0453125 0.11875
0 0.01875 0.50859375 0.03671875 0.1109375
0 0.04609375 0.246875 0.03359375 0.10703125
0 0.975 0.3484375 0.03515625 0.09296875
0 0.99140625 0.35546875 0.0171875 0.0890625