0 0.5515625 0.80234375 0.03515625 0.03125
0 0.33828125 0.0625 0.02109375 0.04375
0 0.525 0.83359375 0.01484375 0.03046875
0 0.53828125 0.071875 0.01484375 0.04453125
0 0.675 0.95078125 0.02421875 0.03515625
0 0.67578125 0.9859375 0.01953125 0.028125
0 0.36640625 0.096875 0.01953125 0.04453125
0 0.41796875 0.10703125 0.02109375 0.03125
0 0.82734375 0.115625 0.03359375 0.0359375
0 0.35390625 0.21328125 0.02265625 0.04375
0 0.371875 0.01484375 0.01875 0.0296875
0 0.3296875 0.28515625 0.01484375 0.0296875
0 0.55546875 0.36484375 0.01640625 0.02890625
0 0.57109375 0.40625 0.01953125 0.03046875
0 0.34296875 0.521875 0.0234375 0.02578125