0 0.4140625 0.88359375 0.01640625 0.0609375
0 0.13359375 0.58046875 0.015625 0.04765625
0 0.36328125 0.60625 0.0125 0.046875
0 0.3578125 0.53203125 0.0171875 0.05078125
0 0.33671875 0.409375 0.009375 0.046875
0 0.47578125 0.37890625 0.0140625 0.0421875
0 0.30625 0.23359375 0.0078125 0.0375
0 0.359375 0.14609375 0.0109375 0.03515625
0 0.45703125 0.19765625 0.00703125 0.0375
0 0.434375 0.09765625 0.00625 0.0328125
0 0.3390625 0.03125 0.0078125 0.03046875
0 0.54765625 0.03671875 0.0078125 0.02734375
0 0.5140625 0.0453125 0.009375 0.02890625
0 0.50234375 0.03125 0.0078125 0.03125
0 0.80078125 0.3109375 0.009375 0.0359375
0 0.73359375 0.240625 0.01015625 0.034375
0 0.69296875 0.13671875 0.0109375 0.02578125
0 0.70625 0.04375 0.00625 0.0234375
0 0.5328125 0.5359375 0.0109375 0.04296875
0 0.92265625 0.44375 0.015625 0.046875
0 0.034375 0.2578125 0.0125 0.040625
0 0.00625 0.38828125 0.0125 0.0421875
0 0.24765625 0.1046875 0.0109375 0.0359375