0 0.5546875 0.7125 0.0125 0.05625
0 0.83515625 0.4375 0.015625 0.03828125
0 0.8046875 0.33984375 0.0109375 0.03984375
0 0.759375 0.22109375 0.009375 0.03359375
0 0.5578125 0.0875 0.009375 0.03671875
0 0.5328125 0.09375 0.009375 0.0328125
0 0.4625 0.15625 0.0078125 0.034375
0 0.4828125 0.275 0.00703125 0.04921875
0 0.4703125 0.5125 0.01171875 0.04609375
0 0.353125 0.7984375 0.015625 0.046875
0 0.36875 0.69375 0.01484375 0.05625
0 0.3375 0.53671875 0.01171875 0.04921875
0 0.325 0.315625 0.01328125 0.040625
0 0.3578125 0.2 0.0109375 0.03671875
0 0.2734375 0.1609375 0.009375 0.0375
0 0.090625 0.7453125 0.01796875 0.05546875
0 0.03125 0.334375 0.0140625 0.0421875
0 0.36328125 0.0796875 0.009375 0.0359375
0 0.75859375 0.10390625 0.01171875 0.03359375