0 0.5859375 0.6703125 0.0203125 0.034375
0 0.7703125 0.69296875 0.02265625 0.02890625
0 0.97578125 0.71328125 0.0453125 0.021875
0 0.89921875 0.7375 0.0421875 0.034375
0 0.9734375 0.74140625 0.03828125 0.0203125
0 0.734375 0.77734375 0.02421875 0.03125
0 0.70390625 0.7890625 0.021875 0.03203125
0 0.928125 0.79296875 0.04453125 0.025
0 0.87890625 0.8171875 0.03671875 0.0203125
0 0.72890625 0.8453125 0.034375 0.021875
0 0.325 0.1046875 0.01796875 0.040625
0 0.80546875 0.13046875 0.01875 0.0421875
0 0.26484375 0.26171875 0.02109375 0.034375
0 0.25390625 0.26875 0.0171875 0.03125
0 0.234375 0.27890625 0.021875 0.03828125
0 0.759375 0.28828125 0.02265625 0.04140625
0 0.10859375 0.3 0.01640625 0.03828125
0 0.77265625 0.3296875 0.025 0.0390625
0 0.7828125 0.35625 0.02109375 0.034375
0 0.4578125 0.371875 0.01484375 0.0390625
0 0.140625 0.37265625 0.0296875 0.04296875
0 0.16484375 0.37421875 0.03125 0.03359375
0 0.7625 0.378125 0.02421875 0.0296875
0 0.1625 0.3890625 0.03984375 0.0390625
0 0.16484375 0.4234375 0.02421875 0.0296875
0 0.15234375 0.4265625 0.01640625 0.01640625
0 0.48359375 0.4390625 0.01875 0.0296875
0 0.8359375 0.446875 0.015625 0.02109375
0 0.1703125 0.4484375 0.025 0.0296875
0 0.08671875 0.47421875 0.03359375 0.0296875
0 0.090625 0.51796875 0.0328125 0.02734375
0 0.0765625 0.54140625 0.02734375 0.03359375
0 0.44765625 0.559375 0.01796875 0.0328125
0 0.48828125 0.61328125 0.0140625 0.02890625
0 0.5421875 0.62265625 0.0140625 0.02890625
0 0.88828125 0.634375 0.040625 0.03046875
0 0.7375 0.64765625 0.0296875 0.021875
0 0.91875 0.6484375 0.03828125 0.0203125
0 0.521875 0.6546875 0.0140625 0.02109375