0 0.79921875 0.9578125 0.03515625 0.08203125
0 0.690625 0.97890625 0.03671875 0.040625
0 0.4953125 0.97265625 0.03203125 0.053125
0 0.8375 0.6890625 0.03359375 0.08046875
0 0.7921875 0.596875 0.0375 0.09609375
0 0.7453125 0.5609375 0.02890625 0.10078125
0 0.97890625 0.7765625 0.03984375 0.09453125
0 0.9078125 0.696875 0.03828125 0.10078125
0 0.92578125 0.70859375 0.028125 0.075
0 0.94296875 0.61953125 0.04140625 0.0984375
0 0.896875 0.571875 0.0359375 0.08359375
0 0.928125 0.54921875 0.03203125 0.08984375
0 0.97734375 0.47734375 0.03828125 0.09375
0 0.884375 0.37890625 0.03125 0.10390625
0 0.91015625 0.37421875 0.02890625 0.090625
0 0.91796875 0.43203125 0.03125 0.08984375
0 0.9578125 0.35078125 0.0328125 0.09921875
0 0.48359375 0.196875 0.02734375 0.10390625
0 0.4671875 0.18203125 0.02734375 0.08515625
0 0.4171875 0.13828125 0.03203125 0.096875
0 0.37890625 0.06875 0.02578125 0.08125
0 0.3015625 0.22890625 0.02890625 0.1140625
0 0.25078125 0.3328125 0.040625 0.10078125
0 0.2671875 0.16640625 0.03125 0.084375
0 0.25859375 0.0984375 0.02109375 0.09140625
0 0.2765625 0.10859375 0.02265625 0.08828125
0 0.16640625 0.359375 0.03203125 0.09609375
0 0.16640625 0.503125 0.04296875 0.0984375
0 0.1140625 0.55078125 0.03203125 0.0953125
0 0.1859375 0.06796875 0.03046875 0.1046875
0 0.01015625 0.5484375 0.0203125 0.09375