0 0.7 0.18046875 0.009375 0.0265625
0 0.2953125 0.20234375 0.00859375 0.03203125
0 0.3 0.2109375 0.00625 0.025
0 0.50625 0.29296875 0.00703125 0.028125
0 0.496875 0.30234375 0.009375 0.02265625
0 0.65390625 0.31015625 0.00703125 0.03203125
0 0.6109375 0.36015625 0.00859375 0.02890625
0 0.2640625 0.40546875 0.009375 0.0265625
0 0.5453125 0.42578125 0.0078125 0.02421875
0 0.5171875 0.44375 0.00859375 0.0265625
0 0.390625 0.45546875 0.00859375 0.025
0 0.4984375 0.45546875 0.00703125 0.02265625
0 0.50234375 0.46484375 0.00703125 0.028125
0 0.28359375 0.4671875 0.009375 0.03046875
0 0.51328125 0.4765625 0.00703125 0.02421875
0 0.5109375 0.49609375 0.00703125 0.028125
0 0.51875 0.50078125 0.00703125 0.02421875
0 0.37421875 0.50625 0.00625 0.0203125
0 0.51171875 0.5328125 0.00625 0.025
0 0.44609375 0.53515625 0.00390625 0.021875
0 0.44140625 0.53828125 0.00703125 0.02265625
0 0.30703125 0.5453125 0.00703125 0.02421875
0 0.38984375 0.546875 0.00859375 0.025
0 0.43984375 0.5515625 0.00859375 0.02421875
0 0.43828125 0.5765625 0.009375 0.021875
0 0.35390625 0.57734375 0.00859375 0.02265625
0 0.415625 0.60390625 0.01015625 0.0203125
0 0.2328125 0.06953125 0.0078125 0.02421875
0 0.20078125 0.84765625 0.00859375 0.02265625
0 0.21171875 0.85 0.0125 0.01875
0 0.29765625 0.121875 0.0109375 0.028125