0 0.4078125 0.15078125 0.00859375 0.0203125
0 0.421875 0.1546875 0.00859375 0.02265625
0 0.4125 0.1671875 0.00859375 0.0203125
0 0.459375 0.2640625 0.0046875 0.025
0 0.5 0.265625 0.0078125 0.03203125
0 0.49765625 0.284375 0.0078125 0.04296875
0 0.496875 0.4546875 0.009375 0.03671875
0 0.48359375 0.45859375 0.009375 0.0390625
0 0.484375 0.46484375 0.0078125 0.0265625
0 0.49921875 0.48046875 0.00859375 0.03203125
0 0.4828125 0.484375 0.009375 0.0390625
0 0.49765625 0.496875 0.00859375 0.02890625
0 0.4984375 0.51640625 0.01171875 0.040625
0 0.2515625 0.059375 0.00703125 0.03515625
0 0.25859375 0.06171875 0.009375 0.034375
0 0.496875 0.6109375 0.0109375 0.0390625
0 0.39609375 0.6421875 0.01171875 0.040625
0 0.38359375 0.65390625 0.01328125 0.03671875
0 0.35234375 0.709375 0.01015625 0.0328125
0 0.35859375 0.71484375 0.01328125 0.03671875
0 0.14296875 0.76796875 0.01875 0.03828125
0 0.1390625 0.78515625 0.01953125 0.040625
0 0.47265625 0.09609375 0.009375 0.03828125
0 0.465625 0.096875 0.00625 0.03671875
0 0.378125 0.01171875 0.00703125 0.02265625