0 0.48984375 0.178125 0.00703125 0.02734375
0 0.484375 0.17890625 0.0078125 0.028125
0 0.4421875 0.1796875 0.00859375 0.0296875
0 0.434375 0.184375 0.0078125 0.03125
0 0.6828125 0.2859375 0.0078125 0.0296875
0 0.69140625 0.2921875 0.00703125 0.0296875
0 0.69765625 0.49609375 0.01015625 0.028125
0 0.51640625 0.02578125 0.00859375 0.028125
0 0.6765625 0.75390625 0.01015625 0.01953125
0 0.67734375 0.796875 0.009375 0.02265625
0 0.70234375 0.796875 0.01015625 0.02578125
0 0.67421875 0.825 0.00859375 0.0171875
0 0.6875 0.83984375 0.0109375 0.02734375
0 0.709375 0.04609375 0.0078125 0.02734375
0 0.68203125 0.98828125 0.01171875 0.01953125
0 0.715625 0.05 0.00625 0.03125
0 0.490625 0.08046875 0.009375 0.0296875