0 0.8265625 0.9515625 0.0375 0.096875
0 0.88984375 0.778125 0.0328125 0.0953125
0 0.8625 0.74375 0.040625 0.10390625
0 0.82421875 0.74765625 0.03359375 0.09765625
0 0.8015625 0.73359375 0.02890625 0.09609375
0 0.7765625 0.70234375 0.03671875 0.10234375
0 0.9390625 0.475 0.0265625 0.10234375
0 0.90703125 0.246875 0.0234375 0.0546875
0 0.87890625 0.184375 0.02734375 0.0875
0 0.603125 0.20546875 0.02734375 0.08984375
0 0.6171875 0.353125 0.0296875 0.08828125
0 0.5015625 0.30703125 0.0375 0.09765625
0 0.41640625 0.3625 0.02890625 0.0921875
0 0.43671875 0.1671875 0.02421875 0.10859375
0 0.33046875 0.10234375 0.03359375 0.096875
0 0.62109375 0.80859375 0.02890625 0.09921875
0 0.61328125 0.5140625 0.03671875 0.0921875
0 0.98359375 0.0765625 0.03203125 0.09921875