0 0.03046875 0.01796875 0.01484375 0.01953125
0 0.01953125 0.03671875 0.01171875 0.021875
0 0.01328125 0.2859375 0.01484375 0.01953125
0 0.62109375 0.5484375 0.01171875 0.0296875
0 0.43515625 0.58828125 0.0109375 0.02421875
0 0.421875 0.5984375 0.01015625 0.01953125
0 0.4171875 0.53984375 0.01640625 0.02578125
0 0.8859375 0.15078125 0.0171875 0.02890625
0 0.78828125 0.1890625 0.015625 0.03046875
0 0.91171875 0.16796875 0.01484375 0.03359375
0 0.8484375 0.2703125 0.02265625 0.03359375
0 0.19453125 0.4109375 0.01640625 0.03203125