0 0.0046875 0.15859375 0.009375 0.0140625
0 0.05703125 0.16640625 0.015625 0.01015625
0 0.0796875 0.20390625 0.01328125 0.01171875
0 0.1828125 0.2140625 0.01015625 0.01796875
0 0.190625 0.21484375 0.01015625 0.0203125
0 0.06796875 0.25078125 0.01328125 0.01640625
0 0.05703125 0.27421875 0.01328125 0.0140625
0 0.165625 0.275 0.01015625 0.0140625
0 0.0453125 0.278125 0.0125 0.01015625
0 0.08125 0.28203125 0.0109375 0.01796875
0 0.16015625 0.28203125 0.0109375 0.01796875
0 0.04921875 0.28671875 0.0125 0.01171875
0 0.16171875 0.40078125 0.01171875 0.01796875
0 0.1359375 0.41328125 0.0125 0.0140625
0 0.66796875 0.434375 0.01015625 0.01015625
0 0.63125 0.45078125 0.01015625 0.01015625
0 0.64375 0.4609375 0.009375 0.015625
0 0.59921875 0.47109375 0.0078125 0.01953125
0 0.6203125 0.47890625 0.009375 0.01328125
0 0.02578125 0.54296875 0.009375 0.0125
0 0.33671875 0.76796875 0.009375 0.01015625
0 0.3125 0.8703125 0.009375 0.01328125