0 0.28359375 0.1328125 0.0140625 0.03203125
0 0.2296875 0.14375 0.01328125 0.03203125
0 0.28359375 0.16484375 0.009375 0.0359375
0 0.29765625 0.171875 0.01015625 0.03515625
0 0.29609375 0.17421875 0.00625 0.021875
0 0.28828125 0.01328125 0.0109375 0.02578125
0 0.3015625 0.21953125 0.01171875 0.02890625
0 0.2453125 0.2328125 0.01484375 0.03203125
0 0.303125 0.24140625 0.01015625 0.03125
0 0.309375 0.28984375 0.01171875 0.0359375
0 0.190625 0.33828125 0.015625 0.0296875
0 0.2015625 0.028125 0.01328125 0.03125
0 0.1734375 0.36171875 0.01484375 0.0359375
0 0.30625 0.3703125 0.0125 0.03203125
0 0.1921875 0.371875 0.01796875 0.0328125
0 0.20859375 0.03125 0.00859375 0.0171875
0 0.32421875 0.51953125 0.01171875 0.02109375
0 0.22734375 0.61484375 0.01640625 0.0328125
0 0.20859375 0.06015625 0.01484375 0.0296875
0 0.25390625 0.74296875 0.0203125 0.02421875
0 0.2421875 0.75625 0.01796875 0.02265625
0 0.35 0.77890625 0.0171875 0.02421875