0 0.7953125 0.0703125 0.01328125 0.015625
0 0.665625 0.05390625 0.01171875 0.01953125
0 0.265625 0.43984375 0.01328125 0.01328125
0 0.2109375 0.28046875 0.01328125 0.0140625
0 0.1640625 0.08984375 0.0125 0.01796875
0 0.1515625 0.0828125 0.01328125 0.01796875
0 0.00390625 0.3859375 0.0078125 0.0125
0 0.00390625 0.375 0.0078125 0.015625
0 0.05 0.109375 0.01171875 0.01171875
0 0.02890625 0.18203125 0.0203125 0.01953125
0 0.009375 0.203125 0.01796875 0.01796875
0 0.01484375 0.2140625 0.0125 0.0109375
0 0.04453125 0.19609375 0.01953125 0.015625
0 0.025 0.1375 0.0140625 0.0171875
0 0.03203125 0.146875 0.009375 0.009375
0 0.3125 0.05703125 0.01328125 0.02265625