0 0.46953125 0.20859375 0.00625 0.02421875
0 0.4640625 0.209375 0.00703125 0.025
0 0.4265625 0.21015625 0.0078125 0.0265625
0 0.4203125 0.21484375 0.00703125 0.028125
0 0.6421875 0.30546875 0.00703125 0.0265625
0 0.65 0.31015625 0.00625 0.0265625
0 0.65546875 0.4921875 0.009375 0.025
0 0.49296875 0.07265625 0.0078125 0.025
0 0.63671875 0.7234375 0.009375 0.01796875
0 0.6375 0.76171875 0.00859375 0.0203125
0 0.659375 0.76171875 0.009375 0.02265625
0 0.634375 0.78671875 0.0078125 0.01484375
0 0.64609375 0.8 0.01015625 0.02421875
0 0.665625 0.090625 0.00703125 0.02421875
0 0.64140625 0.9328125 0.0109375 0.01796875
0 0.67109375 0.09375 0.00546875 0.028125
0 0.4703125 0.12109375 0.00859375 0.0265625