0 0.965625 0.31640625 0.01796875 0.01953125
0 0.96484375 0.328125 0.02109375 0.01640625
0 0.6296875 0.37890625 0.009375 0.01796875
0 0.58203125 0.634375 0.01015625 0.01953125
0 0.65546875 0.7171875 0.01015625 0.01640625
0 0.696875 0.71875 0.01171875 0.01953125
0 0.75 0.72578125 0.01328125 0.0140625
0 0.71953125 0.740625 0.015625 0.0203125
0 0.68984375 0.759375 0.009375 0.01796875
0 0.6203125 0.7625 0.009375 0.0203125
0 0.13203125 0.7671875 0.01640625 0.0140625
0 0.73671875 0.76953125 0.01171875 0.0234375
0 0.7578125 0.77109375 0.01484375 0.01640625
0 0.6765625 0.77265625 0.01171875 0.01953125
0 0.12578125 0.7890625 0.01171875 0.0140625
0 0.3203125 0.79296875 0.009375 0.01953125
0 0.4453125 0.80546875 0.0109375 0.0203125
0 0.45546875 0.825 0.0078125 0.021875
0 0.43671875 0.83046875 0.00859375 0.01953125
0 0.61328125 0.8890625 0.0109375 0.028125
0 0.59609375 0.98359375 0.0109375 0.0234375