0 0.71953125 0.68515625 0.04375 0.04765625
0 0.8203125 0.7125 0.03671875 0.04453125
0 0.6671875 0.77578125 0.0234375 0.034375
0 0.62890625 0.7890625 0.03671875 0.05625
0 0.30859375 0.84296875 0.028125 0.03203125
0 0.7359375 0.85546875 0.03515625 0.0640625
0 0.64375 0.88515625 0.01640625 0.03359375
0 0.72421875 0.94140625 0.04296875 0.046875
0 0.73125 0.97734375 0.04453125 0.0453125
0 0.853125 0.9859375 0.0515625 0.028125
0 0.5765625 0.1 0.02578125 0.07734375
0 0.64140625 0.14453125 0.02578125 0.071875
0 0.42578125 0.15859375 0.0328125 0.06875
0 0.378125 0.1703125 0.02890625 0.08359375
0 0.61953125 0.17421875 0.02890625 0.071875
0 0.52734375 0.20546875 0.01328125 0.040625
0 0.51953125 0.21953125 0.0171875 0.071875
0 0.60390625 0.02265625 0.02265625 0.0453125
0 0.7390625 0.25078125 0.0265625 0.05859375
0 0.61953125 0.25234375 0.01953125 0.08515625
0 0.64375 0.25234375 0.02265625 0.06796875
0 0.66328125 0.25859375 0.02578125 0.08671875
0 0.59375 0.27734375 0.02421875 0.06640625
0 0.5453125 0.28125 0.02421875 0.08046875
0 0.58125 0.3140625 0.02265625 0.06640625
0 0.62265625 0.3328125 0.028125 0.0640625
0 0.6890625 0.41796875 0.03984375 0.05390625
0 0.5421875 0.4296875 0.02265625 0.0625
0 0.77578125 0.43671875 0.0359375 0.0515625
0 0.38828125 0.43984375 0.02734375 0.05078125
0 0.428125 0.04453125 0.02109375 0.07734375
0 0.66875 0.46484375 0.02109375 0.03984375
0 0.5828125 0.47578125 0.02734375 0.05390625
0 0.69375 0.48125 0.03359375 0.04375
0 0.79140625 0.67890625 0.03515625 0.05546875