0 0.54140625 0.1203125 0.01640625 0.046875
0 0.509375 0.040625 0.01875 0.06015625
0 0.46484375 0.02421875 0.01640625 0.0484375
0 0.4546875 0.01875 0.009375 0.0375
0 0.4484375 0.0375 0.01640625 0.06171875
0 0.44453125 0.0609375 0.01328125 0.0578125
0 0.6828125 0.02421875 0.015625 0.04765625
0 0.7125 0.09296875 0.01875 0.06328125
0 0.50703125 0.3109375 0.025 0.0609375
0 0.4765625 0.38828125 0.021875 0.0609375
0 0.71875 0.52265625 0.03203125 0.065625
0 0.81015625 0.41484375 0.040625 0.06015625
0 0.81875 0.44296875 0.04453125 0.05703125
0 0.83515625 0.4171875 0.02734375 0.04296875
0 0.775 0.553125 0.04140625 0.0609375
0 0.721875 0.6046875 0.0203125 0.0328125
0 0.68203125 0.62734375 0.03671875 0.05703125
0 0.6359375 0.621875 0.03359375 0.0640625
0 0.54140625 0.67265625 0.02734375 0.05234375
0 0.56953125 0.6578125 0.02734375 0.04609375
0 0.6296875 0.69453125 0.03046875 0.06328125
0 0.59921875 0.68359375 0.0296875 0.0515625
0 0.5390625 0.81171875 0.02734375 0.053125
0 0.45078125 0.88359375 0.028125 0.03515625
0 0.459375 0.94140625 0.03984375 0.0390625
0 0.534375 0.86171875 0.02109375 0.05078125
0 0.546875 0.87734375 0.02578125 0.03359375
0 0.5484375 0.88671875 0.02421875 0.04296875
0 0.5875 0.8515625 0.03046875 0.04296875
0 0.58125 0.90546875 0.0359375 0.04375
0 0.61171875 0.94296875 0.03203125 0.05859375
0 0.75078125 0.809375 0.04765625 0.04609375
0 0.66953125 0.965625 0.0421875 0.06640625
0 0.44375 0.6421875 0.02578125 0.0578125
0 0.38359375 0.646875 0.03046875 0.04765625
0 0.36484375 0.70703125 0.02578125 0.0453125