0 0.3703125 0.49609375 0.01484375 0.03359375
0 0.39609375 0.5875 0.01328125 0.03828125
0 0.2796875 0.63671875 0.01796875 0.01953125
0 0.30078125 0.55703125 0.015625 0.03359375
0 0.175 0.70703125 0.01484375 0.05390625
0 0.21015625 0.69140625 0.03359375 0.02421875
0 0.21015625 0.7265625 0.02265625 0.0234375
0 0.2078125 0.76171875 0.01640625 0.01875
0 0.1984375 0.5375 0.02421875 0.03203125
0 0.1859375 0.578125 0.01796875 0.03828125
0 0.2015625 0.66171875 0.0140625 0.0234375
0 0.26875 0.6015625 0.01796875 0.03203125
0 0.26015625 0.5515625 0.0140625 0.025
0 0.23359375 0.6546875 0.01171875 0.0203125
0 0.978125 0.01875 0.028125 0.0375
0 0.965625 0.01484375 0.015625 0.0296875
0 0.87578125 0.96640625 0.0140625 0.0484375
0 0.86640625 0.9578125 0.00703125 0.03203125
0 0.21015625 0.63203125 0.01484375 0.01796875