0 0.90390625 0.06875 0.04375 0.09375
0 0.79765625 0.134375 0.040625 0.084375
0 0.94765625 0.14296875 0.03828125 0.0890625
0 0.84140625 0.20234375 0.040625 0.09140625
0 0.9046875 0.4671875 0.0625 0.06796875
0 0.61640625 0.47734375 0.03359375 0.06796875
0 0.91015625 0.5328125 0.03984375 0.06171875
0 0.628125 0.64921875 0.0375 0.0578125
0 0.64921875 0.69375 0.04375 0.06484375
0 0.96953125 0.721875 0.06015625 0.0703125
0 0.5921875 0.765625 0.0359375 0.07734375
0 0.9828125 0.76640625 0.034375 0.0609375