0 0.24765625 0.1359375 0.0125 0.01953125
0 0.20859375 0.1625 0.01015625 0.015625
0 0.10546875 0.21171875 0.01328125 0.02265625
0 0.22265625 0.215625 0.01484375 0.0203125
0 0.37109375 0.2703125 0.01171875 0.01328125
0 0.46953125 0.27109375 0.00859375 0.0171875
0 0.36328125 0.0265625 0.00625 0.0203125
0 0.46640625 0.30390625 0.009375 0.01640625
0 0.6328125 0.31015625 0.0078125 0.01875
0 0.6203125 0.31640625 0.01015625 0.009375
0 0.62421875 0.32890625 0.009375 0.01328125
0 0.6265625 0.33828125 0.0109375 0.0125
0 0.621875 0.34765625 0.0109375 0.0125
0 0.4203125 0.35859375 0.0109375 0.01953125
0 0.4171875 0.034375 0.00859375 0.02109375