0 0.94453125 0.6015625 0.0203125 0.04609375
0 0.9484375 0.47265625 0.02265625 0.0421875
0 0.9140625 0.3125 0.01484375 0.04140625
0 0.87734375 0.1578125 0.0125 0.04140625
0 0.6125 0.11953125 0.01015625 0.0390625
0 0.6671875 0.12734375 0.0109375 0.04296875
0 0.68203125 0.11875 0.00859375 0.0390625
0 0.55234375 0.36015625 0.01015625 0.05546875
0 0.534375 0.2046875 0.00859375 0.040625
0 0.60859375 0.92890625 0.02890625 0.06484375
0 0.52421875 0.6859375 0.015625 0.05546875
0 0.42265625 0.91171875 0.02421875 0.065625
0 0.3671875 0.703125 0.0125 0.05859375
0 0.0484375 0.96171875 0.02578125 0.06484375
0 0.38671875 0.3953125 0.0125 0.04609375
0 0.40859375 0.253125 0.01484375 0.0421875
0 0.31328125 0.1984375 0.01015625 0.0421875
0 0.41953125 0.10078125 0.0125 0.040625
0 0.02421875 0.40859375 0.015625 0.04296875
0 0.1609375 0.00546875 0.01328125 0.0109375
0 0.5453125 0.0046875 0.00859375 0.009375