0 0.96796875 0.45390625 0.03125 0.0984375
0 0.99375 0.46015625 0.0125 0.1015625
0 0.925 0.3515625 0.03671875 0.09453125
0 0.89609375 0.2875 0.0359375 0.11484375
0 0.9890625 0.32265625 0.021875 0.09921875
0 0.99140625 0.2 0.0171875 0.103125
0 0.9953125 0.1203125 0.009375 0.08125
0 0.95 0.10078125 0.034375 0.1015625
0 0.45625 0.06953125 0.03671875 0.10625
0 0.4625 0.02734375 0.0203125 0.05390625
0 0.62265625 0.03828125 0.025 0.0765625
0 0.609375 0.028125 0.01875 0.05625
0 0.5671875 0.02578125 0.0234375 0.05078125