0 0.04765625 0.240625 0.01796875 0.01328125
0 0.40078125 0.315625 0.01015625 0.01328125
0 0.0921875 0.3546875 0.01015625 0.021875
0 0.34296875 0.390625 0.01171875 0.015625
0 0.3125 0.46171875 0.0140625 0.0125
0 0.34140625 0.48125 0.01640625 0.0140625
0 0.2046875 0.49375 0.01640625 0.01015625
0 0.07421875 0.4984375 0.01484375 0.01796875
0 0.1578125 0.5640625 0.01484375 0.01640625
0 0.31171875 0.6125 0.01640625 0.0203125
0 0.20859375 0.61328125 0.01484375 0.01171875
0 0.1390625 0.6734375 0.0140625 0.01328125
0 0.4125 0.709375 0.01171875 0.01875
0 0.32265625 0.746875 0.01015625 0.0125
0 0.49140625 0.79140625 0.009375 0.015625