0 0.31328125 0.2890625 0.0078125 0.02265625
0 0.25546875 0.2984375 0.0078125 0.028125
0 0.2625 0.3796875 0.00859375 0.01875
0 0.715625 0.65390625 0.00703125 0.021875
0 0.75390625 0.66953125 0.0109375 0.021875
0 0.7625 0.6859375 0.00703125 0.02421875
0 0.65 0.70078125 0.00703125 0.021875
0 0.7515625 0.71953125 0.01015625 0.02265625
0 0.6625 0.7671875 0.00703125 0.021875
0 0.77734375 0.76953125 0.0125 0.01875
0 0.19140625 0.77109375 0.00703125 0.0265625
0 0.65546875 0.771875 0.00625 0.021875
0 0.196875 0.775 0.00859375 0.02265625
0 0.7921875 0.84609375 0.0078125 0.0265625
0 0.8046875 0.9109375 0.01171875 0.02265625
0 0.7109375 0.91171875 0.01015625 0.02890625