0 0.903125 0.4140625 0.01796875 0.04765625
0 0.79140625 0.2890625 0.01171875 0.03671875
0 0.71875 0.22265625 0.01015625 0.0375
0 0.6875 0.1203125 0.01015625 0.028125
0 0.53828125 0.02734375 0.00859375 0.03203125
0 0.50859375 0.0328125 0.00703125 0.03046875
0 0.48984375 0.01796875 0.0078125 0.0328125
0 0.44921875 0.18125 0.0078125 0.0375
0 0.42734375 0.08359375 0.00703125 0.03203125
0 0.35546875 0.13671875 0.0109375 0.03671875
0 0.303125 0.21171875 0.0078125 0.0359375
0 0.2375 0.0953125 0.0078125 0.0359375
0 0.33203125 0.02109375 0.0078125 0.03203125
0 0.5265625 0.50546875 0.01875 0.0453125
0 0.475 0.35390625 0.009375 0.04296875
0 0.3375 0.38515625 0.0109375 0.0421875
0 0.36015625 0.50390625 0.02265625 0.05234375
0 0.3625 0.57578125 0.01171875 0.04609375
0 0.13671875 0.55234375 0.01328125 0.04921875
0 0.41015625 0.85546875 0.01640625 0.0671875
0 0.0296875 0.24140625 0.01171875 0.040625
0 0.00859375 0.37109375 0.0171875 0.0421875