0 0.16015625 0.12421875 0.0203125 0.02578125
0 0.24609375 0.1234375 0.01171875 0.02578125
0 0.3484375 0.01015625 0.00625 0.0203125
0 0.34453125 0.071875 0.0109375 0.02734375
0 0.34921875 0.16484375 0.01015625 0.01640625
0 0.3421875 0.315625 0.0078125 0.02421875
0 0.3375 0.34765625 0.0125 0.02578125
0 0.4296875 0.225 0.01015625 0.028125
0 0.40390625 0.99375 0.01015625 0.01171875
0 0.38984375 0.97578125 0.01171875 0.02421875
0 0.37265625 0.97421875 0.0140625 0.01796875
0 0.42578125 0.91328125 0.01015625 0.02578125
0 0.45234375 0.903125 0.0140625 0.025
0 0.60078125 0.71875 0.0109375 0.0171875
0 0.72265625 0.6171875 0.0125 0.01875
0 0.6234375 0.25625 0.009375 0.0234375
0 0.63359375 0.25234375 0.00703125 0.028125
0 0.640625 0.1453125 0.01015625 0.0203125
0 0.653125 0.0453125 0.00859375 0.02734375
0 0.70390625 0.0140625 0.01015625 0.01640625
0 0.7890625 0.003125 0.009375 0.00625