0 0.5390625 0.12578125 0.00859375 0.025
0 0.4171875 0.0125 0.0078125 0.025
0 0.409375 0.190625 0.00703125 0.03046875
0 0.6671875 0.25 0.00703125 0.0359375
0 0.67421875 0.25 0.00859375 0.040625
0 0.45703125 0.28046875 0.009375 0.04375
0 0.4515625 0.28125 0.0078125 0.034375
0 0.69375 0.30546875 0.0171875 0.03046875
0 0.46171875 0.4375 0.009375 0.02734375
0 0.7203125 0.47890625 0.0078125 0.04453125
0 0.7265625 0.48359375 0.01328125 0.03828125
0 0.5296875 0.48984375 0.0109375 0.0171875
0 0.5234375 0.50234375 0.0078125 0.02109375
0 0.7046875 0.53125 0.01015625 0.025
0 0.46640625 0.5921875 0.01328125 0.0265625
0 0.47109375 0.62265625 0.01015625 0.0234375
0 0.7359375 0.63359375 0.01328125 0.03828125
0 0.75234375 0.684375 0.01328125 0.04375
0 0.459375 0.79453125 0.0203125 0.0328125
0 0.4625 0.80703125 0.0171875 0.0328125
0 0.53125 0.878125 0.01171875 0.03828125
0 0.4328125 0.94921875 0.01171875 0.04609375
0 0.4421875 0.95234375 0.01484375 0.04765625
0 0.5359375 0.12109375 0.00703125 0.02890625