0 0.07265625 0.75390625 0.04921875 0.1015625
0 0.01484375 0.68046875 0.0296875 0.0984375
0 0.15859375 0.4484375 0.03125 0.1
0 0.25390625 0.47890625 0.040625 0.10625
0 0.06015625 0.36953125 0.04140625 0.1171875
0 0.925 0.63359375 0.03828125 0.1171875
0 0.98515625 0.66171875 0.0296875 0.1203125
0 0.9859375 0.36015625 0.028125 0.08515625
0 0.83984375 0.04296875 0.0265625 0.0859375
0 0.884375 0.1234375 0.02890625 0.1
0 0.9078125 0.1203125 0.02421875 0.10703125
0 0.93046875 0.11640625 0.03125 0.10078125
0 0.378125 0.13046875 0.0359375 0.1171875
0 0.35234375 0.11015625 0.03359375 0.1109375
0 0.3421875 0.07578125 0.015625 0.0828125
0 0.34140625 0.02109375 0.0265625 0.0421875
0 0.21796875 0.06328125 0.0265625 0.09140625
0 0.2015625 0.1484375 0.0390625 0.1046875