0 0.85078125 0.225 0.01953125 0.065625
0 0.47109375 0.490625 0.01640625 0.025
0 0.13125 0.496875 0.03046875 0.06875
0 0.415625 0.496875 0.0140625 0.06875
0 0.4578125 0.50703125 0.01953125 0.0796875
0 0.89140625 0.509375 0.03359375 0.07265625
0 0.4671875 0.51796875 0.015625 0.02890625
0 0.48125 0.5265625 0.01484375 0.07109375
0 0.36328125 0.5296875 0.02109375 0.0875
0 0.528125 0.53515625 0.01640625 0.078125
0 0.5109375 0.53671875 0.01796875 0.07890625
0 0.49765625 0.53828125 0.01953125 0.08046875
0 0.40078125 0.5421875 0.01640625 0.05625
0 0.3453125 0.54765625 0.01796875 0.08828125
0 0.446875 0.55 0.01953125 0.084375
0 0.54453125 0.55546875 0.0125 0.04921875
0 0.46875 0.565625 0.02421875 0.0828125
0 0.54921875 0.565625 0.01484375 0.0796875
0 0.60859375 0.5796875 0.02421875 0.08984375
0 0.56953125 0.5828125 0.02265625 0.07734375
0 0.36171875 0.60625 0.02890625 0.07734375
0 0.6140625 0.63828125 0.025 0.06875
0 0.1359375 0.67890625 0.03046875 0.08125