0 0.98515625 0.9234375 0.02890625 0.11015625
0 0.94140625 0.775 0.04921875 0.1171875
0 0.9171875 0.60859375 0.0390625 0.10625
0 0.8921875 0.58671875 0.0453125 0.10703125
0 0.834375 0.975 0.034375 0.04921875
0 0.73046875 0.95703125 0.0375 0.0859375
0 0.53515625 0.94921875 0.0375 0.1015625
0 0.44765625 0.9640625 0.04140625 0.071875
0 0.47265625 0.5984375 0.0328125 0.09921875
0 0.33671875 0.62421875 0.04375 0.103125
0 0.12421875 0.7046875 0.03828125 0.11171875
0 0.21640625 0.64765625 0.0375 0.11953125
0 0.19296875 0.62578125 0.03671875 0.109375
0 0.234375 0.4234375 0.04296875 0.12265625
0 0.10859375 0.49765625 0.03125 0.09140625
0 0.0921875 0.46875 0.02578125 0.09296875
0 0.20234375 0.39296875 0.0390625 0.11328125
0 0.12421875 0.24296875 0.03515625 0.115625
0 0.14375 0.25859375 0.03046875 0.11015625
0 0.22734375 0.21484375 0.0390625 0.10546875
0 0.3453125 0.190625 0.03359375 0.11015625
0 0.32265625 0.1515625 0.03359375 0.10546875
0 0.22890625 0.05859375 0.021875 0.0953125
0 0.16953125 0.1484375 0.028125 0.11328125
0 0.325 0.0421875 0.0328125 0.084375
0 0.02890625 0.21484375 0.0484375 0.10859375
0 0.6578125 0.26328125 0.028125 0.1125
0 0.62421875 0.2375 0.02421875 0.11328125
0 0.903125 0.06953125 0.028125 0.0921875