0 0.51796875 0.7609375 0.01953125 0.04375
0 0.4890625 0.76484375 0.0359375 0.04140625
0 0.49609375 0.7796875 0.03828125 0.03828125
0 0.51171875 0.79296875 0.03984375 0.04140625
0 0.5828125 0.79921875 0.03046875 0.0375
0 0.0140625 0.02890625 0.02734375 0.0578125
0 0.32109375 0.02890625 0.03125 0.0578125
0 0.1125 0.05078125 0.03828125 0.07265625
0 0.1046875 0.07109375 0.03828125 0.07421875
0 0.1546875 0.15546875 0.0265625 0.06171875
0 0.36328125 0.18359375 0.034375 0.07265625
0 0.096875 0.18828125 0.0421875 0.07734375
0 0.3390625 0.22109375 0.03671875 0.071875
0 0.64609375 0.25546875 0.0296875 0.08671875
0 0.70546875 0.27109375 0.021875 0.0734375
0 0.62578125 0.2734375 0.02578125 0.07578125
0 0.5359375 0.29453125 0.02890625 0.08203125
0 0.53046875 0.32734375 0.021875 0.0734375
0 0.5890625 0.328125 0.0296875 0.071875
0 0.578125 0.3515625 0.02734375 0.08125
0 0.18203125 0.390625 0.034375 0.08046875
0 0.884375 0.4140625 0.02734375 0.06953125
0 0.13671875 0.4375 0.03125 0.0546875
0 0.85625 0.43828125 0.02421875 0.07109375
0 0.15234375 0.47734375 0.0421875 0.0734375
0 0.60546875 0.4859375 0.0203125 0.0359375
0 0.1296875 0.4859375 0.03125 0.0765625
0 0.5734375 0.48828125 0.02734375 0.08046875
0 0.63359375 0.49140625 0.03203125 0.06328125
0 0.040625 0.4921875 0.03671875 0.0890625
0 0.54453125 0.49296875 0.03984375 0.09375
0 0.10078125 0.009375 0.03671875 0.01875
0 0.05859375 0.50390625 0.03828125 0.09375
0 0.653125 0.51875 0.02890625 0.06015625
0 0.47109375 0.55078125 0.0453125 0.071875
0 0.26015625 0.55859375 0.03984375 0.08203125
0 0.02578125 0.565625 0.03828125 0.0890625
0 0.3796875 0.57109375 0.03984375 0.09453125
0 0.00859375 0.57109375 0.0171875 0.08203125
0 0.02421875 0.01328125 0.03125 0.02578125
0 0.36484375 0.59453125 0.0375 0.0921875
0 0.45234375 0.5953125 0.0484375 0.0703125
0 0.96484375 0.62265625 0.0328125 0.08125
0 0.8234375 0.6390625 0.021875 0.07265625
0 0.9546875 0.64609375 0.03125 0.08203125
0 0.8015625 0.65859375 0.03046875 0.07734375
0 0.43984375 0.66953125 0.04609375 0.03984375
0 0.34296875 0.021875 0.02578125 0.04296875
0 0.45 0.709375 0.059375 0.05234375