0 0.16640625 0.59453125 0.034375 0.06484375
0 0.1703125 0.51953125 0.03046875 0.05625
0 0.2125 0.49921875 0.02421875 0.0671875
0 0.23125 0.478125 0.02734375 0.0609375
0 0.2578125 0.47578125 0.03046875 0.0640625
0 0.2265625 0.65234375 0.03359375 0.059375
0 0.28203125 0.615625 0.02265625 0.053125
0 0.31015625 0.5265625 0.0328125 0.071875
0 0.3109375 0.48828125 0.0296875 0.053125
0 0.4234375 0.503125 0.04375 0.046875
0 0.51015625 0.5453125 0.02421875 0.0453125
0 0.6109375 0.378125 0.0359375 0.05703125