0 0.08125 0.15234375 0.0390625 0.034375
0 0.6578125 0.1890625 0.0203125 0.0390625
0 0.659375 0.27109375 0.01875 0.03203125
0 0.39453125 0.571875 0.0171875 0.0234375
0 0.371875 0.596875 0.0203125 0.0265625
0 0.8703125 0.865625 0.03984375 0.03203125
0 0.225 0.890625 0.03671875 0.03828125
0 0.25625 0.90078125 0.02421875 0.03515625
0 0.225 0.915625 0.0296875 0.028125
0 0.25859375 0.92890625 0.0234375 0.025
0 0.4265625 0.9375 0.021875 0.034375
0 0.21640625 0.95 0.01953125 0.02109375
0 0.259375 0.96171875 0.03984375 0.0328125