0 0.2046875 0.1078125 0.02734375 0.05078125
0 0.3625 0.2203125 0.02109375 0.03984375
0 0.38125 0.22421875 0.0234375 0.046875
0 0.0140625 0.23125 0.028125 0.025
0 0.0453125 0.30078125 0.04609375 0.021875
0 0.0484375 0.32109375 0.0515625 0.0265625
0 0.12734375 0.32109375 0.05390625 0.04296875
0 0.0578125 0.3484375 0.059375 0.025
0 0.39609375 0.3921875 0.0234375 0.0234375
0 0.41796875 0.3921875 0.01953125 0.02109375
0 0.43515625 0.4078125 0.021875 0.03359375
0 0.5484375 0.42578125 0.0140625 0.0265625
0 0.56171875 0.4296875 0.015625 0.03203125
0 0.58359375 0.43671875 0.01796875 0.03359375
0 0.4265625 0.4578125 0.02109375 0.021875
0 0.40859375 0.4640625 0.025 0.02265625
0 0.378125 0.49296875 0.02578125 0.0265625
0 0.38515625 0.52265625 0.025 0.03828125
0 0.43046875 0.5515625 0.02578125 0.0234375
0 0.4109375 0.5859375 0.02265625 0.040625
0 0.33125 0.61796875 0.02734375 0.04453125
0 0.4296875 0.06640625 0.0203125 0.065625
0 0.33046875 0.665625 0.0296875 0.04296875
0 0.37578125 0.67734375 0.0234375 0.0359375
0 0.33828125 0.7140625 0.0265625 0.05546875
0 0.75 0.71640625 0.02578125 0.03984375
0 0.7296875 0.740625 0.0375 0.05078125
0 0.38046875 0.89453125 0.02578125 0.0625