0 0.48046875 0.071875 0.0078125 0.0296875
0 0.3953125 0.07578125 0.00859375 0.03046875
0 0.528125 0.0828125 0.0078125 0.03203125
0 0.5296875 0.09375 0.00859375 0.028125
0 0.48359375 0.09453125 0.00625 0.0234375
0 0.50234375 0.096875 0.0078125 0.03203125
0 0.49453125 0.0984375 0.0078125 0.03515625
0 0.48125 0.11484375 0.00703125 0.03359375
0 0.4953125 0.12578125 0.0078125 0.03046875
0 0.50234375 0.128125 0.00859375 0.040625
0 0.371875 0.14375 0.00859375 0.03046875
0 0.38046875 0.14375 0.0078125 0.03359375
0 0.478125 0.1546875 0.00703125 0.0296875
0 0.36796875 0.16953125 0.00859375 0.03515625
0 0.35 0.184375 0.0109375 0.0421875
0 0.409375 0.18984375 0.01015625 0.0359375
0 0.2734375 0.19140625 0.0109375 0.0359375
0 0.3984375 0.1921875 0.0109375 0.0375
0 0.2890625 0.22109375 0.0109375 0.0234375
0 0.35859375 0.2328125 0.01171875 0.040625
0 0.38046875 0.25078125 0.009375 0.03515625
0 0.496875 0.259375 0.009375 0.040625
0 0.47109375 0.2703125 0.00859375 0.0296875
0 0.34375 0.2875 0.0078125 0.03359375
0 0.25390625 0.296875 0.0140625 0.04609375
0 0.35546875 0.3 0.00703125 0.028125
0 0.384375 0.303125 0.01015625 0.0421875
0 0.34765625 0.3046875 0.01015625 0.03359375
0 0.36171875 0.30703125 0.0078125 0.028125
0 0.50625 0.32421875 0.00859375 0.03359375
0 0.47265625 0.36875 0.01328125 0.03046875
0 0.46953125 0.37890625 0.01015625 0.03203125
0 0.2703125 0.38515625 0.01171875 0.04609375
0 0.3203125 0.38984375 0.00859375 0.0421875
0 0.33046875 0.38984375 0.01328125 0.03046875
0 0.5390625 0.4109375 0.01171875 0.025
0 0.5109375 0.434375 0.009375 0.0390625
0 0.503125 0.43515625 0.0109375 0.04296875
0 0.15390625 0.44453125 0.0140625 0.0265625
0 0.4828125 0.45078125 0.01171875 0.0390625
0 0.19375 0.4640625 0.01171875 0.028125
0 0.53125 0.4703125 0.00859375 0.02265625
0 0.28984375 0.58671875 0.009375 0.0421875
0 0.459375 0.6171875 0.009375 0.0421875
0 0.55546875 0.671875 0.01328125 0.028125
0 0.41328125 0.67890625 0.0140625 0.0421875
0 0.428125 0.68046875 0.01328125 0.04453125
0 0.43828125 0.69140625 0.0109375 0.028125
0 0.5484375 0.753125 0.0140625 0.0234375
0 0.3828125 0.00546875 0.0078125 0.0109375
0 0.0671875 0.8390625 0.021875 0.0515625
0 0.5125 0.01015625 0.009375 0.0203125
0 0.3953125 0.00859375 0.00859375 0.01640625
0 0.5015625 0.0140625 0.009375 0.028125
0 0.3671875 0.015625 0.00859375 0.03046875
0 0.47265625 0.021875 0.0078125 0.0265625
0 0.48359375 0.0265625 0.00625 0.0359375
0 0.4875 0.02734375 0.00703125 0.03515625
0 0.47734375 0.04140625 0.00546875 0.0234375