0 0.275 0.53828125 0.0234375 0.040625
0 0.3296875 0.6046875 0.02265625 0.03125
0 0.6078125 0.71640625 0.02734375 0.02890625
0 0.7609375 0.51875 0.03359375 0.028125
0 0.740625 0.4953125 0.028125 0.03046875
0 0.88984375 0.5171875 0.0375 0.03125
0 0.96171875 0.5890625 0.03671875 0.02578125
0 0.0765625 0.25078125 0.03359375 0.0515625
0 0.09921875 0.2546875 0.02578125 0.03203125
0 0.1625 0.13046875 0.01875 0.0375
0 0.0625 0.46171875 0.0328125 0.034375
0 0.02421875 0.65078125 0.04140625 0.03203125
0 0.03671875 0.71484375 0.0453125 0.03359375
0 0.01328125 0.675 0.02578125 0.01875
0 0.359375 0.7515625 0.02421875 0.02890625
0 0.41640625 0.7609375 0.0234375 0.02578125
0 0.4328125 0.76953125 0.0171875 0.0296875
0 0.4921875 0.240625 0.01328125 0.040625
0 0.50390625 0.31640625 0.01640625 0.034375
0 0.534375 0.35703125 0.01015625 0.03359375
0 0.5421875 0.33046875 0.01484375 0.0328125
0 0.52109375 0.315625 0.01484375 0.034375
0 0.6140625 0.36484375 0.01171875 0.03046875
0 0.815625 0.43828125 0.021875 0.0359375
0 0.74296875 0.4578125 0.02421875 0.034375
0 0.84140625 0.4875 0.028125 0.0296875
0 0.859375 0.4796875 0.028125 0.03359375
0 0.95546875 0.4984375 0.02421875 0.02265625
0 0.95078125 0.4796875 0.03671875 0.02734375
0 0.7 0.73828125 0.0234375 0.04765625
0 0.66484375 0.715625 0.021875 0.0265625
0 0.68203125 0.68671875 0.021875 0.0296875
0 0.703125 0.63203125 0.02578125 0.0265625
0 0.68984375 0.5953125 0.02265625 0.02734375
0 0.6734375 0.56640625 0.02265625 0.03046875