0 0.57578125 0.0984375 0.00703125 0.02734375
0 0.62578125 0.18203125 0.00703125 0.02421875
0 0.71796875 0.26171875 0.00703125 0.03515625
0 0.47265625 0.2828125 0.00859375 0.040625
0 0.4640625 0.2875 0.00859375 0.03671875
0 0.74609375 0.37109375 0.01171875 0.03671875
0 0.4296875 0.37734375 0.0125 0.02734375
0 0.45 0.378125 0.01015625 0.03515625
0 0.7390625 0.3796875 0.00859375 0.02734375
0 0.440625 0.39453125 0.00859375 0.03671875
0 0.43203125 0.4015625 0.01328125 0.03515625
0 0.42734375 0.42734375 0.01015625 0.0375
0 0.4421875 0.43359375 0.01328125 0.040625
0 0.4234375 0.5375 0.0125 0.04296875
0 0.440625 0.5703125 0.01171875 0.03515625
0 0.4265625 0.5734375 0.0140625 0.028125
0 0.421875 0.58203125 0.009375 0.03203125
0 0.4453125 0.58984375 0.0078125 0.03671875
0 0.42265625 0.59609375 0.0109375 0.03359375
0 0.43828125 0.61015625 0.01171875 0.03515625
0 0.4203125 0.61484375 0.01171875 0.0375
0 0.69921875 0.75234375 0.0140625 0.040625
0 0.709375 0.75703125 0.00703125 0.02578125
0 0.57890625 0.87265625 0.0125 0.03125