0 0.2828125 0.1296875 0.00859375 0.0328125
0 0.6828125 0.13125 0.00390625 0.03203125
0 0.2625 0.13046875 0.01015625 0.040625
0 0.68984375 0.13125 0.009375 0.0390625
0 0.71171875 0.1328125 0.0109375 0.0390625
0 0.71796875 0.13671875 0.00859375 0.0328125
0 0.290625 0.1421875 0.00703125 0.02265625
0 0.6984375 0.14375 0.01015625 0.03203125
0 0.7046875 0.15390625 0.00859375 0.03515625
0 0.30234375 0.165625 0.00703125 0.034375
0 0.71171875 0.16796875 0.009375 0.04453125
0 0.5140625 0.1703125 0.00625 0.02421875
0 0.69609375 0.178125 0.01171875 0.03671875
0 0.70703125 0.18046875 0.0109375 0.0421875
0 0.65703125 0.1859375 0.009375 0.0421875
0 0.64609375 0.19765625 0.00859375 0.03828125
0 0.2953125 0.2046875 0.01015625 0.03515625
0 0.20234375 0.2453125 0.0125 0.03046875
0 0.1921875 0.24609375 0.00859375 0.03046875
0 0.234375 0.26640625 0.01484375 0.03828125
0 0.228125 0.271875 0.0125 0.040625
0 0.18984375 0.303125 0.0125 0.03828125
0 0.24921875 0.03046875 0.009375 0.03828125
0 0.21484375 0.31171875 0.0109375 0.0421875
0 0.203125 0.3125 0.0125 0.04453125
0 0.26640625 0.03203125 0.009375 0.034375
0 0.17890625 0.325 0.0125 0.03515625
0 0.1890625 0.32890625 0.01171875 0.040625
0 0.25390625 0.03515625 0.0078125 0.034375
0 0.1859375 0.3578125 0.01328125 0.0328125
0 0.16953125 0.3625 0.0125 0.0421875
0 0.1484375 0.3640625 0.01328125 0.03828125
0 0.1765625 0.3734375 0.01328125 0.03203125
0 0.15625 0.38515625 0.01328125 0.034375
0 0.1890625 0.38984375 0.0171875 0.0390625
0 0.1984375 0.41015625 0.01328125 0.03828125
0 0.1828125 0.42265625 0.01328125 0.03828125
0 0.15078125 0.4234375 0.01484375 0.04453125
0 0.1609375 0.428125 0.0140625 0.046875
0 0.140625 0.4578125 0.0171875 0.03828125
0 0.128125 0.4859375 0.015625 0.0328125
0 0.14609375 0.4984375 0.015625 0.03671875
0 0.15546875 0.5046875 0.0109375 0.040625
0 0.165625 0.50859375 0.0171875 0.046875
0 0.1375 0.52890625 0.015625 0.03671875
0 0.1296875 0.52890625 0.0140625 0.0328125
0 0.140625 0.56875 0.01796875 0.040625
0 0.11640625 0.6 0.01640625 0.03515625
0 0.15625 0.60703125 0.015625 0.0421875
0 0.225 0.0609375 0.01328125 0.0328125
0 0.11171875 0.6921875 0.0125 0.02421875
0 0.225 0.071875 0.0125 0.034375
0 0.0546875 0.73984375 0.02265625 0.03515625
0 0.09765625 0.746875 0.01328125 0.03203125
0 0.03984375 0.8125 0.02734375 0.0328125
0 0.07109375 0.82578125 0.02109375 0.03515625
0 0.0390625 0.8265625 0.0234375 0.03671875
0 0.79765625 0.8640625 0.0171875 0.04296875
0 0.0640625 0.86875 0.02109375 0.03203125
0 0.30859375 0.0890625 0.00625 0.03046875
0 0.06953125 0.90390625 0.0125 0.025
0 0.046875 0.98359375 0.015625 0.025
0 0.0515625 0.990625 0.01171875 0.01875
0 0.29140625 0.10390625 0.0078125 0.03515625
0 0.325 0.11015625 0.01015625 0.0390625
0 0.3015625 0.11015625 0.00859375 0.03515625
0 0.3265625 0.1171875 0.0078125 0.0390625
0 0.28828125 0.11953125 0.01015625 0.03828125
0 0.6984375 0.11953125 0.009375 0.03046875
0 0.3328125 0.12578125 0.00859375 0.03828125