0 0.0953125 0.69140625 0.04609375 0.03046875
0 0.0328125 0.7046875 0.06484375 0.05703125
0 0.54765625 0.70703125 0.021875 0.04765625
0 0.46484375 0.73828125 0.028125 0.05703125
0 0.465625 0.759375 0.01640625 0.01796875
0 0.42421875 0.76640625 0.03046875 0.0578125
0 0.9203125 0.78203125 0.0671875 0.0796875
0 0.3015625 0.7984375 0.053125 0.04765625
0 0.61875 0.82734375 0.01796875 0.0390625
0 0.95 0.83125 0.0703125 0.0484375
0 0.63125 0.8625 0.0296875 0.0703125
0 0.29375 0.88828125 0.0453125 0.07890625
0 0.275 0.890625 0.0203125 0.03984375
0 0.39765625 0.9453125 0.03515625 0.07265625
0 0.403125 0.96875 0.0328125 0.05703125
0 0.4984375 0.16171875 0.025 0.065625
0 0.44453125 0.16875 0.0375 0.0734375
0 0.19765625 0.184375 0.053125 0.071875
0 0.5078125 0.1953125 0.028125 0.078125
0 0.53984375 0.22421875 0.02578125 0.05703125
0 0.53125 0.28203125 0.02734375 0.05703125
0 0.28046875 0.30625 0.046875 0.0484375
0 0.51015625 0.309375 0.01484375 0.03359375
0 0.48984375 0.34296875 0.03046875 0.0421875
0 0.353125 0.35546875 0.03359375 0.04375
0 0.03359375 0.4375 0.06640625 0.04140625
0 0.665625 0.45234375 0.03671875 0.0375
0 0.28125 0.47265625 0.040625 0.0296875
0 0.22890625 0.475 0.05 0.03359375
0 0.2796875 0.51875 0.05234375 0.0265625
0 0.70390625 0.521875 0.0375 0.03828125
0 0.65078125 0.52421875 0.0453125 0.04609375
0 0.453125 0.53046875 0.0375 0.0421875
0 0.2140625 0.5671875 0.04375 0.04609375
0 0.0828125 0.575 0.07109375 0.04140625
0 0.025 0.6015625 0.04921875 0.0359375
0 0.421875 0.6078125 0.01796875 0.025
0 0.5609375 0.61953125 0.0328125 0.03828125
0 0.4390625 0.6484375 0.028125 0.0578125
0 0.090625 0.65234375 0.0671875 0.04375
0 0.5765625 0.65703125 0.03984375 0.05
0 0.8828125 0.66640625 0.0578125 0.04765625