0 0.82421875 0.66796875 0.01640625 0.02109375
0 0.66953125 0.67265625 0.01484375 0.01640625
0 0.73828125 0.77578125 0.0203125 0.02890625
0 0.796875 0.80078125 0.021875 0.02578125
0 0.77578125 0.825 0.015625 0.01953125
0 0.64765625 0.85859375 0.0140625 0.025
0 0.78125 0.859375 0.009375 0.0171875
0 0.79375 0.8796875 0.0140625 0.021875
0 0.3265625 0.08828125 0.0203125 0.03515625
0 0.33984375 0.0921875 0.021875 0.0328125
0 0.31484375 0.0953125 0.0234375 0.0359375
0 0.35625 0.1671875 0.02265625 0.03125
0 0.4015625 0.18125 0.01796875 0.02265625
0 0.34296875 0.1828125 0.0234375 0.03125
0 0.3296875 0.1875 0.021875 0.034375
0 0.2890625 0.2609375 0.025 0.028125
0 0.2390625 0.28359375 0.01953125 0.02734375
0 0.50390625 0.33203125 0.0203125 0.025
0 0.32265625 0.35390625 0.02109375 0.02109375
0 0.49375 0.37578125 0.0171875 0.03125
0 0.36171875 0.3890625 0.0203125 0.0171875
0 0.33359375 0.44375 0.015625 0.01953125
0 0.4109375 0.4515625 0.0140625 0.021875
0 0.43203125 0.58984375 0.01875 0.025
0 0.12421875 0.0265625 0.03046875 0.0453125
0 0.80859375 0.64609375 0.0234375 0.0265625
0 0.6734375 0.65234375 0.0234375 0.03359375