0 0.6046875 0.15390625 0.0125 0.01875
0 0.69375 0.04609375 0.01171875 0.0234375
0 0.37734375 0.4734375 0.0125 0.01796875
0 0.4734375 0.10078125 0.00703125 0.0203125
0 0.4875 0.103125 0.00859375 0.0203125
0 0.64140625 0.4859375 0.009375 0.01640625
0 0.559375 0.434375 0.0078125 0.01796875
0 0.4 0.25078125 0.0078125 0.02265625
0 0.4109375 0.25078125 0.01015625 0.02109375
0 0.40546875 0.275 0.01171875 0.01875
0 0.41640625 0.27109375 0.00703125 0.01875
0 0.425 0.3078125 0.0109375 0.02734375
0 0.43671875 0.315625 0.0109375 0.02578125
0 0.4359375 0.3703125 0.01015625 0.025
0 0.4171875 0.4609375 0.009375 0.02109375
0 0.3953125 0.45078125 0.01015625 0.0234375
0 0.40546875 0.453125 0.01015625 0.021875