0 0.47734375 0.71328125 0.009375 0.01171875
0 0.27578125 0.7328125 0.01328125 0.01640625
0 0.22578125 0.73359375 0.0140625 0.0140625
0 0.1921875 0.76015625 0.01875 0.0140625
0 0.27890625 0.803125 0.0125 0.01875
0 0.16875 0.80390625 0.02265625 0.0109375
0 0.259375 0.8046875 0.0140625 0.01953125
0 0.19140625 0.80703125 0.0171875 0.0109375
0 0.240625 0.8234375 0.0140625 0.0109375
0 0.2765625 0.82734375 0.015625 0.015625
0 0.278125 0.8390625 0.01171875 0.01640625
0 0.27890625 0.85078125 0.01328125 0.01328125
0 0.278125 0.87109375 0.0109375 0.0171875
0 0.25546875 0.8734375 0.015625 0.01875
0 0.28046875 0.89296875 0.0109375 0.01640625
0 0.2453125 0.9390625 0.01640625 0.01484375
0 0.22421875 0.95546875 0.01328125 0.0171875
0 0.21640625 0.95546875 0.0109375 0.009375
0 0.209375 0.95625 0.01171875 0.01328125
0 0.23828125 0.95625 0.0203125 0.01328125
0 0.2609375 0.9625 0.01328125 0.0171875
0 0.22421875 0.98125 0.0140625 0.01875
0 0.24375 0.990625 0.021875 0.01875
0 0.52109375 0.3109375 0.0078125 0.025
0 0.55 0.325 0.0078125 0.02265625
0 0.5625 0.34453125 0.009375 0.01796875
0 0.61015625 0.3578125 0.00859375 0.015625
0 0.5875 0.37734375 0.009375 0.0171875
0 0.71328125 0.3953125 0.01015625 0.01875
0 0.7203125 0.39921875 0.0109375 0.01640625
0 0.6296875 0.4046875 0.0140625 0.01953125
0 0.91328125 0.41328125 0.01953125 0.0140625
0 0.33046875 0.4140625 0.009375 0.02265625
0 0.69140625 0.41484375 0.009375 0.02109375
0 0.70546875 0.421875 0.0140625 0.015625
0 0.81953125 0.42578125 0.01171875 0.01640625
0 0.83984375 0.4296875 0.0125 0.015625
0 0.92734375 0.43515625 0.009375 0.01875
0 0.95 0.43984375 0.01875 0.01640625
0 0.9375 0.440625 0.01328125 0.01328125
0 0.3125 0.44140625 0.01796875 0.01953125
0 0.9859375 0.4484375 0.0171875 0.0140625
0 0.9296875 0.45703125 0.015625 0.0125
0 0.93359375 0.46328125 0.01875 0.01171875
0 0.99296875 0.4640625 0.0140625 0.0125
0 0.99296875 0.47109375 0.0140625 0.0125
0 0.99375 0.49609375 0.0125 0.0140625
0 0.6875 0.49921875 0.009375 0.01640625
0 0.66171875 0.50546875 0.01015625 0.0203125
0 0.9015625 0.50859375 0.0171875 0.0171875
0 0.46796875 0.51484375 0.0125 0.01796875
0 0.31796875 0.5203125 0.00859375 0.0078125
0 0.31796875 0.52578125 0.01484375 0.0109375
0 0.4890625 0.52578125 0.00859375 0.0140625
0 0.57890625 0.53125 0.0078125 0.01015625
0 0.584375 0.53359375 0.009375 0.01328125
0 0.31640625 0.53828125 0.009375 0.01484375
0 0.47109375 0.540625 0.00859375 0.01484375
0 0.5859375 0.546875 0.0078125 0.0140625
0 0.484375 0.54765625 0.0109375 0.01484375
0 0.30625 0.58046875 0.01328125 0.015625
0 0.26484375 0.58984375 0.0140625 0.01484375
0 0.28125 0.615625 0.01171875 0.01328125
0 0.378125 0.6171875 0.01328125 0.01484375
0 0.303125 0.6203125 0.0109375 0.0125
0 0.278125 0.6234375 0.0125 0.0171875
0 0.30703125 0.6734375 0.01328125 0.015625