0 0.54140625 0.09296875 0.01796875 0.05
0 0.50703125 0.01953125 0.01953125 0.0390625
0 0.45859375 0.0078125 0.01796875 0.015625
0 0.440625 0.01796875 0.01875 0.0359375
0 0.4359375 0.0296875 0.015625 0.059375
0 0.69296875 0.0078125 0.01640625 0.01484375
0 0.725 0.06328125 0.0203125 0.06796875
0 0.50390625 0.296875 0.0265625 0.06484375
0 0.471875 0.38046875 0.0234375 0.06484375
0 0.73125 0.52421875 0.034375 0.0703125
0 0.8296875 0.40859375 0.04375 0.0640625
0 0.8390625 0.43828125 0.04765625 0.06171875
0 0.85625 0.4109375 0.02890625 0.046875
0 0.79140625 0.55703125 0.04453125 0.06484375
0 0.73515625 0.6125 0.02109375 0.03515625
0 0.6921875 0.63671875 0.0390625 0.0609375
0 0.6421875 0.63125 0.0359375 0.06875
0 0.54140625 0.6859375 0.02890625 0.05625
0 0.57109375 0.66953125 0.02890625 0.04921875
0 0.6359375 0.70859375 0.0328125 0.06796875
0 0.603125 0.696875 0.03203125 0.05546875
0 0.53828125 0.834375 0.0296875 0.05703125
0 0.44453125 0.91171875 0.0296875 0.03828125
0 0.453125 0.97421875 0.0421875 0.0421875
0 0.53359375 0.8875 0.02265625 0.0546875
0 0.546875 0.9046875 0.02734375 0.0359375
0 0.5484375 0.91484375 0.0265625 0.04609375
0 0.590625 0.87734375 0.0328125 0.046875
0 0.584375 0.93515625 0.03828125 0.046875
0 0.61640625 0.971875 0.034375 0.05546875
0 0.765625 0.83125 0.05078125 0.04921875
0 0.678125 0.98203125 0.0453125 0.0359375
0 0.43671875 0.65234375 0.028125 0.0625
0 0.371875 0.65703125 0.0328125 0.0515625
0 0.3515625 0.72265625 0.028125 0.0484375