0 0.67890625 0.10234375 0.01015625 0.0203125
0 0.45625 0.13359375 0.00625 0.03203125
0 0.4609375 0.1390625 0.00625 0.03359375
0 0.47265625 0.16015625 0.00703125 0.03203125
0 0.465625 0.1609375 0.00625 0.03359375
0 0.4296875 0.184375 0.00859375 0.03359375
0 0.425 0.18515625 0.00625 0.0296875
0 0.5671875 0.20703125 0.00625 0.034375
0 0.5734375 0.2078125 0.00703125 0.03203125
0 0.55078125 0.209375 0.00625 0.02421875
0 0.46953125 0.2203125 0.00703125 0.028125
0 0.640625 0.00625 0.00703125 0.01171875
0 0.4359375 0.2796875 0.00703125 0.02109375
0 0.48046875 0.30234375 0.00703125 0.0296875
0 0.471875 0.30703125 0.00703125 0.02109375
0 0.47890625 0.31015625 0.00546875 0.02265625
0 0.4171875 0.33203125 0.0078125 0.03203125
0 0.52109375 0.33671875 0.00859375 0.0359375
0 0.465625 0.4296875 0.009375 0.02109375
0 0.446875 0.43125 0.0078125 0.03359375
0 0.453125 0.43359375 0.009375 0.03984375
0 0.5875 0.5453125 0.009375 0.0375
0 0.5796875 0.56484375 0.009375 0.03359375
0 0.40234375 0.64375 0.01328125 0.03203125
0 0.55703125 0.70546875 0.0140625 0.04296875
0 0.44609375 0.70625 0.009375 0.03359375
0 0.4578125 0.75390625 0.01171875 0.046875
0 0.43828125 0.76328125 0.0109375 0.04140625
0 0.3984375 0.9265625 0.01796875 0.0453125