0 0.25859375 0.12734375 0.00703125 0.021875
0 0.29921875 0.17265625 0.0140625 0.0125
0 0.2359375 0.1875 0.009375 0.02421875
0 0.2265625 0.26015625 0.0078125 0.02265625
0 0.25234375 0.02734375 0.0078125 0.021875
0 0.2921875 0.29296875 0.01796875 0.01484375
0 0.18359375 0.30703125 0.0078125 0.025
0 0.6703125 0.3171875 0.00859375 0.03046875
0 0.296875 0.40234375 0.0171875 0.01484375
0 0.1796875 0.41171875 0.0109375 0.0265625
0 0.27109375 0.46796875 0.00859375 0.0203125
0 0.2609375 0.48125 0.00625 0.01796875
0 0.31015625 0.05 0.0078125 0.021875
0 0.2609375 0.5390625 0.0109375 0.01640625
0 0.27890625 0.5390625 0.0109375 0.01796875
0 0.22421875 0.53984375 0.0078125 0.02890625
0 0.28671875 0.54921875 0.01015625 0.028125
0 0.340625 0.55859375 0.0078125 0.0203125
0 0.27578125 0.559375 0.0078125 0.02421875
0 0.1609375 0.61875 0.0109375 0.0265625
0 0.1203125 0.63671875 0.0125 0.0203125
0 0.1203125 0.665625 0.00703125 0.02421875
0 0.1265625 0.6671875 0.01015625 0.025
0 0.2890625 0.67421875 0.01015625 0.025
0 0.15703125 0.6828125 0.0140625 0.028125
0 0.1171875 0.6875 0.0125 0.02890625
0 0.275 0.71484375 0.0078125 0.021875
0 0.2671875 0.73515625 0.0109375 0.0265625
0 0.25390625 0.74296875 0.009375 0.02890625
0 0.29921875 0.7484375 0.0109375 0.021875
0 0.19609375 0.75625 0.015625 0.025
0 0.2671875 0.81484375 0.00859375 0.01796875
0 0.25859375 0.08515625 0.00859375 0.02265625
0 0.06875 0.85625 0.01484375 0.03046875
0 0.21953125 0.8609375 0.0125 0.021875
0 0.21640625 0.8890625 0.009375 0.01640625
0 0.29296875 0.92890625 0.01171875 0.025
0 0.28984375 0.95546875 0.01015625 0.02265625
0 0.10234375 0.97734375 0.0125 0.02265625
0 0.06953125 0.99140625 0.0109375 0.01484375
0 0.23515625 0.103125 0.0078125 0.0203125