0 0.11796875 0.1546875 0.025 0.0390625
0 0.63984375 0.30703125 0.0125 0.02734375
0 0.43203125 0.34921875 0.0109375 0.0203125
0 0.6328125 0.35703125 0.015625 0.03046875
0 0.65 0.359375 0.0125 0.0265625
0 0.525 0.39296875 0.0078125 0.034375
0 0.83828125 0.40703125 0.01796875 0.0296875
0 0.45390625 0.41875 0.0140625 0.02734375
0 0.515625 0.41875 0.0125 0.03203125
0 0.48125 0.43671875 0.015625 0.0296875
0 0.496875 0.44140625 0.01328125 0.0296875
0 0.49765625 0.465625 0.0125 0.0234375
0 0.43046875 0.4890625 0.015625 0.01640625
0 0.4859375 0.5296875 0.0125 0.0265625
0 0.5671875 0.53125 0.01171875 0.0203125
0 0.4875 0.55703125 0.0125 0.0296875
0 0.55625 0.56640625 0.01171875 0.021875
0 0.49296875 0.58359375 0.0125 0.02890625
0 0.540625 0.5859375 0.009375 0.02578125
0 0.6875 0.059375 0.01015625 0.02734375
0 0.4984375 0.65625 0.0203125 0.025