0 0.54375 0.12734375 0.00859375 0.02421875
0 0.42578125 0.01640625 0.0078125 0.028125
0 0.41796875 0.18984375 0.00625 0.02890625
0 0.6671875 0.246875 0.00703125 0.034375
0 0.6734375 0.246875 0.00859375 0.0390625
0 0.46484375 0.27578125 0.009375 0.0421875
0 0.45859375 0.2765625 0.0078125 0.0328125
0 0.6921875 0.3 0.01640625 0.02890625
0 0.46875 0.42734375 0.009375 0.0265625
0 0.71796875 0.4671875 0.0078125 0.04296875
0 0.72421875 0.47109375 0.0125 0.03671875
0 0.534375 0.478125 0.0109375 0.01640625
0 0.528125 0.48984375 0.0078125 0.0203125
0 0.703125 0.5171875 0.01015625 0.02421875
0 0.4734375 0.57578125 0.0125 0.025
0 0.478125 0.60546875 0.01015625 0.02265625
0 0.7328125 0.61640625 0.0125 0.03671875
0 0.74921875 0.6640625 0.0125 0.0421875
0 0.46640625 0.77109375 0.01953125 0.03203125
0 0.46953125 0.78203125 0.01640625 0.03203125
0 0.5359375 0.85078125 0.01171875 0.03671875
0 0.440625 0.91953125 0.01171875 0.04453125
0 0.45 0.92265625 0.0140625 0.0453125
0 0.39453125 0.98984375 0.01484375 0.0203125
0 0.53984375 0.1234375 0.00703125 0.028125