0 0.796875 0.103125 0.0125 0.0265625
0 0.80234375 0.11484375 0.01328125 0.021875
0 0.51484375 0.16484375 0.0078125 0.015625
0 0.51171875 0.18125 0.01015625 0.01875
0 0.840625 0.1875 0.0125 0.021875
0 0.77421875 0.18984375 0.0140625 0.021875
0 0.53515625 0.19921875 0.0078125 0.021875
0 0.3640625 0.025 0.0109375 0.015625
0 0.9625 0.2671875 0.015625 0.0140625
0 0.96171875 0.28828125 0.01875 0.0203125
0 0.80703125 0.4078125 0.0109375 0.015625
0 0.440625 0.57265625 0.0140625 0.015625
0 0.859375 0.63984375 0.0140625 0.0140625
0 0.57734375 0.7375 0.01640625 0.015625
0 0.8234375 0.075 0.01328125 0.025
0 0.80546875 0.07578125 0.0125 0.0234375