0 0.56328125 0.00703125 0.009375 0.0140625
0 0.1984375 0.69609375 0.0171875 0.03671875
0 0.21171875 0.70234375 0.01796875 0.0296875
0 0.18828125 0.815625 0.021875 0.0453125
0 0.36796875 0.08203125 0.0046875 0.0125
0 0.40546875 0.84765625 0.021875 0.03125
0 0.3671875 0.0859375 0.00703125 0.02578125
0 0.4453125 0.0953125 0.0078125 0.02578125
0 0.42734375 0.096875 0.009375 0.02890625
0 0.296875 0.2453125 0.0140625 0.025
0 0.55234375 0.38203125 0.01171875 0.025
0 0.58203125 0.06171875 0.0078125 0.01875