0 0.5765625 0.30859375 0.00625 0.028125
0 0.5578125 0.32578125 0.00625 0.028125
0 0.61875 0.33359375 0.00859375 0.02265625
0 0.59765625 0.334375 0.00546875 0.02890625
0 0.64609375 0.35 0.00703125 0.03203125
0 0.64765625 0.36328125 0.00546875 0.02265625
0 0.66484375 0.3640625 0.00703125 0.028125
0 0.6703125 0.3703125 0.0109375 0.028125
0 0.6234375 0.37578125 0.009375 0.025
0 0.6390625 0.3765625 0.00390625 0.01875
0 0.6171875 0.3796875 0.00546875 0.01171875
0 0.64140625 0.390625 0.00703125 0.028125
0 0.65078125 0.3921875 0.0046875 0.03046875
0 0.6640625 0.39375 0.009375 0.0265625
0 0.70546875 0.40546875 0.00859375 0.0265625
0 0.69296875 0.40703125 0.0078125 0.021875
0 0.67265625 0.4171875 0.00546875 0.02421875
0 0.671875 0.42734375 0.00546875 0.02421875
0 0.26875 0.428125 0.0109375 0.02890625
0 0.28125 0.43203125 0.00546875 0.01875
0 0.6890625 0.43203125 0.00859375 0.0265625
0 0.61640625 0.4375 0.0109375 0.025
0 0.7 0.44453125 0.00625 0.025
0 0.69375 0.45 0.00859375 0.03203125
0 0.70078125 0.4734375 0.0109375 0.03046875
0 0.3109375 0.49296875 0.00703125 0.02890625
0 0.70546875 0.5 0.00703125 0.03046875
0 0.3671875 0.5046875 0.00859375 0.02421875
0 0.3046875 0.50703125 0.00703125 0.021875
0 0.36015625 0.528125 0.0109375 0.03046875
0 0.85546875 0.52890625 0.01015625 0.021875
0 0.803125 0.53046875 0.009375 0.025
0 0.79375 0.53359375 0.00859375 0.0265625
0 0.325 0.53359375 0.00859375 0.0265625
0 0.81640625 0.5421875 0.0125 0.03203125
0 0.778125 0.54453125 0.01015625 0.028125
0 0.35234375 0.54609375 0.00625 0.0265625
0 0.3078125 0.55 0.00859375 0.03203125
0 0.71640625 0.56171875 0.0109375 0.03203125
0 0.85859375 0.5625 0.009375 0.025
0 0.51640625 0.5859375 0.0109375 0.0265625
0 0.32109375 0.58671875 0.01015625 0.02890625
0 0.52578125 0.5890625 0.009375 0.025
0 0.45859375 0.6015625 0.0109375 0.025
0 0.35390625 0.6046875 0.00703125 0.0265625
0 0.578125 0.60625 0.01484375 0.02421875
0 0.58203125 0.61640625 0.0125 0.025
0 0.41875 0.61875 0.00625 0.02421875
0 0.3390625 0.62265625 0.00859375 0.0265625
0 0.33125 0.62890625 0.00703125 0.0265625
0 0.37578125 0.63515625 0.00859375 0.034375
0 0.65078125 0.63515625 0.01171875 0.02421875
0 0.44375 0.64375 0.00859375 0.0265625
0 0.975 0.64765625 0.01484375 0.0265625
0 0.7484375 0.6515625 0.0109375 0.03203125
0 0.9296875 0.653125 0.01015625 0.02890625
0 0.43359375 0.65390625 0.0078125 0.028125
0 0.4140625 0.6578125 0.01015625 0.03203125
0 0.40078125 0.6609375 0.01171875 0.025
0 0.4328125 0.66328125 0.009375 0.02890625
0 0.89609375 0.66875 0.0125 0.03828125
0 0.91640625 0.6703125 0.015625 0.02265625
0 0.4078125 0.68671875 0.00859375 0.028125
0 0.8875 0.6890625 0.01171875 0.0328125
0 0.93125 0.690625 0.01484375 0.0265625
0 0.359375 0.690625 0.01015625 0.03671875
0 0.9453125 0.69140625 0.0109375 0.025
0 0.40390625 0.69609375 0.0109375 0.034375
0 0.36953125 0.69921875 0.0078125 0.028125
0 0.94609375 0.7015625 0.00859375 0.02265625
0 0.3765625 0.70625 0.0078125 0.03203125
0 0.44296875 0.709375 0.0109375 0.025
0 0.99296875 0.72265625 0.0125 0.01875
0 0.2203125 0.07265625 0.0078125 0.025
0 0.94765625 0.72421875 0.0125 0.0265625
0 0.9765625 0.725 0.015625 0.025
0 0.96640625 0.73125 0.01015625 0.01875
0 0.9484375 0.734375 0.0140625 0.02421875
0 0.99375 0.740625 0.0125 0.0265625
0 0.33359375 0.75390625 0.009375 0.03046875
0 0.40703125 0.76875 0.00703125 0.0265625
0 0.9703125 0.79453125 0.009375 0.0203125
0 0.3375 0.8046875 0.01171875 0.028125
0 0.38515625 0.81640625 0.01171875 0.0265625
0 0.45390625 0.83984375 0.0078125 0.028125
0 0.44453125 0.85625 0.00703125 0.0203125
0 0.35859375 0.89609375 0.009375 0.025
0 0.3625 0.90390625 0.01484375 0.03046875
0 0.23671875 0.103125 0.00625 0.02265625
0 0.2328125 0.11015625 0.00625 0.02421875
0 0.26875 0.11484375 0.009375 0.02890625