0 0.6515625 0.04765625 0.00703125 0.01953125
0 0.14140625 0.0546875 0.01171875 0.0171875
0 0.98046875 0.09609375 0.0125 0.0234375
0 0.5453125 0.11796875 0.00703125 0.0203125
0 0.99375 0.12265625 0.0109375 0.01640625
0 0.80390625 0.13359375 0.01015625 0.021875
0 0.14296875 0.21875 0.0125 0.01953125
0 0.97578125 0.2546875 0.0125 0.01953125
0 0.98359375 0.26640625 0.0140625 0.0203125
0 0.72734375 0.47890625 0.009375 0.0171875
0 0.95703125 0.50390625 0.0171875 0.0203125
0 0.103125 0.6453125 0.01171875 0.0140625
0 0.04609375 0.65859375 0.01328125 0.0140625
0 0.14375 0.69296875 0.01484375 0.01328125
0 0.740625 0.74296875 0.0125 0.01953125
0 0.1078125 0.79296875 0.01953125 0.0125