0 0.98671875 0.59453125 0.0171875 0.04609375
0 0.8875 0.3921875 0.0140625 0.04375
0 0.528125 0.40078125 0.00859375 0.04140625
0 0.6375 0.28203125 0.009375 0.03828125
0 0.70703125 0.296875 0.009375 0.04453125
0 0.69765625 0.29453125 0.00703125 0.0421875
0 0.778125 0.22578125 0.0109375 0.03671875
0 0.70078125 0.096875 0.0125 0.0296875
0 0.53671875 0.6296875 0.0109375 0.05234375
0 0.540625 0.12578125 0.009375 0.0359375
0 0.371875 0.1125 0.0109375 0.03671875
0 0.39609375 0.20703125 0.0109375 0.03828125
0 0.121875 0.11328125 0.009375 0.03125
0 0.1265625 0.0703125 0.00859375 0.03515625
0 0.26953125 0.3796875 0.0125 0.0421875
0 0.10625 0.37890625 0.0125 0.04296875
0 0.04375 0.4375 0.0125 0.0453125
0 0.34453125 0.66015625 0.015625 0.046875
0 0.3921875 0.47109375 0.015625 0.04453125
0 0.1 0.24453125 0.015625 0.04140625