0 0.7921875 0.93828125 0.0171875 0.0453125
0 0.95078125 0.72109375 0.01484375 0.04140625
0 0.8203125 0.45234375 0.0171875 0.04375
0 0.628125 0.71484375 0.01328125 0.053125
0 0.79453125 0.3046875 0.0109375 0.04140625
0 0.70234375 0.16796875 0.0109375 0.03828125
0 0.41171875 0.271875 0.01328125 0.03515625
0 0.61875 0.09921875 0.00859375 0.03125
0 0.51484375 0.071875 0.0078125 0.0328125
0 0.39765625 0.15859375 0.009375 0.03671875
0 0.33125 0.0609375 0.0078125 0.03359375
0 0.3046875 0.27890625 0.0109375 0.04609375
0 0.290625 0.340625 0.0109375 0.03828125
0 0.2328125 0.21953125 0.01015625 0.0390625
0 0.19296875 0.0734375 0.0125 0.02890625
0 0.2 0.03046875 0.009375 0.02890625
0 0.10390625 0.01640625 0.01171875 0.0328125
0 0.08203125 0.359375 0.0140625 0.04375
0 0.00859375 0.91640625 0.01640625 0.0546875
0 0.3140625 0.85234375 0.01875 0.05859375
0 0.3453125 0.540625 0.0203125 0.053125