0 0.56484375 0.921875 0.01875 0.05078125
0 0.89296875 0.625 0.01953125 0.04453125
0 0.909375 0.5 0.0171875 0.034375
0 0.87421875 0.34140625 0.0140625 0.0390625
0 0.528125 0.38359375 0.0078125 0.05078125
0 0.5125 0.23359375 0.0078125 0.0375
0 0.834375 0.19609375 0.0125 0.03828125
0 0.65234375 0.1515625 0.00703125 0.03359375
0 0.640625 0.16171875 0.01171875 0.040625
0 0.7375 0.0859375 0.00859375 0.03203125
0 0.58671875 0.153125 0.00859375 0.03671875
0 0.40234375 0.9234375 0.0203125 0.06015625
0 0.35703125 0.71953125 0.0171875 0.05234375
0 0.49765625 0.70546875 0.0125 0.0453125
0 0.0421875 0.96484375 0.025 0.05546875
0 0.03125 0.425 0.01484375 0.040625
0 0.11875 0.27578125 0.01171875 0.0421875
0 0.303125 0.22734375 0.01171875 0.03828125
0 0.390625 0.278125 0.0125 0.03828125
0 0.3765625 0.41640625 0.01484375 0.04375
0 0.4015625 0.13515625 0.01015625 0.03515625
0 0.16015625 0.0296875 0.0109375 0.0328125
0 0.5234375 0.02890625 0.0078125 0.0328125