0 0.5171875 0.14296875 0.01171875 0.05078125
0 0.50546875 0.14375 0.009375 0.04375
0 0.61171875 0.175 0.01640625 0.046875
0 0.43515625 0.1796875 0.0125 0.0609375
0 0.4453125 0.18359375 0.01171875 0.0546875
0 0.65859375 0.1859375 0.01171875 0.05078125
0 0.80703125 0.18984375 0.01875 0.0609375
0 0.63203125 0.1953125 0.01015625 0.0625
0 0.640625 0.19921875 0.01015625 0.04375
0 0.85234375 0.20625 0.02265625 0.05546875
0 0.340625 0.221875 0.015625 0.059375
0 0.3171875 0.225 0.01640625 0.03359375
0 0.6390625 0.2328125 0.01015625 0.04140625
0 0.49140625 0.26328125 0.0140625 0.04765625
0 0.73828125 0.26640625 0.021875 0.05546875
0 0.41640625 0.28203125 0.01640625 0.05546875
0 0.6609375 0.2828125 0.0140625 0.05859375
0 0.3890625 0.2859375 0.015625 0.04765625
0 0.865625 0.30234375 0.0171875 0.0609375
0 0.371875 0.303125 0.01328125 0.0359375
0 0.73359375 0.30546875 0.01796875 0.0671875
0 0.390625 0.31171875 0.01171875 0.03203125
0 0.31171875 0.31328125 0.01171875 0.0390625
0 0.134375 0.31328125 0.01484375 0.03125
0 0.1484375 0.315625 0.0125 0.03515625
0 0.3015625 0.3171875 0.01796875 0.06484375
0 0.23828125 0.3203125 0.0125 0.02578125
0 0.3421875 0.33125 0.01171875 0.04375
0 0.17734375 0.33671875 0.01640625 0.04140625
0 0.21796875 0.3546875 0.01796875 0.05703125
0 0.1953125 0.3578125 0.0125 0.028125
0 0.18125 0.3703125 0.01171875 0.03359375
0 0.2640625 0.37109375 0.01484375 0.04296875
0 0.171875 0.3734375 0.02734375 0.04921875
0 0.153125 0.39140625 0.015625 0.0390625
0 0.05234375 0.4171875 0.02578125 0.0625
0 0.03671875 0.4375 0.01796875 0.0453125
0 0.0203125 0.4453125 0.02734375 0.0625
0 0.16171875 0.45859375 0.0203125 0.04375
0 0.1671875 0.4859375 0.01328125 0.04140625
0 0.18125 0.496875 0.01953125 0.03984375
0 0.21015625 0.525 0.0234375 0.04140625
0 0.24453125 0.634375 0.01796875 0.0515625
0 0.35 0.68359375 0.01484375 0.03984375
0 0.35078125 0.70234375 0.015625 0.04140625
0 0.3171875 0.703125 0.01640625 0.04375
0 0.409375 0.7671875 0.01953125 0.0453125
0 0.3546875 0.82421875 0.02734375 0.04375
0 0.3765625 0.83515625 0.01640625 0.04296875
0 0.5359375 0.84453125 0.0171875 0.04375
0 0.45078125 0.85625 0.01328125 0.0390625
0 0.41171875 0.86640625 0.02578125 0.0625
0 0.42421875 0.8796875 0.02578125 0.04375
0 0.4625 0.9078125 0.01953125 0.04140625
0 0.38046875 0.940625 0.021875 0.0515625
0 0.43828125 0.95390625 0.02421875 0.05078125
0 0.61171875 0.9796875 0.01484375 0.03984375