0 0.77734375 0.93046875 0.01640625 0.03125
0 0.290625 0.34140625 0.01328125 0.03828125
0 0.403125 0.35703125 0.01328125 0.03828125
0 0.221875 0.365625 0.02265625 0.03515625
0 0.28359375 0.3890625 0.009375 0.03984375
0 0.21171875 0.403125 0.0171875 0.04609375
0 0.28828125 0.41953125 0.01796875 0.040625
0 0.3984375 0.42109375 0.0140625 0.03515625
0 0.209375 0.42890625 0.0109375 0.02109375
0 0.3 0.43046875 0.01640625 0.0359375
0 0.23046875 0.453125 0.0125 0.021875
0 0.22578125 0.47578125 0.0125 0.021875
0 0.25 0.478125 0.01171875 0.0203125
0 0.2328125 0.503125 0.03203125 0.02109375
0 0.20390625 0.51796875 0.01484375 0.0546875
0 0.2328125 0.53515625 0.02265625 0.02421875
0 0.23203125 0.5609375 0.01640625 0.02578125