0 0.55078125 0.6734375 0.02109375 0.03984375
0 0.4578125 0.70703125 0.0203125 0.03125
0 0.6125 0.71328125 0.025 0.0515625
0 0.48203125 0.715625 0.02109375 0.0359375
0 0.56640625 0.06953125 0.04453125 0.07578125
0 0.59375 0.83125 0.02109375 0.05625
0 0.54609375 0.915625 0.0296875 0.059375
0 0.56640625 0.93984375 0.015625 0.04453125
0 0.78515625 0.16875 0.05625 0.06875
0 0.609375 0.17109375 0.03828125 0.0625
0 0.4578125 0.20703125 0.0234375 0.04453125
0 0.58984375 0.21328125 0.02890625 0.05390625
0 0.6140625 0.23671875 0.03203125 0.0546875
0 0.55625 0.24765625 0.02890625 0.05546875
0 0.746875 0.27421875 0.0234375 0.02890625
0 0.72109375 0.31640625 0.0375 0.05
0 0.09296875 0.33671875 0.046875 0.03203125
0 0.553125 0.384375 0.02578125 0.046875
0 0.54609375 0.42109375 0.021875 0.028125
0 0.5546875 0.44296875 0.0234375 0.0265625
0 0.4796875 0.44453125 0.03671875 0.03671875
0 0.5546875 0.45078125 0.025 0.03203125
0 0.5828125 0.453125 0.03515625 0.028125
0 0.47109375 0.4859375 0.0296875 0.03203125
0 0.58046875 0.48828125 0.025 0.0390625
0 0.55625 0.50234375 0.028125 0.0265625
0 0.75078125 0.53203125 0.04609375 0.04453125
0 0.59140625 0.55078125 0.04609375 0.0578125
0 0.68515625 0.60234375 0.04375 0.040625
0 0.528125 0.6203125 0.0328125 0.03046875
0 0.58671875 0.65234375 0.03359375 0.0421875