0 0.48515625 0.98359375 0.01484375 0.03203125
0 0.9109375 0.65390625 0.01953125 0.05234375
0 0.81015625 0.4125 0.01328125 0.04296875
0 0.74296875 0.4609375 0.01640625 0.05078125
0 0.73515625 0.48515625 0.01171875 0.040625
0 0.534375 0.24296875 0.00859375 0.040625
0 0.521875 0.10078125 0.00859375 0.034375
0 0.52421875 0.6328125 0.01640625 0.0515625
0 0.6640625 0.446875 0.01171875 0.0453125
0 0.20625 0.9953125 0.021875 0.009375
0 0.34296875 0.67734375 0.0171875 0.04765625
0 0.24609375 0.565625 0.01640625 0.05078125
0 0.3859375 0.35234375 0.01015625 0.04375
0 0.32421875 0.209375 0.009375 0.0453125
0 0.1671875 0.01484375 0.009375 0.0296875
0 0.08984375 0.1265625 0.01328125 0.04140625
0 0.09296875 0.209375 0.0109375 0.03828125
0 0.021875 0.5640625 0.0140625 0.05
0 0.0078125 0.384375 0.015625 0.05078125