0 0.340625 0.46484375 0.0078125 0.01640625
0 0.43125 0.5859375 0.0078125 0.0203125
0 0.00859375 0.76640625 0.0171875 0.015625
0 0.16640625 0.540625 0.01328125 0.01640625
0 0.1703125 0.50078125 0.00859375 0.01171875
0 0.18359375 0.50078125 0.01484375 0.0140625
0 0.18203125 0.51796875 0.01015625 0.025
0 0.22734375 0.12890625 0.01171875 0.02578125
0 0.2203125 0.14921875 0.009375 0.03515625
0 0.284375 0.26875 0.01640625 0.0296875
0 0.33046875 0.0515625 0.01328125 0.021875
0 0.64296875 0.240625 0.0109375 0.0296875
0 0.63984375 0.22109375 0.01171875 0.02421875
0 0.74453125 0.296875 0.01171875 0.02890625
0 0.76015625 0.29140625 0.0125 0.021875