0 0.39921875 0.1375 0.00859375 0.02109375
0 0.4140625 0.14140625 0.00859375 0.0234375
0 0.4046875 0.15390625 0.00859375 0.02109375
0 0.45234375 0.25234375 0.00546875 0.02578125
0 0.49375 0.2546875 0.0078125 0.03203125
0 0.490625 0.2734375 0.0078125 0.04375
0 0.48984375 0.44765625 0.009375 0.0375
0 0.47734375 0.4515625 0.009375 0.03984375
0 0.478125 0.4578125 0.0078125 0.02734375
0 0.49296875 0.4734375 0.00859375 0.03203125
0 0.47578125 0.47734375 0.009375 0.03984375
0 0.49140625 0.490625 0.00859375 0.0296875
0 0.4921875 0.51015625 0.01171875 0.04140625
0 0.2390625 0.04375 0.00703125 0.0359375
0 0.24609375 0.04609375 0.009375 0.03515625
0 0.48984375 0.60703125 0.0109375 0.03984375
0 0.38671875 0.63828125 0.01171875 0.04140625
0 0.37421875 0.65078125 0.0140625 0.0375
0 0.3421875 0.70703125 0.01015625 0.03359375
0 0.34921875 0.71328125 0.0140625 0.0375
0 0.128125 0.7671875 0.01875 0.0390625
0 0.12421875 0.78515625 0.01953125 0.04140625
0 0.465625 0.08125 0.009375 0.0390625
0 0.4578125 0.08203125 0.00625 0.0375
0 0.36875 0.003125 0.00703125 0.00625