0 0.94921875 0.71640625 0.01953125 0.0484375
0 0.990625 0.5703125 0.01875 0.034375
0 0.94609375 0.3796875 0.01640625 0.0421875
0 0.89609375 0.21484375 0.01171875 0.040625
0 0.790625 0.08671875 0.01015625 0.03671875
0 0.69765625 0.16953125 0.0109375 0.03984375
0 0.7 0.15546875 0.00859375 0.0390625
0 0.63203125 0.15546875 0.00859375 0.0375
0 0.54453125 0.24765625 0.00859375 0.03984375
0 0.559375 0.01796875 0.00859375 0.0359375
0 0.51796875 0.82265625 0.01796875 0.05546875
0 0.37421875 0.8234375 0.01484375 0.05859375
0 0.559375 0.425 0.01015625 0.04921875
0 0.1125 0.28828125 0.0109375 0.04296875
0 0.00703125 0.4546875 0.0140625 0.05
0 0.39140625 0.45078125 0.01328125 0.0453125
0 0.39765625 0.2953125 0.01015625 0.0421875
0 0.30703125 0.23671875 0.01015625 0.04296875
0 0.415625 0.11796875 0.009375 0.03515625
0 0.15703125 0.01484375 0.0109375 0.0296875
0 0.403125 0.01953125 0.00859375 0.03828125