0 0.46875 0.6953125 0.009375 0.01171875
0 0.27890625 0.7140625 0.0125 0.015625
0 0.23125 0.71484375 0.01328125 0.01328125
0 0.2 0.73984375 0.01796875 0.01328125
0 0.28125 0.78046875 0.01171875 0.0171875
0 0.178125 0.78125 0.021875 0.01015625
0 0.26328125 0.78203125 0.01328125 0.01875
0 0.1984375 0.784375 0.01640625 0.0109375
0 0.24609375 0.8 0.01328125 0.01015625
0 0.27890625 0.803125 0.01484375 0.01484375
0 0.28125 0.8140625 0.0109375 0.015625
0 0.28203125 0.82578125 0.0125 0.0125
0 0.28046875 0.84453125 0.01015625 0.015625
0 0.259375 0.846875 0.01484375 0.01796875
0 0.2828125 0.86484375 0.01015625 0.015625
0 0.25 0.90859375 0.015625 0.0140625
0 0.2296875 0.92421875 0.0125 0.015625
0 0.221875 0.92421875 0.01015625 0.00859375
0 0.215625 0.925 0.0109375 0.0125
0 0.24296875 0.925 0.01875 0.0125
0 0.26484375 0.93046875 0.0125 0.015625
0 0.2296875 0.9484375 0.01328125 0.01796875
0 0.24921875 0.95859375 0.0203125 0.01796875
0 0.51015625 0.31640625 0.00703125 0.0234375
0 0.5375 0.3296875 0.00703125 0.02109375
0 0.5484375 0.3484375 0.00859375 0.01640625
0 0.59375 0.3609375 0.0078125 0.01484375
0 0.571875 0.3796875 0.00859375 0.015625
0 0.69140625 0.39609375 0.009375 0.0171875
0 0.69765625 0.4 0.01015625 0.015625
0 0.6125 0.4046875 0.01328125 0.01875
0 0.8796875 0.4125 0.01875 0.01328125
0 0.3296875 0.41328125 0.009375 0.02109375
0 0.6703125 0.41484375 0.009375 0.0203125
0 0.68359375 0.4203125 0.01328125 0.01484375
0 0.790625 0.425 0.0109375 0.015625
0 0.81015625 0.42890625 0.01171875 0.01484375
0 0.89296875 0.43359375 0.009375 0.0171875
0 0.9140625 0.4375 0.01796875 0.015625
0 0.903125 0.43828125 0.0125 0.0125
0 0.31328125 0.4390625 0.0171875 0.01875
0 0.9484375 0.44609375 0.01640625 0.01328125
0 0.8953125 0.45390625 0.01484375 0.01171875
0 0.89921875 0.46015625 0.01796875 0.01171875
0 0.9578125 0.46171875 0.01796875 0.0125
0 0.95703125 0.4671875 0.0171875 0.01171875
0 0.95703125 0.49140625 0.01328125 0.0140625
0 0.6671875 0.49375 0.009375 0.015625
0 0.6421875 0.5 0.009375 0.01953125
0 0.86875 0.50234375 0.015625 0.015625
0 0.459375 0.509375 0.01171875 0.01640625
0 0.31875 0.51328125 0.0078125 0.00703125
0 0.31796875 0.51875 0.0140625 0.0109375
0 0.4796875 0.51875 0.0078125 0.01328125
0 0.56484375 0.52421875 0.00703125 0.009375
0 0.56953125 0.5265625 0.00859375 0.0125
0 0.3171875 0.53125 0.009375 0.0140625
0 0.46328125 0.5328125 0.0078125 0.0140625
0 0.57109375 0.53828125 0.0078125 0.01328125
0 0.47578125 0.53984375 0.01015625 0.0140625
0 0.30703125 0.5703125 0.0125 0.01484375
0 0.26875 0.57890625 0.01328125 0.0140625
0 0.284375 0.60390625 0.0109375 0.0125
0 0.375 0.6046875 0.0125 0.0140625
0 0.30390625 0.6078125 0.01015625 0.01171875
0 0.28046875 0.6109375 0.01171875 0.015625
0 0.30859375 0.6578125 0.0125 0.01484375