0 0.57578125 0.15546875 0.0125 0.02578125
0 0.578125 0.19453125 0.01015625 0.02578125
0 0.56640625 0.34453125 0.01484375 0.0328125
0 0.05546875 0.375 0.01875 0.040625
0 0.57265625 0.40625 0.01171875 0.02734375
0 0.44765625 0.43203125 0.009375 0.03828125
0 0.45859375 0.4375 0.0078125 0.03828125
0 0.5296875 0.5234375 0.01484375 0.03125
0 0.35625 0.6203125 0.015625 0.0328125
0 0.221875 0.65234375 0.01796875 0.0421875
0 0.459375 0.671875 0.01484375 0.03828125
0 0.46640625 0.78671875 0.0125 0.03125
0 0.28046875 0.83125 0.015625 0.0390625