0 0.90703125 0.96015625 0.02578125 0.02578125
0 0.33359375 0.89453125 0.02109375 0.034375
0 0.6515625 0.49453125 0.01640625 0.01875
0 0.64453125 0.43125 0.02265625 0.03203125
0 0.6109375 0.36328125 0.0171875 0.01796875
0 0.971875 0.41015625 0.0125 0.03203125
0 0.8625 0.20546875 0.0125 0.02109375
0 0.62734375 0.32734375 0.0140625 0.0265625
0 0.6046875 0.315625 0.0125 0.03046875
0 0.6296875 0.27734375 0.00625 0.0265625
0 0.625 0.2625 0.01015625 0.0234375
0 0.63359375 0.25859375 0.0109375 0.0234375
0 0.609375 0.2265625 0.009375 0.0265625
0 0.60390625 0.16484375 0.00859375 0.02890625
0 0.7765625 0.05703125 0.0109375 0.0171875
0 0.78359375 0.053125 0.009375 0.015625
0 0.53828125 0.0578125 0.0125 0.0234375
0 0.5296875 0.284375 0.0109375 0.0296875
0 0.54140625 0.33125 0.0078125 0.02890625
0 0.54765625 0.35703125 0.01484375 0.034375
0 0.4953125 0.4515625 0.01484375 0.03203125
0 0.49609375 0.32734375 0.01484375 0.02734375
0 0.509375 0.40078125 0.0171875 0.02265625
0 0.475 0.6078125 0.02421875 0.0171875
0 0.4703125 0.57890625 0.02421875 0.0171875
0 0.45703125 0.49609375 0.0234375 0.01796875
0 0.47890625 0.49375 0.0203125 0.01796875
0 0.4859375 0.51953125 0.02109375 0.01640625
0 0.45 0.45234375 0.02109375 0.0171875
0 0.44296875 0.4265625 0.025 0.02109375
0 0.45078125 0.3234375 0.01796875 0.021875
0 0.4328125 0.33046875 0.01640625 0.02109375
0 0.44140625 0.26796875 0.0203125 0.01796875
0 0.4546875 0.16484375 0.01171875 0.025
0 0.4734375 0.45546875 0.01875 0.034375
0 0.478125 0.5484375 0.01171875 0.02265625
0 0.3796875 0.47578125 0.0125 0.0296875
0 0.36953125 0.51015625 0.01171875 0.021875
0 0.40390625 0.52421875 0.01875 0.03125
0 0.3796875 0.32578125 0.01484375 0.0265625
0 0.34921875 0.18984375 0.01171875 0.0265625
0 0.3578125 0.1875 0.009375 0.025
0 0.29453125 0.5109375 0.0125 0.03359375
0 0.328125 0.5859375 0.015625 0.03359375
0 0.3125 0.571875 0.015625 0.021875
0 0.27890625 0.59609375 0.01796875 0.03046875
0 0.32421875 0.625 0.0171875 0.03046875
0 0.2734375 0.43671875 0.0203125 0.03359375
0 0.19140625 0.5515625 0.01953125 0.02578125
0 0.2 0.54609375 0.01640625 0.02890625
0 0.1984375 0.3921875 0.02109375 0.03125
0 0.14375 0.37265625 0.0203125 0.0296875
0 0.1484375 0.44375 0.021875 0.03203125
0 0.19140625 0.43359375 0.01875 0.0375
0 0.15859375 0.40546875 0.02109375 0.03359375
0 0.16640625 0.4484375 0.01953125 0.03125
0 0.125 0.59921875 0.015625 0.021875
0 0.0625 0.30859375 0.01484375 0.02265625
0 0.165625 0.32109375 0.0125 0.02265625
0 0.178125 0.3125 0.0171875 0.02109375
0 0.31640625 0.20078125 0.01484375 0.0296875