0 0.5390625 0.565625 0.01328125 0.04609375
0 0.475 0.4 0.0078125 0.04375
0 0.940625 0.4703125 0.01484375 0.05234375
0 0.8078125 0.33203125 0.01328125 0.03671875
0 0.746875 0.25625 0.0125 0.03671875
0 0.4625 0.2109375 0.00703125 0.03828125
0 0.7015625 0.1515625 0.01015625 0.02734375
0 0.41875 0.9125 0.0140625 0.06328125
0 0.36328125 0.6375 0.01171875 0.04765625
0 0.36015625 0.56015625 0.015625 0.053125
0 0.3375 0.43125 0.009375 0.04375
0 0.128125 0.60703125 0.01484375 0.053125
0 0.0375 0.2703125 0.015625 0.03828125
0 0.25625 0.11484375 0.0109375 0.034375
0 0.309375 0.2484375 0.0078125 0.03984375
0 0.34453125 0.03984375 0.0078125 0.03203125
0 0.36015625 0.15390625 0.009375 0.034375
0 0.440625 0.1078125 0.00625 0.034375
0 0.5125 0.04140625 0.0078125 0.034375
0 0.51796875 0.053125 0.00625 0.0296875
0 0.55625 0.0453125 0.0078125 0.03046875
0 0.0046875 0.40390625 0.009375 0.0390625