0 0.72890625 0.13359375 0.01171875 0.03671875
0 0.7046875 0.16015625 0.01171875 0.0390625
0 0.66875 0.16796875 0.01015625 0.03671875
0 0.65546875 0.17421875 0.01328125 0.03515625
0 0.7140625 0.175 0.01328125 0.03515625
0 0.70234375 0.1921875 0.01328125 0.0390625
0 0.62421875 0.24140625 0.009375 0.0390625
0 0.63125 0.25 0.01171875 0.04296875
0 0.73203125 0.25859375 0.01640625 0.03515625
0 0.6875 0.30703125 0.00859375 0.03515625
0 0.73125 0.3125 0.0125 0.025
0 0.675 0.3203125 0.009375 0.03203125
0 0.68125 0.32109375 0.00703125 0.025
0 0.6890625 0.32421875 0.00703125 0.02421875
0 0.73125 0.3375 0.0125 0.03515625
0 0.55703125 0.33984375 0.00703125 0.028125
0 0.58125 0.3484375 0.01328125 0.03671875
0 0.640625 0.378125 0.01328125 0.04296875
0 0.70859375 0.3796875 0.01015625 0.03828125
0 0.6953125 0.3859375 0.01328125 0.040625
0 0.44765625 0.39765625 0.01015625 0.03671875
0 0.68828125 0.4046875 0.0140625 0.03515625
0 0.671875 0.41171875 0.0109375 0.03671875
0 0.53828125 0.4140625 0.009375 0.028125
0 0.39296875 0.44296875 0.01015625 0.03515625
0 0.36953125 0.45078125 0.0125 0.03515625
0 0.4078125 0.45078125 0.00859375 0.0328125
0 0.41640625 0.47109375 0.01484375 0.0390625
0 0.375 0.47578125 0.0109375 0.03046875
0 0.434375 0.48359375 0.0171875 0.04296875
0 0.328125 0.48984375 0.0125 0.03515625
0 0.35546875 0.4921875 0.0125 0.040625
0 0.3703125 0.4953125 0.015625 0.03515625
0 0.35859375 0.51171875 0.0125 0.03515625
0 0.390625 0.51171875 0.0109375 0.03515625
0 0.3828125 0.51171875 0.01328125 0.0421875
0 0.403125 0.521875 0.0140625 0.03515625
0 0.284375 0.5546875 0.01953125 0.040625
0 0.246875 0.56171875 0.02109375 0.03671875
0 0.2921875 0.56640625 0.02109375 0.0390625
0 0.3625 0.57265625 0.01015625 0.01640625
0 0.34453125 0.5859375 0.01328125 0.034375
0 0.346875 0.590625 0.01328125 0.03671875
0 0.1890625 0.59296875 0.02421875 0.0390625
0 0.2953125 0.59609375 0.015625 0.0390625
0 0.315625 0.60859375 0.0109375 0.021875
0 0.23046875 0.61328125 0.0171875 0.03203125
0 0.31875 0.6171875 0.01015625 0.021875
0 0.2765625 0.6234375 0.02109375 0.03203125
0 0.203125 0.63359375 0.0171875 0.03203125
0 0.15 0.646875 0.01953125 0.02890625
0 0.21640625 0.65703125 0.0125 0.03203125
0 0.1421875 0.65859375 0.015625 0.040625
0 0.1875 0.6703125 0.01953125 0.0390625
0 0.225 0.671875 0.01796875 0.03203125
0 0.18984375 0.67421875 0.01796875 0.03046875
0 0.1953125 0.68828125 0.02109375 0.034375
0 0.884375 0.70546875 0.0234375 0.03515625
0 0.83671875 0.07265625 0.01640625 0.03828125
0 0.1078125 0.76171875 0.02265625 0.03046875
0 0.98515625 0.86328125 0.02890625 0.0421875
0 0.71328125 0.10625 0.0109375 0.040625
0 0.71640625 0.11640625 0.009375 0.03671875