0 0.35703125 0.17421875 0.01328125 0.03046875
0 0.4125 0.259375 0.00859375 0.02578125
0 0.40078125 0.39765625 0.0125 0.0203125
0 0.4390625 0.3984375 0.01171875 0.0203125
0 0.43984375 0.4296875 0.01015625 0.021875
0 0.38828125 0.45703125 0.0125 0.02265625
0 0.4015625 0.45859375 0.01015625 0.021875
0 0.34453125 0.47578125 0.01640625 0.03125
0 0.3984375 0.48125 0.0171875 0.02265625
0 0.4375 0.49453125 0.01171875 0.0203125
0 0.3875 0.59296875 0.01328125 0.0171875
0 0.45 0.7 0.0125 0.0171875
0 0.7265625 0.81875 0.02109375 0.0203125
0 0.99296875 0.9234375 0.0125 0.01015625
0 0.975 0.9265625 0.03125 0.01640625
0 0.6234375 0.9265625 0.0125 0.0171875
0 0.825 0.94921875 0.02109375 0.01875