0 0.034375 0.09453125 0.01875 0.02734375
0 0.596875 0.0109375 0.00703125 0.02109375
0 0.67734375 0.209375 0.0109375 0.0328125
0 0.8015625 0.25546875 0.009375 0.0171875
0 0.64453125 0.278125 0.01015625 0.03359375
0 0.75390625 0.3046875 0.01015625 0.03046875
0 0.74296875 0.30859375 0.0109375 0.0203125
0 0.7703125 0.32578125 0.0140625 0.02109375
0 0.7765625 0.36484375 0.01328125 0.025
0 0.0625 0.38515625 0.01953125 0.03046875
0 0.82109375 0.41640625 0.01171875 0.02421875
0 0.5265625 0.04375 0.00546875 0.02578125
0 0.52265625 0.0453125 0.00546875 0.025
0 0.8359375 0.5140625 0.01484375 0.03203125
0 0.52578125 0.07109375 0.00859375 0.02890625
0 0.03671875 0.07109375 0.0203125 0.03046875
0 0.85625 0.84375 0.01953125 0.021875
0 0.89453125 0.8453125 0.02265625 0.0203125