0 0.50703125 0.8140625 0.0046875 0.01171875
0 0.528125 0.5296875 0.0046875 0.01484375
0 0.5375 0.50859375 0.0046875 0.01328125
0 0.54296875 0.50625 0.00546875 0.01328125
0 0.55703125 0.365625 0.00625 0.01796875
0 0.58203125 0.27421875 0.00546875 0.01484375
0 0.60546875 0.01328125 0.00625 0.01875
0 0.30546875 0.159375 0.0078125 0.01640625
0 0.30859375 0.09921875 0.00703125 0.01796875
0 0.7109375 0.3265625 0.01015625 0.03203125
0 0.79375 0.34921875 0.00859375 0.01328125
0 0.790625 0.359375 0.01328125 0.01171875