0 0.9015625 0.41484375 0.01796875 0.046875
0 0.790625 0.28984375 0.0109375 0.03671875
0 0.7171875 0.22421875 0.01015625 0.0375
0 0.68671875 0.121875 0.01015625 0.028125
0 0.53828125 0.0296875 0.0078125 0.03203125
0 0.509375 0.03515625 0.00703125 0.03046875
0 0.48984375 0.0203125 0.0078125 0.0328125
0 0.45 0.18359375 0.0078125 0.0375
0 0.428125 0.0859375 0.00625 0.03203125
0 0.35703125 0.13828125 0.0109375 0.03671875
0 0.3046875 0.21328125 0.0078125 0.03515625
0 0.2390625 0.09765625 0.0078125 0.03515625
0 0.3328125 0.0234375 0.0078125 0.03203125
0 0.5265625 0.50546875 0.01875 0.0453125
0 0.47578125 0.3546875 0.009375 0.0421875
0 0.33828125 0.38515625 0.0109375 0.04140625
0 0.3609375 0.50390625 0.021875 0.05234375
0 0.3640625 0.575 0.01171875 0.04609375
0 0.1390625 0.55234375 0.0125 0.04921875
0 0.4109375 0.853125 0.015625 0.06640625
0 0.0328125 0.24296875 0.01171875 0.040625
0 0.01171875 0.37265625 0.01796875 0.0421875