0 0.9578125 0.315625 0.01796875 0.01875
0 0.95703125 0.3265625 0.02109375 0.01640625
0 0.6265625 0.3765625 0.009375 0.01796875
0 0.5796875 0.62890625 0.01015625 0.01875
0 0.65234375 0.71015625 0.01015625 0.01640625
0 0.69296875 0.7109375 0.01171875 0.01875
0 0.7453125 0.71875 0.0125 0.0140625
0 0.715625 0.73359375 0.015625 0.0203125
0 0.6859375 0.7515625 0.009375 0.01796875
0 0.6171875 0.7546875 0.009375 0.0203125
0 0.13671875 0.759375 0.01640625 0.0140625
0 0.73203125 0.76171875 0.01171875 0.02265625
0 0.753125 0.76328125 0.0140625 0.01640625
0 0.67265625 0.76484375 0.01171875 0.01875
0 0.13046875 0.78125 0.01171875 0.0140625
0 0.32265625 0.78515625 0.009375 0.01875
0 0.4453125 0.796875 0.0109375 0.0203125
0 0.45546875 0.81640625 0.0078125 0.021875
0 0.4375 0.821875 0.00859375 0.01875
0 0.6109375 0.8796875 0.0109375 0.028125
0 0.59375 0.971875 0.0109375 0.02265625