0 0.55859375 0.046875 0.009375 0.021875
0 0.49453125 0.08828125 0.00703125 0.0265625
0 0.45390625 0.16875 0.00859375 0.02578125
0 0.4390625 0.1875 0.009375 0.02578125
0 0.40390625 0.2 0.01015625 0.01875
0 0.3921875 0.2515625 0.00859375 0.02265625
0 0.67421875 0.08828125 0.00625 0.0296875
0 0.55859375 0.2734375 0.0109375 0.015625
0 0.4921875 0.36328125 0.0125 0.0140625
0 0.47578125 0.44296875 0.01015625 0.01875
0 0.4875 0.49765625 0.00859375 0.01796875
0 0.49921875 0.490625 0.01015625 0.0203125
0 0.52265625 0.56640625 0.0125 0.01796875
0 0.33203125 0.24375 0.0125 0.025
0 0.31171875 0.3359375 0.01171875 0.02109375
0 0.29921875 0.32890625 0.0125 0.025
0 0.2359375 0.4640625 0.021875 0.021875
0 0.225 0.5015625 0.0171875 0.02109375
0 0.21171875 0.4984375 0.01640625 0.01796875
0 0.2125 0.509375 0.01875 0.0171875
0 0.1875 0.53203125 0.0171875 0.01640625
0 0.175 0.5453125 0.01796875 0.01796875
0 0.1765625 0.565625 0.01484375 0.01328125
0 0.15703125 0.56015625 0.0171875 0.01796875
0 0.1578125 0.69140625 0.01484375 0.0171875
0 0.028125 0.7578125 0.01875 0.0171875
0 0.18671875 0.890625 0.0203125 0.01875
0 0.2828125 0.84609375 0.01640625 0.0125
0 0.29375 0.865625 0.01875 0.0203125
0 0.253125 0.8921875 0.0140625 0.01328125