0 0.29296875 0.33671875 0.0265625 0.0453125
0 0.49375 0.02578125 0.0125 0.0515625
0 0.5125 0.03046875 0.0125 0.04921875
0 0.565625 0.175 0.01953125 0.0515625
0 0.63125 0.31640625 0.0171875 0.05703125
0 0.81953125 0.3265625 0.025 0.06015625
0 0.83046875 0.33359375 0.02421875 0.05703125
0 0.8390625 0.3125 0.02265625 0.0453125
0 0.3734375 0.5984375 0.0171875 0.021875
0 0.3703125 0.62890625 0.01484375 0.034375
0 0.39609375 0.6953125 0.01953125 0.03515625
0 0.37421875 0.65703125 0.0140625 0.025
0 0.37890625 0.584375 0.0140625 0.02578125
0 0.40234375 0.6203125 0.01484375 0.02734375