0 0.35390625 0.22421875 0.0125 0.02421875
0 0.33671875 0.228125 0.01171875 0.01875
0 0.384375 0.24765625 0.0078125 0.02421875
0 0.28046875 0.46875 0.00859375 0.028125
0 0.18671875 0.59609375 0.0109375 0.03359375
0 0.1859375 0.621875 0.0109375 0.0328125
0 0.14296875 0.6609375 0.0140625 0.03671875
0 0.12890625 0.7171875 0.0140625 0.03125
0 0.1125 0.7890625 0.015625 0.0265625
0 0.1609375 0.78984375 0.01328125 0.03359375
0 0.10859375 0.8 0.0125 0.02421875
0 0.15078125 0.8 0.0140625 0.03515625
0 0.0921875 0.87265625 0.01796875 0.03125
0 0.0890625 0.88671875 0.01484375 0.028125
0 0.353125 0.08671875 0.00703125 0.02109375
0 0.3046875 0.9078125 0.01171875 0.028125
0 0.07890625 0.9296875 0.01875 0.03125
0 0.3 0.93046875 0.009375 0.02265625
0 0.30859375 0.9390625 0.01171875 0.03125
0 0.09609375 0.959375 0.0125 0.02421875
0 0.92890625 0.96875 0.01171875 0.03359375
0 0.090625 0.97109375 0.009375 0.02421875
0 0.296875 0.103125 0.009375 0.02578125