0 0.45859375 0.1453125 0.00625 0.01796875
0 0.3484375 0.2375 0.00625 0.0140625
0 0.35390625 0.24765625 0.00625 0.01171875
0 0.18046875 0.26875 0.00703125 0.009375
0 0.18203125 0.27734375 0.0078125 0.01328125
0 0.45625 0.43046875 0.00625 0.0140625
0 0.45078125 0.434375 0.00625 0.01328125
0 0.59609375 0.0734375 0.00546875 0.01796875
0 0.5875 0.078125 0.00390625 0.0140625
0 0.590625 0.08125 0.00390625 0.01328125
0 0.79296875 0.08828125 0.00625 0.0171875
0 0.5828125 0.1203125 0.00546875 0.01328125
0 0.58515625 0.12421875 0.0046875 0.01328125