0 0.303125 0.10703125 0.0078125 0.0234375
0 0.2953125 0.10859375 0.00625 0.02109375
0 0.29921875 0.2078125 0.00859375 0.02734375
0 0.353125 0.5046875 0.0109375 0.0265625
0 0.365625 0.50859375 0.00859375 0.02734375
0 0.2375 0.509375 0.01171875 0.034375
0 0.30546875 0.521875 0.00859375 0.021875
0 0.3390625 0.5234375 0.0109375 0.025
0 0.278125 0.52734375 0.00859375 0.0234375
0 0.309375 0.5546875 0.0078125 0.0234375
0 0.3359375 0.55546875 0.0109375 0.021875
0 0.28125 0.56796875 0.0078125 0.025
0 0.24921875 0.6625 0.0078125 0.02890625
0 0.27734375 0.6671875 0.009375 0.02109375
0 0.22109375 0.76484375 0.015625 0.03359375
0 0.25078125 0.81328125 0.01015625 0.03046875
0 0.31484375 0.0578125 0.00546875 0.01796875
0 0.20234375 0.89296875 0.0109375 0.025
0 0.19140625 0.9140625 0.0109375 0.025
0 0.2609375 0.91484375 0.009375 0.0265625