0 0.25390625 0.12421875 0.0125 0.02578125
0 0.45390625 0.4875 0.0109375 0.01796875
0 0.46640625 0.48125 0.009375 0.0171875
0 0.47421875 0.49296875 0.00703125 0.01875
0 0.27890625 0.53984375 0.01171875 0.0171875
0 0.0671875 0.415625 0.01875 0.02109375
0 0.08203125 0.42109375 0.01953125 0.01796875
0 0.09140625 0.4796875 0.01875 0.0203125
0 0.0234375 0.44765625 0.01953125 0.01875
0 0.0640625 0.51796875 0.02109375 0.0203125
0 0.0109375 0.67890625 0.02109375 0.01875
0 0.02109375 0.8015625 0.0203125 0.0140625
0 0.07109375 0.6953125 0.01875 0.0171875
0 0.01640625 0.88359375 0.02578125 0.0140625
0 0.51171875 0.765625 0.0125 0.0140625
0 0.99140625 0.49765625 0.01484375 0.0203125