0 0.9640625 0.15625 0.01015625 0.0140625
0 0.9671875 0.16640625 0.01171875 0.0203125
0 0.93125 0.1765625 0.0140625 0.02578125
0 0.9375 0.19296875 0.01171875 0.01484375
0 0.84453125 0.184375 0.00703125 0.0140625
0 0.846875 0.16875 0.0140625 0.01953125
0 0.8296875 0.10078125 0.01171875 0.021875
0 0.70625 0.1140625 0.00859375 0.0265625
0 0.68515625 0.07890625 0.009375 0.02578125
0 0.4609375 0.08125 0.00546875 0.01328125
0 0.34296875 0.09921875 0.00859375 0.02578125
0 0.12734375 0.20703125 0.01328125 0.02109375
0 0.0390625 0.240625 0.01640625 0.01875