0 0.26875 0.2953125 0.00859375 0.025
0 0.2046875 0.3046875 0.00859375 0.03125
0 0.21328125 0.3953125 0.009375 0.02109375
0 0.7140625 0.6984375 0.0078125 0.02421875
0 0.75625 0.715625 0.01171875 0.02421875
0 0.76640625 0.73359375 0.0078125 0.0265625
0 0.64140625 0.75078125 0.0078125 0.02421875
0 0.75390625 0.77109375 0.0109375 0.025
0 0.65546875 0.8234375 0.0078125 0.02421875
0 0.78203125 0.8265625 0.01328125 0.02109375
0 0.134375 0.828125 0.0078125 0.0296875
0 0.64765625 0.8296875 0.00703125 0.02421875
0 0.140625 0.8328125 0.009375 0.025
0 0.79921875 0.9109375 0.00859375 0.0296875
0 0.8125 0.9828125 0.0125 0.025
0 0.70859375 0.98359375 0.0109375 0.03203125