0 0.24375 0.34296875 0.01484375 0.04453125
0 0.496875 0.40859375 0.00859375 0.028125
0 0.125 0.0421875 0.025 0.04921875
0 0.49765625 0.4234375 0.009375 0.02890625
0 0.4453125 0.4359375 0.00859375 0.03203125
0 0.4453125 0.44140625 0.009375 0.0328125
0 0.453125 0.4421875 0.009375 0.03671875
0 0.47109375 0.44375 0.00859375 0.0265625
0 0.40546875 0.45859375 0.01015625 0.0390625
0 0.46953125 0.459375 0.01640625 0.03515625
0 0.53203125 0.4609375 0.0078125 0.03515625
0 0.3578125 0.4984375 0.01171875 0.03203125
0 0.70078125 0.50859375 0.0125 0.03203125
0 0.08046875 0.51484375 0.0203125 0.04921875
0 0.065625 0.51875 0.0234375 0.046875
0 0.75625 0.52578125 0.01640625 0.03203125
0 0.09921875 0.53046875 0.01640625 0.03828125
0 0.309375 0.53125 0.02109375 0.0390625
0 0.325 0.54453125 0.01171875 0.03515625
0 0.59609375 0.5453125 0.0125 0.03046875
0 0.1875 0.63359375 0.02109375 0.03671875