0 0.75625 0.86640625 0.0171875 0.046875
0 0.60078125 0.6734375 0.0140625 0.04765625
0 0.9140625 0.6625 0.0171875 0.0421875
0 0.7953125 0.42265625 0.0171875 0.0375
0 0.66953125 0.16015625 0.009375 0.03828125
0 0.58828125 0.0984375 0.00625 0.0328125
0 0.4859375 0.0734375 0.0109375 0.03203125
0 0.3921875 0.26328125 0.009375 0.0359375
0 0.38125 0.153125 0.00859375 0.034375
0 0.31484375 0.0671875 0.00859375 0.034375
0 0.29765625 0.81484375 0.02421875 0.059375
0 0.3328125 0.51484375 0.01171875 0.05078125
0 0.0203125 0.8671875 0.025 0.0484375
0 0.078125 0.35546875 0.0140625 0.04296875
0 0.27890625 0.33203125 0.009375 0.0390625
0 0.29140625 0.2734375 0.0109375 0.046875
0 0.2171875 0.21953125 0.009375 0.0390625
0 0.184375 0.0828125 0.0109375 0.0328125
0 0.18671875 0.040625 0.0125 0.02890625
0 0.0921875 0.03046875 0.0109375 0.034375
0 0.75859375 0.2859375 0.0109375 0.040625