0 0.88125 0.9765625 0.0296875 0.04453125
0 0.9203125 0.92265625 0.03359375 0.10859375
0 0.8515625 0.79609375 0.03203125 0.090625
0 0.82734375 0.7859375 0.025 0.09375
0 0.80546875 0.79375 0.02265625 0.07109375
0 0.8375 0.67421875 0.0328125 0.10390625
0 0.8109375 0.64609375 0.02890625 0.09375
0 0.796875 0.6265625 0.02578125 0.09375
0 0.81328125 0.534375 0.02890625 0.09921875
0 0.85390625 0.51640625 0.03203125 0.103125
0 0.9609375 0.496875 0.03203125 0.08515625
0 0.94765625 0.43828125 0.034375 0.090625
0 0.615625 0.5265625 0.02734375 0.12109375
0 0.65234375 0.5828125 0.02421875 0.08828125
0 0.66875 0.60234375 0.0234375 0.07109375
0 0.67890625 0.66796875 0.02421875 0.09140625
0 0.553125 0.46875 0.03125 0.1234375
0 0.52734375 0.3546875 0.040625 0.09453125
0 0.38125 0.22421875 0.02421875 0.096875
0 0.21796875 0.35078125 0.03203125 0.09296875
0 0.26015625 0.4390625 0.021875 0.08359375
0 0.28359375 0.453125 0.03515625 0.10078125
0 0.15078125 0.409375 0.02890625 0.09609375
0 0.14453125 0.3796875 0.034375 0.10546875
0 0.1875 0.32890625 0.02890625 0.096875
0 0.23671875 0.27890625 0.03359375 0.096875
0 0.22109375 0.2515625 0.0234375 0.0984375
0 0.16171875 0.25546875 0.034375 0.07890625
0 0.16015625 0.315625 0.02890625 0.08984375
0 0.1203125 0.19296875 0.03203125 0.109375
0 0.2625 0.12109375 0.03359375 0.10078125
0 0.22734375 0.1015625 0.03984375 0.10625
0 0.3984375 0.09296875 0.02578125 0.08671875
0 0.28984375 0.03359375 0.0234375 0.0671875
0 0.0796875 0.4765625 0.03984375 0.10078125
0 0.046875 0.43359375 0.02734375 0.10390625
0 0.06015625 0.4640625 0.02421875 0.08046875
0 0.07578125 0.36171875 0.040625 0.090625
0 0.053125 0.33046875 0.025 0.0890625
0 0.015625 0.58203125 0.03125 0.09140625