0 0.74453125 0.72109375 0.02734375 0.034375
0 0.73203125 0.76640625 0.01484375 0.03671875
0 0.75703125 0.79609375 0.0234375 0.03359375
0 0.81484375 0.8578125 0.02734375 0.040625
0 0.78125 0.8875 0.028125 0.034375
0 0.86171875 0.93203125 0.028125 0.02734375
0 0.87890625 0.93359375 0.0296875 0.02578125
0 0.17578125 0.13125 0.01328125 0.034375
0 0.478125 0.26875 0.0078125 0.03515625
0 0.4453125 0.315625 0.01171875 0.03671875
0 0.59609375 0.58125 0.01640625 0.04453125
0 0.63984375 0.58515625 0.01484375 0.04296875
0 0.24453125 0.06640625 0.0109375 0.0296875