0 0.5578125 0.02734375 0.009375 0.02265625
0 0.4921875 0.0703125 0.00703125 0.02734375
0 0.45078125 0.15234375 0.00859375 0.0265625
0 0.43515625 0.17109375 0.009375 0.0265625
0 0.39921875 0.18359375 0.01015625 0.01953125
0 0.3875 0.23671875 0.00859375 0.0234375
0 0.67578125 0.06953125 0.00625 0.03046875
0 0.5578125 0.25859375 0.0109375 0.015625
0 0.48984375 0.35078125 0.01328125 0.01484375
0 0.47265625 0.43203125 0.01015625 0.01953125
0 0.48515625 0.4875 0.00859375 0.01875
0 0.496875 0.48125 0.01015625 0.0203125
0 0.52109375 0.5578125 0.0125 0.01875
0 0.32578125 0.22890625 0.0125 0.025
0 0.30546875 0.32265625 0.01171875 0.02109375
0 0.29296875 0.31484375 0.01328125 0.025
0 0.228125 0.45390625 0.02265625 0.02265625
0 0.21640625 0.4921875 0.0171875 0.02109375
0 0.203125 0.4890625 0.01640625 0.01875
0 0.2046875 0.5 0.01875 0.0171875
0 0.178125 0.52265625 0.0171875 0.01640625
0 0.165625 0.53671875 0.01796875 0.01875
0 0.1671875 0.55703125 0.015625 0.01328125
0 0.14765625 0.55234375 0.0171875 0.01875
0 0.14765625 0.6859375 0.015625 0.0171875
0 0.015625 0.75390625 0.01875 0.0171875
0 0.17734375 0.8890625 0.0203125 0.01953125
0 0.27578125 0.84375 0.01640625 0.0125
0 0.28671875 0.86328125 0.01875 0.0203125
0 0.2453125 0.89140625 0.01484375 0.01328125