0 0.8609375 0.103125 0.02265625 0.0546875
0 0.7109375 0.11484375 0.02109375 0.05078125
0 0.853125 0.1171875 0.025 0.0609375
0 0.821875 0.1203125 0.02578125 0.05234375
0 0.20625 0.15625 0.02890625 0.0625
0 0.78828125 0.01640625 0.0203125 0.0328125
0 0.9734375 0.021875 0.025 0.04296875
0 0.47265625 0.02421875 0.0140625 0.04765625
0 0.66796875 0.0265625 0.0203125 0.053125
0 0.61171875 0.028125 0.01796875 0.05625
0 0.41875 0.02890625 0.025 0.05390625
0 0.23515625 0.36171875 0.046875 0.07265625
0 0.50234375 0.040625 0.02109375 0.05078125
0 0.6890625 0.04296875 0.01796875 0.06015625
0 0.703125 0.0671875 0.015625 0.0390625
0 0.7125 0.06875 0.021875 0.05546875
0 0.2015625 0.77890625 0.06640625 0.0890625
0 0.47109375 0.79140625 0.028125 0.06796875
0 0.77421875 0.078125 0.02109375 0.0546875
0 0.46875 0.82890625 0.0375 0.0703125
0 0.92265625 0.87734375 0.046875 0.08984375
0 0.81171875 0.08828125 0.03046875 0.05546875
0 0.9 0.92421875 0.078125 0.08359375
0 0.8171875 0.09375 0.028125 0.0546875