0 0.859375 0.1546875 0.00859375 0.0203125
0 0.85390625 0.1578125 0.01171875 0.02421875
0 0.8453125 0.16640625 0.009375 0.025
0 0.88515625 0.1890625 0.0125 0.01796875
0 0.3515625 0.2671875 0.01015625 0.01875
0 0.35859375 0.26875 0.0109375 0.02421875
0 0.3 0.459375 0.0125 0.0125
0 0.34140625 0.4859375 0.0109375 0.01796875
0 0.29921875 0.57578125 0.01171875 0.0140625
0 0.36953125 0.64765625 0.009375 0.021875
0 0.209375 0.6546875 0.0125 0.01796875
0 0.1828125 0.6703125 0.0140625 0.0125
0 0.11328125 0.67109375 0.01640625 0.0125
0 0.09140625 0.69453125 0.0140625 0.01640625
0 0.2875 0.7484375 0.01015625 0.02265625
0 0.2203125 0.7796875 0.0125 0.01640625
0 0.10546875 0.78515625 0.0125 0.0125
0 0.134375 0.80078125 0.0125 0.02265625
0 0.09296875 0.87578125 0.0140625 0.0125
0 0.15859375 0.88046875 0.01484375 0.02265625
0 0.13828125 0.88984375 0.01484375 0.01875
0 0.0640625 0.915625 0.015625 0.01640625
0 0.065625 0.9453125 0.01796875 0.01484375