0 0.4 0.16640625 0.0078125 0.01796875
0 0.15078125 0.215625 0.01171875 0.0171875
0 0.70234375 0.2515625 0.0125 0.015625
0 0.9265625 0.2578125 0.0109375 0.0203125
0 0.4953125 0.32109375 0.00703125 0.01328125
0 0.52421875 0.321875 0.009375 0.01328125
0 0.50234375 0.3515625 0.00703125 0.01640625
0 0.53203125 0.35390625 0.00703125 0.0171875
0 0.48671875 0.38515625 0.01015625 0.01640625
0 0.40234375 0.39921875 0.0109375 0.0140625
0 0.4609375 0.42734375 0.0109375 0.02109375
0 0.24140625 0.69296875 0.0125 0.009375
0 0.91875 0.753125 0.0171875 0.01171875
0 0.940625 0.784375 0.02109375 0.01171875
0 0.9171875 0.79921875 0.01953125 0.01015625