0 0.9046875 0.134375 0.0125 0.028125
0 0.9109375 0.14375 0.01015625 0.02265625
0 0.89609375 0.14765625 0.0125 0.034375
0 0.70078125 0.1734375 0.0078125 0.02890625
0 0.6796875 0.315625 0.009375 0.03203125
0 0.17421875 0.371875 0.0140625 0.028125
0 0.02109375 0.378125 0.02109375 0.028125
0 0.00859375 0.4359375 0.01484375 0.0265625
0 0.26875 0.45234375 0.01875 0.02890625
0 0.02265625 0.4546875 0.021875 0.028125
0 0.0046875 0.45703125 0.009375 0.02265625
0 0.01875 0.4625 0.01796875 0.02890625
0 0.51015625 0.46484375 0.00703125 0.02890625
0 0.14609375 0.4703125 0.0203125 0.02421875
0 0.38671875 0.49296875 0.01484375 0.02421875
0 0.23359375 0.4953125 0.009375 0.0203125
0 0.35859375 0.4953125 0.01015625 0.021875
0 0.50390625 0.49609375 0.0125 0.025
0 0.2328125 0.51171875 0.01171875 0.0140625
0 0.40390625 0.51328125 0.01015625 0.02421875
0 0.44453125 0.51484375 0.01171875 0.021875
0 0.903125 0.690625 0.01875 0.02421875
0 0.796875 0.78125 0.01796875 0.021875
0 0.86328125 0.85546875 0.01796875 0.025
0 0.8765625 0.10078125 0.009375 0.03203125