0 0.91328125 0.01328125 0.03125 0.0265625
0 0.74765625 0.025 0.0203125 0.04375
0 0.3328125 0.2765625 0.021875 0.02890625
0 0.44140625 0.27890625 0.01953125 0.03203125
0 0.821875 0.30859375 0.02890625 0.02890625
0 0.1015625 0.3203125 0.0265625 0.02890625
0 0.30546875 0.334375 0.0203125 0.0296875
0 0.2703125 0.33828125 0.021875 0.0265625
0 0.2640625 0.36171875 0.0203125 0.0265625
0 0.3 0.36171875 0.0234375 0.02265625
0 0.0125 0.37109375 0.02421875 0.0265625
0 0.31171875 0.375 0.01953125 0.02734375
0 0.290625 0.38125 0.02265625 0.025
0 0.26796875 0.38203125 0.021875 0.02734375
0 0.896875 0.6828125 0.03203125 0.0265625
0 0.64375 0.70546875 0.0140625 0.02578125
0 0.990625 0.784375 0.01796875 0.0296875
0 0.6828125 0.79453125 0.02109375 0.03203125