0 0.309375 0.17109375 0.009375 0.02109375
0 0.3171875 0.18515625 0.01640625 0.0234375
0 0.51328125 0.7765625 0.0125 0.0234375
0 0.5890625 0.61328125 0.01015625 0.01875
0 0.5890625 0.59921875 0.01015625 0.01171875
0 0.82421875 0.95234375 0.01484375 0.01796875
0 0.828125 0.9390625 0.01328125 0.015625
0 0.840625 0.94765625 0.0078125 0.01328125
0 0.83515625 0.9625 0.009375 0.01171875
0 0.82421875 0.8359375 0.01640625 0.01171875
0 0.98125 0.6625 0.025 0.0125
0 0.88671875 0.5859375 0.021875 0.0171875
0 0.95625 0.509375 0.015625 0.00859375
0 0.95859375 0.5140625 0.01953125 0.0140625
0 0.7140625 0.5 0.01171875 0.01640625
0 0.7015625 0.43671875 0.01171875 0.015625
0 0.615625 0.35546875 0.00625 0.01484375
0 0.621875 0.35390625 0.00703125 0.015625
0 0.62265625 0.37109375 0.01015625 0.01640625
0 0.7015625 0.37265625 0.01171875 0.015625
0 0.6734375 0.328125 0.009375 0.02265625
0 0.69765625 0.31953125 0.01328125 0.01875
0 0.6828125 0.303125 0.0109375 0.02265625
0 0.54375 0.25625 0.00703125 0.02265625
0 0.62265625 0.28125 0.01015625 0.021875
0 0.54765625 0.18671875 0.00859375 0.021875
0 0.55234375 0.1734375 0.00859375 0.0234375
0 0.60546875 0.18671875 0.0078125 0.02578125
0 0.45703125 0.184375 0.00859375 0.02109375
0 0.96015625 0.4375 0.0234375 0.0171875
0 0.9484375 0.4578125 0.0203125 0.01640625
0 0.85390625 0.2640625 0.01484375 0.0171875
0 0.896875 0.11875 0.00625 0.01953125
0 0.95 0.01171875 0.01171875 0.015625