0 0.028125 0.49375 0.01484375 0.0234375
0 0.0609375 0.5078125 0.02109375 0.05
0 0.025 0.54296875 0.015625 0.015625
0 0.178125 0.58203125 0.0140625 0.01953125
0 0.27890625 0.50078125 0.01640625 0.0125
0 0.2796875 0.53359375 0.01875 0.025
0 0.45546875 0.41640625 0.01015625 0.034375
0 0.76171875 0.03671875 0.01875 0.04609375
0 0.6015625 0.040625 0.0078125 0.02890625
0 0.58359375 0.0609375 0.00859375 0.0203125
0 0.58671875 0.08203125 0.009375 0.0203125
0 0.5890625 0.1125 0.0109375 0.0203125
0 0.609375 0.06015625 0.0140625 0.015625
0 0.60859375 0.07421875 0.0140625 0.0171875
0 0.609375 0.0921875 0.01171875 0.021875
0 0.59609375 0.0546875 0.00859375 0.0234375