0 0.378125 0.0140625 0.0078125 0.01640625
0 0.3453125 0.14609375 0.009375 0.0140625
0 0.67265625 0.19140625 0.0078125 0.0125
0 0.53359375 0.01953125 0.01171875 0.0140625
0 0.63125 0.03828125 0.0109375 0.02109375
0 0.4265625 0.41875 0.00859375 0.009375
0 0.56328125 0.61015625 0.00859375 0.015625
0 0.68828125 0.06328125 0.00546875 0.01328125
0 0.7078125 0.07265625 0.009375 0.01953125
0 0.2078125 0.08359375 0.0140625 0.015625
0 0.53984375 0.08359375 0.00703125 0.01640625
0 0.7546875 0.09296875 0.01015625 0.01328125