0 0.2265625 0.13046875 0.00859375 0.021875
0 0.3125 0.134375 0.0109375 0.028125
0 0.3125 0.15390625 0.01796875 0.02734375
0 0.3125 0.165625 0.01328125 0.0296875
0 0.303125 0.17890625 0.00859375 0.03359375
0 0.4375 0.23125 0.0078125 0.02578125
0 0.1171875 0.24296875 0.0125 0.028125
0 0.49375 0.28515625 0.01171875 0.0203125
0 0.11328125 0.2953125 0.0140625 0.03203125
0 0.490625 0.3015625 0.0125 0.02265625
0 0.59453125 0.42734375 0.0109375 0.02421875
0 0.58515625 0.4359375 0.009375 0.02578125
0 0.6515625 0.44296875 0.01015625 0.02578125
0 0.6421875 0.45234375 0.00859375 0.02578125
0 0.875 0.66796875 0.01171875 0.0203125
0 0.8640625 0.67265625 0.0125 0.01875
0 0.2671875 0.73359375 0.0125 0.02578125
0 0.25390625 0.7375 0.0140625 0.02421875
0 0.9078125 0.8640625 0.015625 0.021875
0 0.91171875 0.88046875 0.0171875 0.02265625
0 0.45859375 0.9078125 0.00859375 0.028125
0 0.078125 0.9609375 0.0203125 0.01875
0 0.08125 0.978125 0.0140625 0.0171875
0 0.075 0.1046875 0.01328125 0.028125
0 0.015625 0.11015625 0.0171875 0.03125