0 0.33671875 0.74296875 0.01484375 0.0546875
0 0.3421875 0.64375 0.01328125 0.05859375
0 0.5390625 0.65625 0.0140625 0.06015625
0 0.840625 0.38359375 0.0125 0.04375
0 0.7890625 0.2890625 0.0125 0.0453125
0 0.73671875 0.1671875 0.0125 0.03515625
0 0.75234375 0.05078125 0.009375 0.03828125
0 0.5671875 0.03828125 0.00859375 0.03515625
0 0.51796875 0.04921875 0.00859375 0.03515625
0 0.5296875 0.0375 0.00859375 0.0375
0 0.4625 0.2328125 0.0109375 0.0421875
0 0.4390625 0.11171875 0.009375 0.04140625
0 0.459375 0.4625 0.0140625 0.0484375
0 0.06953125 0.696875 0.01796875 0.05859375
0 0.315625 0.4921875 0.0140625 0.05
0 0.290625 0.27421875 0.01171875 0.04453125
0 0.34140625 0.15546875 0.0125 0.03671875
0 0.2390625 0.11875 0.01328125 0.04296875
0 0.33359375 0.0328125 0.0125 0.03671875