0 0.0171875 0.771875 0.021875 0.0625
0 0.31015625 0.8359375 0.0203125 0.0546875
0 0.33203125 0.71875 0.02109375 0.0609375
0 0.5328125 0.740625 0.01328125 0.0640625
0 0.8359375 0.4296875 0.01796875 0.0453125
0 0.8125 0.321875 0.0125 0.0453125
0 0.4390625 0.51328125 0.0125 0.05078125
0 0.45625 0.24296875 0.0078125 0.05
0 0.434375 0.109375 0.00703125 0.0375
0 0.509375 0.03671875 0.00859375 0.03515625
0 0.7671875 0.1859375 0.0140625 0.0375
0 0.29140625 0.5375 0.01328125 0.053125
0 0.04921875 0.15859375 0.01171875 0.04375
0 0.28515625 0.28515625 0.0078125 0.0421875
0 0.31640625 0.15625 0.01015625 0.040625
0 0.22734375 0.1125 0.01015625 0.03984375
0 0.3265625 0.021875 0.00859375 0.03828125
0 0.54453125 0.034375 0.01328125 0.03828125