0 0.45078125 0.22578125 0.00546875 0.03203125
0 0.44453125 0.22890625 0.00859375 0.03359375
0 0.44375 0.290625 0.0078125 0.0375
0 0.43984375 0.3359375 0.009375 0.03515625
0 0.43515625 0.3875 0.00703125 0.03359375
0 0.60234375 0.39375 0.00859375 0.03359375
0 0.58984375 0.42265625 0.01015625 0.0375
0 0.43359375 0.42578125 0.00703125 0.0296875
0 0.5765625 0.04375 0.0109375 0.03359375
0 0.60546875 0.503125 0.01015625 0.0375
0 0.4265625 0.50546875 0.009375 0.03125
0 0.5984375 0.50703125 0.009375 0.0375
0 0.48671875 0.54453125 0.01328125 0.03515625
0 0.7234375 0.559375 0.009375 0.03359375
0 0.4390625 0.62734375 0.01328125 0.02734375
0 0.58515625 0.6484375 0.0125 0.03203125
0 0.471875 0.10390625 0.00546875 0.03203125