0 0.8109375 0.69375 0.01328125 0.01640625
0 0.515625 0.70703125 0.009375 0.0140625
0 0.215625 0.84609375 0.00625 0.009375
0 0.8359375 0.85234375 0.01875 0.0171875
0 0.56171875 0.884375 0.0078125 0.02265625
0 0.834375 0.93046875 0.0140625 0.015625
0 0.59609375 0.93203125 0.0078125 0.01640625
0 0.84296875 0.9328125 0.01171875 0.021875
0 0.53359375 0.9359375 0.0078125 0.0234375
0 0.5140625 0.93671875 0.009375 0.0125
0 0.31484375 0.94375 0.0109375 0.025
0 0.309375 0.95625 0.01328125 0.02734375
0 0.83671875 0.95859375 0.01328125 0.01640625
0 0.8390625 0.9796875 0.01171875 0.01328125
0 0.30703125 0.984375 0.0171875 0.02421875
0 0.84140625 0.98671875 0.009375 0.00703125
0 0.91484375 0.98828125 0.01484375 0.021875
0 0.8328125 0.99140625 0.00625 0.01015625
0 0.47578125 0.1203125 0.0078125 0.02109375
0 0.19453125 0.01484375 0.0171875 0.02265625
0 0.18046875 0.01875 0.0125 0.021875
0 0.52265625 0.34453125 0.00703125 0.0171875
0 0.2078125 0.0359375 0.01875 0.01875
0 0.73046875 0.3796875 0.01875 0.01328125
0 0.75234375 0.41171875 0.01171875 0.01171875
0 0.71015625 0.4125 0.00625 0.01328125
0 0.690625 0.42265625 0.01171875 0.009375
0 0.68984375 0.43125 0.0109375 0.0078125
0 0.71640625 0.43515625 0.01171875 0.0078125
0 0.70390625 0.44140625 0.01171875 0.0078125
0 0.47734375 0.45859375 0.00703125 0.00859375
0 0.525 0.465625 0.009375 0.0109375
0 0.4546875 0.49453125 0.01015625 0.0109375
0 0.83046875 0.590625 0.01328125 0.0125
0 0.65 0.5953125 0.01015625 0.01171875
0 0.728125 0.59921875 0.01328125 0.01171875
0 0.61875 0.6 0.01015625 0.01171875
0 0.39140625 0.6125 0.009375 0.01015625
0 0.77265625 0.61953125 0.01015625 0.0125
0 0.85 0.621875 0.0109375 0.0125
0 0.828125 0.6328125 0.01328125 0.01171875