0 0.178125 0.0140625 0.01015625 0.028125
0 0.27890625 0.14453125 0.009375 0.03828125
0 0.275 0.15234375 0.009375 0.03828125
0 0.265625 0.16015625 0.0109375 0.03515625
0 0.2625 0.1734375 0.00859375 0.0390625
0 0.21953125 0.0265625 0.00859375 0.03515625
0 0.21015625 0.02890625 0.0078125 0.03515625
0 0.3625 0.3015625 0.01171875 0.0421875
0 0.35703125 0.31171875 0.00859375 0.03671875
0 0.20078125 0.03359375 0.00859375 0.03203125
0 0.378125 0.3484375 0.0078125 0.0265625
0 0.37265625 0.35625 0.015625 0.0390625
0 0.36875 0.37421875 0.009375 0.025
0 0.4125 0.45859375 0.0125 0.0390625
0 0.5109375 0.5125 0.0140625 0.040625
0 0.45859375 0.61171875 0.01015625 0.03828125
0 0.4375 0.6234375 0.00859375 0.0390625
0 0.61171875 0.63828125 0.0109375 0.03515625
0 0.45 0.63984375 0.00859375 0.0390625
0 0.490625 0.64140625 0.0125 0.0390625
0 0.60234375 0.65390625 0.009375 0.04296875
0 0.45234375 0.65859375 0.00859375 0.04296875
0 0.62109375 0.67109375 0.0125 0.03828125
0 0.58671875 0.6765625 0.0109375 0.03828125
0 0.6625 0.68046875 0.0125 0.040625
0 0.046875 0.6828125 0.02109375 0.04296875
0 0.6546875 0.6890625 0.01171875 0.03828125
0 0.040625 0.69375 0.0203125 0.0390625
0 0.6 0.70078125 0.0125 0.03203125
0 0.63671875 0.7078125 0.0109375 0.04921875
0 0.59296875 0.71484375 0.009375 0.03515625
0 0.07734375 0.7359375 0.02109375 0.0484375
0 0.23046875 0.0921875 0.0125 0.0421875
0 0.1265625 0.9203125 0.0234375 0.034375
0 0.1265625 0.93984375 0.02421875 0.02890625
0 0.13359375 0.9703125 0.02109375 0.034375
0 0.19140625 0.01171875 0.0125 0.02265625
0 0.240625 0.1140625 0.009375 0.0328125