0 0.91171875 0.2015625 0.01875 0.0265625
0 0.7078125 0.32734375 0.0125 0.021875
0 0.79296875 0.47421875 0.01484375 0.02265625
0 0.83828125 0.715625 0.0171875 0.01875
0 0.9078125 0.6703125 0.0234375 0.0203125
0 0.7109375 0.58125 0.0125 0.0171875
0 0.8734375 0.73359375 0.02421875 0.021875
0 0.93046875 0.875 0.01953125 0.02265625
0 0.66953125 0.734375 0.01640625 0.0203125
0 0.60859375 0.83203125 0.0125 0.01640625
0 0.63515625 0.7953125 0.01796875 0.01328125
0 0.55859375 0.87890625 0.0125 0.02109375
0 0.72734375 0.98828125 0.0125 0.021875
0 0.85859375 0.9875 0.015625 0.0234375
0 0.66953125 0.93125 0.015625 0.021875
0 0.6375 0.98828125 0.01171875 0.01875
0 0.61328125 0.95546875 0.0125 0.0171875