0 0.578125 0.11171875 0.01015625 0.01796875
0 0.6390625 0.01171875 0.00859375 0.021875
0 0.53828125 0.17109375 0.009375 0.01796875
0 0.52421875 0.26953125 0.00859375 0.02265625
0 0.44453125 0.284375 0.01015625 0.01328125
0 0.41796875 0.32109375 0.0078125 0.01015625
0 0.3671875 0.375 0.00546875 0.01171875
0 0.6140625 0.0421875 0.01015625 0.02109375
0 0.30546875 0.4421875 0.0140625 0.015625
0 0.21875 0.55546875 0.00625 0.0078125
0 0.20859375 0.5578125 0.00546875 0.009375
0 0.19609375 0.58671875 0.0125 0.01171875
0 0.18671875 0.61875 0.01171875 0.01015625
0 0.21328125 0.62109375 0.01328125 0.009375
0 0.184375 0.63359375 0.0125 0.0125
0 0.528125 0.6359375 0.009375 0.01640625
0 0.50390625 0.67109375 0.01015625 0.0140625
0 0.2265625 0.69609375 0.0109375 0.0140625
0 0.98125 0.009375 0.0234375 0.01796875
0 0.14296875 0.884375 0.01171875 0.0125