0 0.21875 0.9578125 0.040625 0.084375
0 0.23125 0.8765625 0.04921875 0.0828125
0 0.225 0.83203125 0.034375 0.0734375
0 0.98203125 0.74375 0.0359375 0.1171875
0 0.94609375 0.7203125 0.03671875 0.09765625
0 0.79921875 0.43671875 0.028125 0.1203125
0 0.83515625 0.41171875 0.03046875 0.12265625
0 0.95390625 0.3734375 0.03828125 0.11328125
0 0.928125 0.3078125 0.021875 0.071875
0 0.9515625 0.2984375 0.02890625 0.08515625
0 0.97578125 0.31796875 0.03125 0.0953125
0 0.98515625 0.1296875 0.02890625 0.1046875
0 0.99453125 0.14609375 0.0109375 0.10703125
0 0.85390625 0.0703125 0.034375 0.0984375
0 0.46640625 0.13515625 0.02265625 0.0953125
0 0.45078125 0.11328125 0.01875 0.10546875
0 0.38046875 0.17265625 0.02109375 0.10078125
0 0.36328125 0.16796875 0.01953125 0.08984375
0 0.34921875 0.1484375 0.0203125 0.10546875
0 0.41796875 0.03203125 0.021875 0.06328125
0 0.3984375 0.02734375 0.0203125 0.0546875
0 0.1578125 0.22578125 0.02734375 0.10546875
0 0.1125 0.34296875 0.0375 0.0734375
0 0.15 0.45 0.03515625 0.10625
0 0.63828125 0.025 0.0203125 0.05