0 0.703125 0.13046875 0.0125 0.0328125
0 0.70625 0.14765625 0.01015625 0.0390625
0 0.11328125 0.0171875 0.01171875 0.034375
0 0.1078125 0.021875 0.01171875 0.040625
0 0.584375 0.02265625 0.00703125 0.03828125
0 0.553125 0.3609375 0.009375 0.03671875
0 0.51796875 0.38984375 0.01171875 0.03671875
0 0.62421875 0.0421875 0.00703125 0.021875
0 0.51640625 0.44140625 0.0125 0.04296875
0 0.49453125 0.44453125 0.01171875 0.0265625
0 0.57734375 0.04609375 0.009375 0.03203125
0 0.2734375 0.51640625 0.01328125 0.053125
0 0.46484375 0.56953125 0.01171875 0.03515625
0 0.06796875 0.06328125 0.0125 0.0328125
0 0.4515625 0.6640625 0.015625 0.03203125
0 0.35859375 0.72265625 0.0125 0.0421875
0 0.28671875 0.07578125 0.01171875 0.0421875
0 0.61640625 0.009375 0.0078125 0.01875
0 0.6265625 0.009375 0.009375 0.01875