0 0.57265625 0.1296875 0.00625 0.03046875
0 0.53984375 0.15234375 0.0078125 0.025
0 0.50703125 0.1671875 0.0109375 0.021875
0 0.53125 0.21328125 0.0078125 0.02265625
0 0.640625 0.2140625 0.00625 0.0265625
0 0.63046875 0.2296875 0.00859375 0.025
0 0.496875 0.2546875 0.00859375 0.028125
0 0.5625 0.26640625 0.0109375 0.01640625
0 0.50390625 0.2796875 0.00859375 0.034375
0 0.61328125 0.28125 0.00703125 0.021875
0 0.50859375 0.2828125 0.00625 0.025
0 0.47890625 0.39453125 0.009375 0.0328125
0 0.49921875 0.39609375 0.00625 0.0328125
0 0.4859375 0.396875 0.00703125 0.025
0 0.48984375 0.0484375 0.0078125 0.03046875
0 0.46484375 0.51640625 0.0109375 0.01796875
0 0.59140625 0.55546875 0.0078125 0.0265625
0 0.5140625 0.64296875 0.0125 0.0265625
0 0.4984375 0.65625 0.00703125 0.03515625
0 0.50546875 0.66484375 0.0109375 0.03515625
0 0.6015625 0.68046875 0.0109375 0.0328125
0 0.6125 0.6828125 0.01015625 0.025
0 0.60703125 0.7140625 0.01015625 0.02421875
0 0.53203125 0.728125 0.009375 0.01640625
0 0.50859375 0.73125 0.01484375 0.03515625
0 0.71484375 0.76796875 0.01640625 0.03828125
0 0.68984375 0.8265625 0.0109375 0.02890625
0 0.4640625 0.09296875 0.00546875 0.02890625