0 0.4828125 0.67890625 0.025 0.04921875
0 0.525 0.6859375 0.02734375 0.05078125
0 0.478125 0.74140625 0.021875 0.04609375
0 0.55703125 0.76953125 0.02734375 0.05625
0 0.68984375 0.0796875 0.046875 0.065625
0 0.41171875 0.834375 0.03671875 0.04921875
0 0.5859375 0.86171875 0.0296875 0.0640625
0 0.56484375 0.87265625 0.0296875 0.0703125
0 0.221875 0.10859375 0.04375 0.06171875
0 0.17890625 0.115625 0.02890625 0.0359375
0 0.19375 0.12578125 0.046875 0.071875
0 0.10234375 0.16015625 0.06015625 0.06171875
0 0.42578125 0.20078125 0.03046875 0.06484375
0 0.68203125 0.0203125 0.0328125 0.040625
0 0.18046875 0.3953125 0.0328125 0.02421875
0 0.34296875 0.47734375 0.03359375 0.0390625
0 0.72421875 0.4796875 0.03515625 0.0296875
0 0.37421875 0.49609375 0.02421875 0.021875
0 0.3046875 0.51875 0.01875 0.0171875
0 0.33984375 0.52734375 0.0421875 0.0390625
0 0.2484375 0.54453125 0.05546875 0.03203125
0 0.3796875 0.6296875 0.028125 0.0296875
0 0.66328125 0.64453125 0.0328125 0.04765625