0 0.41171875 0.153125 0.009375 0.0328125
0 0.4640625 0.16875 0.00625 0.025
0 0.54921875 0.171875 0.00859375 0.028125
0 0.553125 0.178125 0.0078125 0.0328125
0 0.64921875 0.1828125 0.009375 0.0265625
0 0.54296875 0.196875 0.00703125 0.03046875
0 0.6265625 0.20859375 0.0078125 0.0359375
0 0.55390625 0.209375 0.0078125 0.034375
0 0.640625 0.2125 0.01171875 0.03984375
0 0.44609375 0.2296875 0.00859375 0.03984375
0 0.65078125 0.25703125 0.0078125 0.03203125
0 0.62890625 0.278125 0.02421875 0.02109375
0 0.51640625 0.28359375 0.00859375 0.02421875
0 0.5578125 0.31328125 0.00546875 0.02109375
0 0.56015625 0.31796875 0.00703125 0.0375
0 0.55 0.37109375 0.0078125 0.02421875
0 0.540625 0.3890625 0.00859375 0.0328125
0 0.5328125 0.009375 0.00625 0.01875
0 0.43515625 0.4296875 0.0078125 0.0421875
0 0.4078125 0.43046875 0.01015625 0.0359375
0 0.540625 0.01015625 0.00859375 0.01953125
0 0.575 0.4671875 0.00859375 0.025
0 0.56328125 0.475 0.0078125 0.03203125
0 0.51015625 0.0125 0.00625 0.025
0 0.5765625 0.49765625 0.009375 0.03984375
0 0.528125 0.01328125 0.00703125 0.0265625
0 0.42109375 0.02421875 0.00703125 0.0265625
0 0.4125 0.04296875 0.0078125 0.025
0 0.45 0.0515625 0.00546875 0.0265625
0 0.43671875 0.053125 0.00625 0.03203125