0 0.10078125 0.17734375 0.0125 0.034375
0 0.1 0.18828125 0.0109375 0.034375
0 0.64375 0.31875 0.00859375 0.03515625
0 0.60546875 0.328125 0.01015625 0.03671875
0 0.60390625 0.34765625 0.0078125 0.0328125
0 0.57578125 0.36953125 0.01171875 0.03515625
0 0.4765625 0.44453125 0.01015625 0.034375
0 0.4203125 0.45078125 0.01328125 0.03828125
0 0.5984375 0.47578125 0.01015625 0.03515625
0 0.42421875 0.49140625 0.01015625 0.03671875
0 0.42421875 0.5296875 0.01015625 0.03671875
0 0.559375 0.54375 0.009375 0.0421875
0 0.5109375 0.60078125 0.009375 0.0390625
0 0.48046875 0.60859375 0.00859375 0.03671875
0 0.49921875 0.60859375 0.01171875 0.03671875
0 0.74140625 0.82578125 0.0125 0.0265625
0 0.590625 0.903125 0.015625 0.03671875