0 0.74765625 0.215625 0.0125 0.0390625
0 0.44375 0.28984375 0.01484375 0.04296875
0 0.4296875 0.353125 0.0125 0.04609375
0 0.40859375 0.37109375 0.015625 0.040625
0 0.44921875 0.38984375 0.01171875 0.03828125
0 0.43125 0.3921875 0.015625 0.03828125
0 0.43125 0.45234375 0.01328125 0.04375
0 0.9875 0.4859375 0.0125 0.02890625
0 0.36796875 0.48828125 0.0171875 0.04765625
0 0.978125 0.5171875 0.0203125 0.05546875
0 0.25390625 0.5390625 0.02265625 0.0359375
0 0.76484375 0.06171875 0.01015625 0.03046875
0 0.4828125 0.0734375 0.009375 0.01640625
0 0.54296875 0.075 0.00703125 0.03203125
0 0.37109375 0.79453125 0.01875 0.040625
0 0.51484375 0.00859375 0.0078125 0.0171875