0 0.73125 0.1109375 0.0109375 0.0234375
0 0.4734375 0.128125 0.0109375 0.0265625
0 0.2734375 0.1515625 0.0109375 0.025
0 0.3796875 0.1546875 0.009375 0.03125
0 0.40078125 0.16640625 0.00625 0.02890625
0 0.421875 0.1671875 0.0109375 0.025
0 0.35078125 0.015625 0.01015625 0.0203125
0 0.44921875 0.01796875 0.00859375 0.02578125
0 0.7953125 0.34609375 0.01640625 0.03515625
0 0.78203125 0.34921875 0.01171875 0.02890625
0 0.67578125 0.371875 0.0109375 0.03125
0 0.41640625 0.4609375 0.0109375 0.0234375
0 0.421875 0.571875 0.01328125 0.0234375
0 0.3390625 0.0640625 0.0078125 0.025
0 0.5578125 0.69453125 0.01484375 0.02890625
0 0.75 0.0828125 0.0125 0.0296875
0 0.40703125 0.87421875 0.01328125 0.02265625
0 0.43203125 0.0953125 0.00859375 0.03203125