0 0.33671875 0.11015625 0.01171875 0.0390625
0 0.2671875 0.1140625 0.0140625 0.040625
0 0.3234375 0.11796875 0.01484375 0.04609375
0 0.35 0.1203125 0.0125 0.0375
0 0.265625 0.13203125 0.01796875 0.040625
0 0.34765625 0.13515625 0.01328125 0.03828125
0 0.33359375 0.13828125 0.0140625 0.04296875
0 0.3453125 0.1546875 0.01640625 0.04453125
0 0.35859375 0.16171875 0.01171875 0.0421875
0 0.325 0.259375 0.01640625 0.05078125
0 0.3265625 0.28671875 0.015625 0.04765625
0 0.41171875 0.3953125 0.01640625 0.0515625
0 0.37890625 0.06328125 0.0125 0.0390625
0 0.3359375 0.63125 0.03046875 0.04765625
0 0.36171875 0.0640625 0.01328125 0.040625
0 0.35234375 0.0703125 0.01015625 0.0375
0 0.375 0.07734375 0.01171875 0.040625