0 0.828125 0.40859375 0.0125 0.0390625
0 0.790625 0.315625 0.0125 0.03828125
0 0.7421875 0.20078125 0.0140625 0.03515625
0 0.57734375 0.07421875 0.0078125 0.02890625
0 0.54609375 0.07578125 0.0109375 0.034375
0 0.5296875 0.0828125 0.00625 0.03203125
0 0.65859375 0.01015625 0.0078125 0.0203125
0 0.55 0.66875 0.0140625 0.05078125
0 0.47109375 0.48203125 0.0125 0.04140625
0 0.478125 0.25703125 0.00625 0.04609375
0 0.4578125 0.14375 0.00859375 0.03515625
0 0.35546875 0.753125 0.01484375 0.04765625
0 0.3671875 0.65625 0.015625 0.053125
0 0.1015625 0.70703125 0.01875 0.05546875
0 0.0359375 0.3171875 0.0140625 0.040625
0 0.271875 0.14921875 0.00859375 0.0359375
0 0.31875 0.29765625 0.01015625 0.03984375
0 0.33828125 0.50859375 0.0125 0.046875
0 0.36015625 0.18359375 0.009375 0.034375
0 0.3578125 0.06875 0.009375 0.034375