0 0.1953125 0.00703125 0.01875 0.0140625
0 0.32890625 0.009375 0.02421875 0.01875
0 0.30625 0.24765625 0.01953125 0.04296875
0 0.27890625 0.01953125 0.0234375 0.0390625
0 0.25390625 0.3484375 0.01953125 0.04375
0 0.37421875 0.35859375 0.0171875 0.0296875
0 0.85390625 0.36796875 0.0265625 0.03984375
0 0.4328125 0.37578125 0.01953125 0.03984375
0 0.16953125 0.38828125 0.02109375 0.03359375
0 0.81015625 0.39140625 0.025 0.04375
0 0.8671875 0.39765625 0.028125 0.04375
0 0.8875 0.41796875 0.03359375 0.0390625
0 0.30234375 0.42421875 0.02265625 0.0390625
0 0.97421875 0.43359375 0.0265625 0.0359375
0 0.1765625 0.44453125 0.02578125 0.04375
0 0.82265625 0.4453125 0.025 0.034375
0 0.31171875 0.03125 0.0203125 0.0578125
0 0.27890625 0.49375 0.02421875 0.04375
0 0.928125 0.49453125 0.02890625 0.03984375
0 0.83671875 0.5015625 0.0296875 0.0375
0 0.87421875 0.51484375 0.02890625 0.0375
0 0.8515625 0.515625 0.03046875 0.0359375
0 0.246875 0.5625 0.02578125 0.0484375
0 0.89609375 0.04140625 0.0234375 0.0484375
0 0.23671875 0.62734375 0.028125 0.04375
0 0.4515625 0.90390625 0.02421875 0.0296875