0 0.3515625 0.19375 0.01796875 0.053125
0 0.22421875 0.234375 0.03515625 0.0625
0 0.7453125 0.340625 0.0375 0.0375
0 0.2125 0.3484375 0.040625 0.053125
0 0.89296875 0.35 0.03828125 0.04609375
0 0.86484375 0.35390625 0.04296875 0.05234375
0 0.5140625 0.37734375 0.01953125 0.0453125
0 0.76484375 0.4078125 0.0265625 0.03984375
0 0.340625 0.03125 0.025 0.0625
0 0.271875 0.43671875 0.03046875 0.04375
0 0.7890625 0.4484375 0.02578125 0.0421875
0 0.765625 0.45625 0.028125 0.0359375
0 0.10703125 0.46953125 0.03828125 0.04765625
0 0.74296875 0.46953125 0.03515625 0.04609375
0 0.78515625 0.49375 0.0328125 0.0421875
0 0.5765625 0.50078125 0.028125 0.04453125
0 0.7203125 0.50390625 0.0390625 0.04140625
0 0.75703125 0.50546875 0.03515625 0.04609375
0 0.36640625 0.0359375 0.02421875 0.0671875
0 0.684375 0.53671875 0.0375 0.04453125
0 0.27734375 0.57890625 0.0296875 0.03671875
0 0.05390625 0.58515625 0.04921875 0.04609375
0 0.025 0.61015625 0.05 0.05078125
0 0.66875 0.6296875 0.03125 0.0515625
0 0.171875 0.74296875 0.05703125 0.034375
0 0.16953125 0.7734375 0.046875 0.0375