0 0.4875 0.246875 0.00703125 0.025
0 0.5265625 0.28125 0.00546875 0.0265625
0 0.5421875 0.31875 0.00625 0.021875
0 0.41796875 0.03515625 0.00625 0.02109375
0 0.33046875 0.378125 0.0125 0.02265625
0 0.19921875 0.384375 0.01171875 0.0234375
0 0.23046875 0.49609375 0.01171875 0.021875
0 0.4828125 0.50390625 0.009375 0.01875
0 0.6859375 0.51640625 0.009375 0.0203125
0 0.56328125 0.546875 0.0109375 0.01875
0 0.71171875 0.56328125 0.0125 0.0234375
0 0.35703125 0.00859375 0.009375 0.0171875
0 0.73359375 0.8671875 0.0125 0.0140625