0 0.865625 0.03984375 0.01328125 0.02890625
0 0.871875 0.05234375 0.01484375 0.02421875
0 0.55703125 0.10703125 0.00859375 0.01640625
0 0.55390625 0.125 0.0109375 0.02109375
0 0.91328125 0.13125 0.01328125 0.02421875
0 0.840625 0.134375 0.015625 0.02421875
0 0.5796875 0.1453125 0.00859375 0.02421875
0 0.8765625 0.371875 0.01171875 0.01640625
0 0.4765625 0.55234375 0.015625 0.01640625
0 0.93359375 0.625 0.015625 0.015625
0 0.62578125 0.73203125 0.01796875 0.01640625
0 0.89453125 0.01171875 0.01484375 0.02265625
0 0.875 0.01171875 0.0140625 0.02265625