0 0.7296875 0.20078125 0.00859375 0.0328125
0 0.30390625 0.2703125 0.00703125 0.028125
0 0.30234375 0.27890625 0.0078125 0.03203125
0 0.12890625 0.04140625 0.01015625 0.03203125
0 0.2828125 0.44296875 0.00859375 0.028125
0 0.78515625 0.52265625 0.01015625 0.040625
0 0.77265625 0.5234375 0.0125 0.03671875
0 0.79375 0.53203125 0.01171875 0.0390625
0 0.2171875 0.71171875 0.01484375 0.03046875
0 0.25390625 0.0078125 0.00546875 0.01484375
0 0.15546875 0.78515625 0.01640625 0.02265625
0 0.06640625 0.7953125 0.0140625 0.025
0 0.8625 0.81953125 0.0171875 0.03046875
0 0.05 0.83359375 0.01796875 0.025
0 0.1140625 0.85703125 0.01484375 0.02421875
0 0.13203125 0.85859375 0.01796875 0.01640625
0 0.1859375 0.86640625 0.01640625 0.021875
0 0.0453125 0.9328125 0.0125 0.02265625
0 0.05703125 0.94765625 0.01484375 0.025
0 0.06796875 0.9703125 0.015625 0.0265625
0 0.11875 0.97421875 0.0171875 0.0265625
0 0.3078125 0.10859375 0.00859375 0.02890625
0 0.30078125 0.11484375 0.00703125 0.02421875
0 0.28828125 0.11640625 0.0078125 0.028125
0 0.28046875 0.11953125 0.00703125 0.025