0 0.8078125 0.09453125 0.02421875 0.06796875
0 0.75 0.253125 0.01953125 0.046875
0 0.54140625 0.33671875 0.0125 0.01875
0 0.5140625 0.34453125 0.0078125 0.02421875
0 0.51953125 0.3515625 0.00703125 0.01875
0 0.54296875 0.359375 0.01328125 0.0265625
0 0.51875 0.3765625 0.009375 0.0234375
0 0.5453125 0.38046875 0.01328125 0.03046875
0 0.525 0.40546875 0.01015625 0.01875
0 0.98828125 0.4546875 0.02265625 0.0484375
0 0.5609375 0.0765625 0.02109375 0.06015625
0 0.27890625 0.89609375 0.03203125 0.0359375