0 0.06875 0.709375 0.0515625 0.09921875
0 0.12890625 0.553125 0.03515625 0.0953125
0 0.08828125 0.54453125 0.02734375 0.09609375
0 0.078125 0.51875 0.0359375 0.090625
0 0.015625 0.403125 0.03125 0.09375
0 0.30859375 0.19140625 0.03046875 0.096875
0 0.52109375 0.11015625 0.02734375 0.08671875
0 0.50390625 0.0765625 0.01953125 0.090625
0 0.48671875 0.0734375 0.021875 0.08203125
0 0.4828125 0.05546875 0.01953125 0.08984375
0 0.6046875 0.04140625 0.02109375 0.075
0 0.59140625 0.02890625 0.0171875 0.0578125
0 0.95390625 0.11640625 0.02578125 0.10078125
0 0.9203125 0.13125 0.01640625 0.0765625
0 0.93359375 0.10625 0.025 0.0890625
0 0.83203125 0.15546875 0.0265625 0.09296875
0 0.7109375 0.18515625 0.03203125 0.08515625
0 0.7515625 0.78828125 0.03203125 0.11328125
0 0.98828125 0.17890625 0.02265625 0.07890625
0 0.0125 0.93359375 0.02421875 0.115625