0 0.37890625 0.15546875 0.00625 0.02109375
0 0.309375 0.2828125 0.0078125 0.015625
0 0.2875 0.2921875 0.01015625 0.0140625
0 0.30078125 0.31875 0.0109375 0.02109375
0 0.39375 0.6796875 0.00703125 0.0265625
0 0.521875 0.703125 0.00703125 0.0125
0 0.53203125 0.71640625 0.0078125 0.0109375
0 0.790625 0.871875 0.01015625 0.0140625
0 0.48671875 0.8765625 0.0078125 0.015625
0 0.78671875 0.878125 0.00859375 0.00859375
0 0.79921875 0.88046875 0.00859375 0.01015625
0 0.83671875 0.88125 0.0078125 0.0109375
0 0.78671875 0.88671875 0.01015625 0.0109375
0 0.50703125 0.9484375 0.00625 0.0140625
0 0.459375 0.09453125 0.0046875 0.02109375
0 0.4625 0.0953125 0.00390625 0.01640625