0 0.390625 0.66796875 0.01328125 0.03203125
0 0.359375 0.54296875 0.0109375 0.03046875
0 0.32421875 0.61484375 0.009375 0.02578125
0 0.2671875 0.7234375 0.01484375 0.015625
0 0.2609375 0.67109375 0.01953125 0.03203125
0 0.253125 0.6328125 0.01484375 0.03203125
0 0.19765625 0.840625 0.01875 0.01953125
0 0.20078125 0.80625 0.02265625 0.021875
0 0.165625 0.78046875 0.015625 0.05546875
0 0.20078125 0.76640625 0.03359375 0.02109375
0 0.1921875 0.73203125 0.01484375 0.02578125
0 0.2 0.70078125 0.01328125 0.0203125
0 0.1765625 0.64453125 0.01953125 0.03828125
0 0.175 0.6734375 0.01171875 0.021875
0 0.18828125 0.60234375 0.025 0.03203125
0 0.21875 0.73359375 0.0125 0.02109375
0 0.225 0.72421875 0.0109375 0.0203125
0 0.97109375 0.02890625 0.02421875 0.04921875
0 0.984375 0.0390625 0.01875 0.0484375
0 0.9921875 0.03125 0.01484375 0.04140625