0 0.41171875 0.01484375 0.00625 0.02890625
0 0.43515625 0.15625 0.00625 0.03046875
0 0.52109375 0.01875 0.00546875 0.021875
0 0.41484375 0.19453125 0.00625 0.028125
0 0.540625 0.2125 0.0046875 0.02890625
0 0.54765625 0.22734375 0.0078125 0.0328125
0 0.596875 0.2328125 0.0078125 0.03203125
0 0.60234375 0.025 0.00546875 0.01796875
0 0.5265625 0.02578125 0.0046875 0.02421875
0 0.47421875 0.3625 0.0078125 0.02421875
0 0.584375 0.03984375 0.00546875 0.02421875
0 0.59375 0.04375 0.0078125 0.034375
0 0.45390625 0.484375 0.01015625 0.034375
0 0.528125 0.05 0.00390625 0.021875
0 0.434375 0.509375 0.00625 0.02890625
0 0.42421875 0.51796875 0.00859375 0.03046875
0 0.425 0.521875 0.0078125 0.02890625
0 0.4625 0.546875 0.0125 0.0328125
0 0.72421875 0.571875 0.01171875 0.021875
0 0.4359375 0.62421875 0.01484375 0.02265625
0 0.603125 0.07265625 0.00625 0.028125
0 0.5453125 0.11171875 0.00546875 0.03046875
0 0.44375 0.1203125 0.00859375 0.03203125