0 0.49140625 0.10859375 0.0109375 0.03984375
0 0.4921875 0.1546875 0.0140625 0.0390625
0 0.53125 0.159375 0.01328125 0.034375
0 0.53203125 0.17109375 0.0109375 0.03515625
0 0.5 0.18203125 0.01796875 0.034375
0 0.528125 0.19375 0.0109375 0.0421875
0 0.43203125 0.01875 0.01796875 0.0375
0 0.65234375 0.02265625 0.01328125 0.04140625
0 0.5625 0.025 0.01796875 0.03984375
0 0.596875 0.41953125 0.01640625 0.0328125
0 0.76171875 0.60859375 0.02421875 0.0328125
0 0.64140625 0.06484375 0.02109375 0.0390625
0 0.615625 0.84140625 0.01796875 0.0390625