0 0.8234375 0.94140625 0.03671875 0.096875
0 0.88515625 0.76875 0.03203125 0.09375
0 0.8578125 0.73515625 0.03984375 0.1015625
0 0.8203125 0.7390625 0.0328125 0.09609375
0 0.79765625 0.725 0.02890625 0.09453125
0 0.77265625 0.69375 0.03671875 0.10078125
0 0.93359375 0.47109375 0.02578125 0.10078125
0 0.9015625 0.24609375 0.0234375 0.05390625
0 0.87421875 0.184375 0.0265625 0.0859375
0 0.603125 0.20625 0.0265625 0.08828125
0 0.61640625 0.35078125 0.02890625 0.08671875
0 0.50234375 0.30546875 0.03671875 0.09609375
0 0.41875 0.36015625 0.02890625 0.090625
0 0.4390625 0.16796875 0.02421875 0.10625
0 0.334375 0.10390625 0.03359375 0.0953125
0 0.6203125 0.7984375 0.02890625 0.096875
0 0.6125 0.509375 0.0359375 0.090625
0 0.978125 0.07890625 0.03359375 0.096875