0 0.38046875 0.0140625 0.0078125 0.01640625
0 0.34765625 0.1453125 0.009375 0.0140625
0 0.6734375 0.18984375 0.0078125 0.0125
0 0.53515625 0.01953125 0.01171875 0.0140625
0 0.63203125 0.03828125 0.0109375 0.02109375
0 0.42890625 0.41640625 0.00859375 0.009375
0 0.5640625 0.60703125 0.00859375 0.015625
0 0.68828125 0.0625 0.00546875 0.01328125
0 0.70859375 0.07265625 0.009375 0.01875
0 0.2109375 0.0828125 0.0140625 0.015625
0 0.540625 0.08359375 0.00703125 0.01640625
0 0.7546875 0.0921875 0.01015625 0.01328125