0 0.65859375 0.2546875 0.00703125 0.0265625
0 0.67265625 0.275 0.00625 0.02890625
0 0.39375 0.04375 0.00703125 0.01640625
0 0.7140625 0.53671875 0.01015625 0.03515625
0 0.71953125 0.540625 0.009375 0.03515625
0 0.73125 0.63046875 0.0125 0.0453125
0 0.884375 0.7546875 0.0203125 0.0484375
0 0.16171875 0.85234375 0.01484375 0.03671875
0 0.12109375 0.853125 0.0171875 0.040625
0 0.14296875 0.8609375 0.015625 0.0390625
0 0.10390625 0.965625 0.0125 0.0453125
0 0.071875 0.96640625 0.0171875 0.034375
0 0.075 0.9828125 0.01640625 0.034375