0 0.63046875 0.16640625 0.00546875 0.02265625
0 0.134375 0.18203125 0.00859375 0.02578125
0 0.5625 0.203125 0.00625 0.02265625
0 0.19296875 0.37890625 0.009375 0.02421875
0 0.66640625 0.5125 0.0046875 0.02265625
0 0.67265625 0.5140625 0.00859375 0.02578125
0 0.57578125 0.5359375 0.00625 0.02109375
0 0.5828125 0.540625 0.00546875 0.02421875
0 0.58984375 0.5421875 0.003125 0.02109375
0 0.59921875 0.54375 0.0078125 0.02265625
0 0.58515625 0.5765625 0.00625 0.02578125
0 0.58046875 0.57734375 0.0046875 0.02421875
0 0.57578125 0.57734375 0.00390625 0.02734375
0 0.14609375 0.70390625 0.01171875 0.0296875
0 0.6671875 0.778125 0.00625 0.0171875
0 0.71171875 0.96328125 0.01171875 0.03671875
0 0.54140625 0.11796875 0.01015625 0.01953125