0 0.2515625 0.12421875 0.01328125 0.02578125
0 0.453125 0.4890625 0.0109375 0.01796875
0 0.46484375 0.4828125 0.009375 0.0171875
0 0.4734375 0.4953125 0.00703125 0.01953125
0 0.27734375 0.5421875 0.01171875 0.0171875
0 0.0640625 0.41640625 0.01875 0.02109375
0 0.07890625 0.42265625 0.01953125 0.01796875
0 0.08828125 0.48125 0.01875 0.0203125
0 0.01953125 0.44921875 0.01953125 0.01953125
0 0.0609375 0.51953125 0.02109375 0.0203125
0 0.00859375 0.68125 0.0171875 0.01875
0 0.0171875 0.8046875 0.0203125 0.0140625
0 0.06796875 0.6984375 0.01875 0.0171875
0 0.01328125 0.8875 0.02578125 0.0140625
0 0.5109375 0.76875 0.0125 0.0140625
0 0.99296875 0.49921875 0.01328125 0.0203125