0 0.32734375 0.01015625 0.0078125 0.0203125
0 0.159375 0.22578125 0.01640625 0.025
0 0.66796875 0.2484375 0.00859375 0.0265625
0 0.30546875 0.25703125 0.0109375 0.028125
0 0.29921875 0.2578125 0.0140625 0.0375
0 0.071875 0.36328125 0.01875 0.0328125
0 0.41796875 0.390625 0.01484375 0.0375
0 0.44140625 0.4046875 0.00859375 0.028125
0 0.6234375 0.41015625 0.015625 0.02578125
0 0.4 0.43125 0.00859375 0.0296875
0 0.3703125 0.45859375 0.0109375 0.02578125
0 0.3703125 0.47734375 0.00625 0.02109375
0 0.29921875 0.4953125 0.01640625 0.02890625
0 0.3171875 0.04921875 0.0140625 0.028125
0 0.32421875 0.0546875 0.0125 0.0171875
0 0.83828125 0.64296875 0.02265625 0.0265625
0 0.37734375 0.0796875 0.00859375 0.03671875