0 0.10625 0.0484375 0.0265625 0.04453125
0 0.36015625 0.17734375 0.01953125 0.03359375
0 0.3984375 0.2296875 0.01484375 0.05078125
0 0.253125 0.31328125 0.02109375 0.0375
0 0.19921875 0.14453125 0.0234375 0.04296875
0 0.20546875 0.13515625 0.02265625 0.04296875
0 0.065625 0.971875 0.03203125 0.0296875
0 0.646875 0.70234375 0.02578125 0.0328125
0 0.71953125 0.4046875 0.01640625 0.03828125
0 0.77109375 0.421875 0.01953125 0.03515625
0 0.65390625 0.171875 0.01171875 0.03515625
0 0.5703125 0.22734375 0.01328125 0.04296875
0 0.56328125 0.22578125 0.00859375 0.021875
0 0.6015625 0.24453125 0.0140625 0.04609375
0 0.69765625 0.19453125 0.01640625 0.0359375
0 0.71171875 0.20390625 0.01875 0.03984375
0 0.77265625 0.23203125 0.0234375 0.046875
0 0.7546875 0.36328125 0.02265625 0.0390625
0 0.7515625 0.28125 0.01953125 0.0390625
0 0.96484375 0.21875 0.0171875 0.03125
0 0.68125 0.3953125 0.0140625 0.0203125
0 0.77421875 0.40390625 0.01875 0.03125
0 0.80078125 0.38203125 0.01875 0.021875
0 0.79453125 0.39921875 0.0109375 0.02109375
0 0.80625 0.4453125 0.021875 0.03125
0 0.81484375 0.46171875 0.02265625 0.0328125
0 0.8234375 0.43125 0.01640625 0.01875
0 0.821875 0.45078125 0.01953125 0.0296875
0 0.828125 0.46484375 0.0203125 0.03046875
0 0.821875 0.49296875 0.02109375 0.025
0 0.82109375 0.509375 0.025 0.03046875
0 0.821875 0.5265625 0.02109375 0.02421875
0 0.82578125 0.54921875 0.0234375 0.03515625
0 0.82578125 0.53984375 0.0234375 0.02578125
0 0.92109375 0.3703125 0.01640625 0.03046875
0 0.93359375 0.38046875 0.02265625 0.04140625
0 0.95859375 0.4296875 0.02890625 0.034375
0 0.96875 0.39765625 0.02421875 0.025
0 0.98671875 0.37734375 0.021875 0.0296875
0 0.953125 0.37109375 0.02265625 0.03046875
0 0.8953125 0.53359375 0.028125 0.02578125
0 0.8046875 0.58515625 0.02578125 0.0375
0 0.81484375 0.65859375 0.021875 0.02578125
0 0.8078125 0.6125 0.028125 0.02734375
0 0.821875 0.565625 0.0203125 0.0296875
0 0.8328125 0.57734375 0.02109375 0.02265625
0 0.83125 0.6015625 0.02265625 0.02421875
0 0.84140625 0.5953125 0.02265625 0.02734375
0 0.82890625 0.634375 0.02890625 0.0296875
0 0.859375 0.62734375 0.02109375 0.02421875
0 0.84375 0.6375 0.021875 0.0265625
0 0.8375 0.678125 0.02890625 0.02890625
0 0.84296875 0.66015625 0.02421875 0.025
0 0.8609375 0.68203125 0.03125 0.03046875
0 0.87421875 0.68203125 0.02890625 0.0328125
0 0.91015625 0.66875 0.02890625 0.0328125
0 0.90546875 0.6953125 0.02421875 0.02734375
0 0.86875 0.7078125 0.02578125 0.02578125
0 0.88515625 0.69765625 0.0171875 0.02421875
0 0.91171875 0.740625 0.03671875 0.02421875
0 0.92265625 0.72421875 0.02421875 0.01875
0 0.9375 0.71328125 0.0265625 0.02421875
0 0.9546875 0.725 0.0265625 0.02265625
0 0.96328125 0.721875 0.02109375 0.021875
0 0.9765625 0.72578125 0.0296875 0.025
0 0.42109375 0.6109375 0.02421875 0.0484375
0 0.46484375 0.57109375 0.01640625 0.04140625
0 0.43671875 0.58671875 0.01953125 0.0265625
0 0.578125 0.65625 0.02578125 0.03125