0 0.5359375 0.134375 0.00625 0.01484375
0 0.41484375 0.2078125 0.0078125 0.034375
0 0.53671875 0.2140625 0.01171875 0.01640625
0 0.5375 0.22109375 0.02265625 0.0125
0 0.4484375 0.03203125 0.00546875 0.03203125
0 0.546875 0.34375 0.01015625 0.01484375
0 0.45390625 0.03515625 0.00703125 0.03046875
0 0.54765625 0.35625 0.01171875 0.021875
0 0.4546875 0.415625 0.00703125 0.0265625
0 0.45 0.42421875 0.00859375 0.040625
0 0.57109375 0.42421875 0.02578125 0.01640625
0 0.45859375 0.4359375 0.00859375 0.02421875
0 0.40390625 0.4515625 0.00859375 0.03046875
0 0.40390625 0.49140625 0.01015625 0.034375
0 0.6328125 0.05078125 0.00546875 0.028125
0 0.63828125 0.5203125 0.0109375 0.03515625
0 0.625 0.5234375 0.009375 0.034375
0 0.62890625 0.05546875 0.00546875 0.02890625
0 0.5578125 0.553125 0.00859375 0.025
0 0.55546875 0.5703125 0.00859375 0.01875
0 0.72421875 0.61875 0.01171875 0.0390625
0 0.71015625 0.61953125 0.01015625 0.0328125
0 0.46953125 0.646875 0.01171875 0.01875
0 0.7734375 0.65 0.01484375 0.0328125
0 0.46484375 0.6578125 0.01171875 0.01875
0 0.59765625 0.76953125 0.021875 0.02890625
0 0.671875 0.81328125 0.0140625 0.02265625
0 0.66875 0.83515625 0.01015625 0.02265625
0 0.8140625 0.8546875 0.01796875 0.02421875
0 0.46953125 0.865625 0.0125 0.03515625
0 0.8140625 0.86796875 0.00859375 0.0203125
0 0.52265625 0.9625 0.01171875 0.0390625
0 0.51484375 0.96875 0.0109375 0.02421875
0 0.42109375 0.10234375 0.00703125 0.02421875
0 0.63671875 0.10859375 0.0078125 0.02890625
0 0.6328125 0.11015625 0.00703125 0.02890625
0 0.42265625 0.11328125 0.00546875 0.02890625