0 0.83359375 0.09921875 0.01796875 0.03828125
0 0.73515625 0.10234375 0.01171875 0.034375
0 0.7375 0.1109375 0.01328125 0.03125
0 0.98359375 0.15234375 0.021875 0.0390625
0 0.80078125 0.00390625 0.0109375 0.0078125
0 0.684375 0.01640625 0.01328125 0.028125
0 0.80546875 0.01796875 0.01171875 0.0265625
0 0.73671875 0.02578125 0.01171875 0.021875
0 0.8125 0.0265625 0.0078125 0.02265625
0 0.74375 0.03359375 0.00703125 0.0203125
0 0.31796875 0.79765625 0.0203125 0.02265625
0 0.3359375 0.803125 0.0140625 0.0234375
0 0.35 0.803125 0.0171875 0.01953125
0 0.29375 0.815625 0.01953125 0.03203125
0 0.35390625 0.86640625 0.01875 0.01875
0 0.47421875 0.8953125 0.0140625 0.0234375
0 0.6484375 0.0671875 0.009375 0.03359375
0 0.51796875 0.9171875 0.01328125 0.01953125
0 0.46796875 0.91953125 0.02109375 0.028125