0 0.61171875 0.18046875 0.00625 0.01875
0 0.671875 0.22578125 0.00546875 0.02265625
0 0.659375 0.27890625 0.00625 0.02265625
0 0.69296875 0.31875 0.00546875 0.02265625
0 0.6875 0.3203125 0.00546875 0.02421875
0 0.59765625 0.35703125 0.009375 0.01875
0 0.15 0.36015625 0.01015625 0.02265625
0 0.66328125 0.40078125 0.00546875 0.01796875
0 0.66953125 0.40390625 0.0078125 0.01875
0 0.5734375 0.48671875 0.0046875 0.01875
0 0.68046875 0.4890625 0.009375 0.01640625
0 0.2546875 0.509375 0.01015625 0.01875
0 0.1234375 0.5140625 0.00859375 0.025
0 0.0109375 0.56015625 0.01171875 0.021875
0 0.7390625 0.62734375 0.00703125 0.021875
0 0.73046875 0.63671875 0.0078125 0.034375
0 0.625 0.66171875 0.00390625 0.01875
0 0.628125 0.66796875 0.00703125 0.021875
0 0.2453125 0.69375 0.00625 0.02421875
0 0.23828125 0.69765625 0.00859375 0.02265625
0 0.2625 0.7140625 0.01015625 0.021875
0 0.7609375 0.76875 0.00859375 0.0203125
0 0.6640625 0.8140625 0.00625 0.021875
0 0.66875 0.81484375 0.0046875 0.01796875
0 0.7765625 0.8671875 0.01015625 0.01875
0 0.7796875 0.8921875 0.0078125 0.0203125
0 0.63984375 0.10546875 0.00390625 0.01796875
0 0.6359375 0.10625 0.00390625 0.01796875