0 0.2515625 0.1484375 0.0140625 0.03046875
0 0.2296875 0.22421875 0.0125 0.0265625
0 0.2328125 0.25625 0.01484375 0.025
0 0.51328125 0.2734375 0.00859375 0.01640625
0 0.5140625 0.28203125 0.01171875 0.01796875
0 0.45234375 0.2859375 0.01015625 0.03671875
0 0.31484375 0.3125 0.0078125 0.02421875
0 0.30234375 0.3328125 0.0125 0.034375
0 0.52890625 0.33359375 0.00703125 0.025
0 0.2859375 0.34140625 0.0125 0.03515625
0 0.4 0.371875 0.0125 0.03046875
0 0.2015625 0.3828125 0.0109375 0.02421875
0 0.47265625 0.3953125 0.01171875 0.0265625
0 0.47265625 0.40390625 0.0125 0.03203125
0 0.309375 0.04140625 0.00859375 0.03203125
0 0.30390625 0.42421875 0.0171875 0.0203125
0 0.35859375 0.4578125 0.025 0.01875
0 0.184375 0.48125 0.0125 0.0390625
0 0.165625 0.53046875 0.01640625 0.03046875
0 0.46953125 0.5390625 0.0109375 0.03046875
0 0.478125 0.546875 0.0109375 0.0328125
0 0.30859375 0.57890625 0.0109375 0.040625
0 0.475 0.065625 0.0078125 0.021875
0 0.275 0.06796875 0.01484375 0.03203125
0 0.4796875 0.7734375 0.009375 0.0265625
0 0.5375 0.78203125 0.0125 0.03671875
0 0.55234375 0.81796875 0.0078125 0.0421875
0 0.11640625 0.84921875 0.01875 0.03515625
0 0.28515625 0.0890625 0.00859375 0.0328125
0 0.52890625 0.9796875 0.01171875 0.040625
0 0.3 0.103125 0.00859375 0.03515625
0 0.52734375 0.11484375 0.00546875 0.02890625