0 0.7921875 0.32890625 0.01640625 0.0265625
0 0.70390625 0.03359375 0.00546875 0.0234375
0 0.76796875 0.3421875 0.0125 0.03046875
0 0.803125 0.34921875 0.01640625 0.03125
0 0.36015625 0.35625 0.01640625 0.03046875
0 0.778125 0.36875 0.0125 0.03203125
0 0.75546875 0.0375 0.01015625 0.0265625
0 0.76640625 0.378125 0.009375 0.03046875
0 0.71015625 0.3890625 0.01484375 0.0234375
0 0.27265625 0.39296875 0.0203125 0.025
0 0.2984375 0.3953125 0.01328125 0.0265625
0 0.78359375 0.4125 0.0140625 0.0203125
0 0.675 0.4234375 0.01328125 0.034375
0 0.7140625 0.04375 0.0078125 0.034375
0 0.79609375 0.4640625 0.0140625 0.03125
0 0.7421875 0.046875 0.01171875 0.03359375
0 0.5890625 0.49140625 0.01015625 0.02265625
0 0.88203125 0.50078125 0.0171875 0.021875
0 0.65859375 0.51796875 0.01484375 0.03203125
0 0.79921875 0.5296875 0.01328125 0.0265625
0 0.74609375 0.57421875 0.0140625 0.025
0 0.840625 0.58359375 0.015625 0.02734375
0 0.91328125 0.5890625 0.01875 0.021875
0 0.7421875 0.6015625 0.00859375 0.0203125
0 0.7328125 0.603125 0.0140625 0.03203125
0 0.6484375 0.65625 0.01796875 0.03046875
0 0.6359375 0.68359375 0.01796875 0.0296875
0 0.75625 0.0703125 0.01171875 0.03359375
0 0.8359375 0.78828125 0.01640625 0.02265625
0 0.6359375 0.7984375 0.01953125 0.0203125
0 0.6375 0.8640625 0.01171875 0.02109375
0 0.73203125 0.865625 0.0203125 0.02578125
0 0.646875 0.86875 0.0125 0.01875
0 0.81015625 0.91015625 0.01328125 0.03046875
0 0.54921875 0.9125 0.01484375 0.0296875
0 0.5609375 0.91640625 0.0140625 0.02265625