0 0.53125 0.67421875 0.0203125 0.0515625
0 0.3375 0.7 0.01796875 0.0484375
0 0.396875 0.50234375 0.01328125 0.046875
0 0.5296875 0.428125 0.0078125 0.04453125
0 0.265625 0.40234375 0.0125 0.046875
0 0.10078125 0.4 0.0171875 0.046875
0 0.89453125 0.4234375 0.0140625 0.04609375
0 0.71484375 0.3171875 0.0109375 0.046875
0 0.70390625 0.3140625 0.0078125 0.03828125
0 0.78515625 0.246875 0.009375 0.0359375
0 0.7 0.1109375 0.01171875 0.03125
0 0.5421875 0.14140625 0.0078125 0.0375
0 0.64453125 0.30234375 0.0109375 0.03984375
0 0.028125 0.46015625 0.0125 0.04609375
0 0.0921875 0.2609375 0.01328125 0.0421875
0 0.12265625 0.125 0.0109375 0.0328125
0 0.12578125 0.07734375 0.0109375 0.03984375
0 0.3984375 0.2234375 0.01875 0.040625
0 0.3671875 0.12421875 0.0109375 0.04140625
0 0.3765625 0.04453125 0.0125 0.034375