0 0.87734375 0.58046875 0.01875 0.0421875
0 0.88125 0.4625 0.0203125 0.0390625
0 0.85 0.315625 0.01328125 0.03828125
0 0.815625 0.175 0.01171875 0.03828125
0 0.5734375 0.1390625 0.009375 0.03515625
0 0.6234375 0.14609375 0.01015625 0.03984375
0 0.63671875 0.13828125 0.0078125 0.03515625
0 0.51796875 0.359375 0.009375 0.05078125
0 0.50234375 0.2171875 0.0078125 0.0375
0 0.56953125 0.88046875 0.0265625 0.059375
0 0.49296875 0.6578125 0.0140625 0.05078125
0 0.4 0.86484375 0.021875 0.059375
0 0.3484375 0.6734375 0.01171875 0.053125
0 0.05625 0.91015625 0.0234375 0.059375
0 0.36640625 0.3921875 0.0109375 0.0421875
0 0.3859375 0.26171875 0.01328125 0.0390625
0 0.29921875 0.21171875 0.009375 0.0390625
0 0.396875 0.121875 0.01171875 0.0375
0 0.034375 0.40390625 0.0140625 0.03984375
0 0.159375 0.02421875 0.0125 0.03046875
0 0.51171875 0.021875 0.0078125 0.03359375