0 0.09296875 0.69140625 0.04609375 0.03046875
0 0.03125 0.70546875 0.0625 0.0578125
0 0.5484375 0.7078125 0.021875 0.04765625
0 0.46484375 0.73828125 0.02890625 0.0578125
0 0.46484375 0.759375 0.01640625 0.01796875
0 0.4234375 0.7671875 0.03046875 0.05859375
0 0.92265625 0.7828125 0.0671875 0.0796875
0 0.3 0.79921875 0.05390625 0.04765625
0 0.61953125 0.82890625 0.01796875 0.03984375
0 0.95234375 0.83203125 0.07109375 0.04921875
0 0.63203125 0.86328125 0.03046875 0.0703125
0 0.29296875 0.8890625 0.0453125 0.07890625
0 0.2734375 0.8921875 0.0203125 0.03984375
0 0.396875 0.94765625 0.0359375 0.0734375
0 0.40234375 0.9703125 0.0328125 0.0578125
0 0.4984375 0.15859375 0.025 0.065625
0 0.44375 0.16640625 0.0375 0.0734375
0 0.19609375 0.18203125 0.053125 0.07265625
0 0.5078125 0.19375 0.028125 0.078125
0 0.540625 0.221875 0.02578125 0.0578125
0 0.53125 0.28046875 0.02734375 0.05703125
0 0.27890625 0.3046875 0.04765625 0.04921875
0 0.51015625 0.3078125 0.01484375 0.03359375
0 0.48984375 0.34140625 0.03046875 0.0421875
0 0.3515625 0.35390625 0.03359375 0.04453125
0 0.03203125 0.4359375 0.0640625 0.04140625
0 0.66640625 0.45078125 0.03671875 0.0375
0 0.28046875 0.471875 0.04140625 0.0296875
0 0.22734375 0.47421875 0.05 0.03359375
0 0.27890625 0.51796875 0.05234375 0.0265625
0 0.7046875 0.52109375 0.0375 0.0390625
0 0.6515625 0.5234375 0.04609375 0.04609375
0 0.45234375 0.5296875 0.0375 0.0421875
0 0.2125 0.56640625 0.04375 0.04609375
0 0.08046875 0.57421875 0.07109375 0.04140625
0 0.0234375 0.6015625 0.046875 0.0359375
0 0.421875 0.6078125 0.01796875 0.02578125
0 0.5609375 0.61953125 0.0328125 0.0390625
0 0.43828125 0.6484375 0.02890625 0.05859375
0 0.08828125 0.653125 0.06796875 0.04453125
0 0.57734375 0.65703125 0.03984375 0.05
0 0.88515625 0.66640625 0.05859375 0.04765625