0 0.60703125 0.07734375 0.00703125 0.03359375
0 0.57109375 0.10234375 0.00859375 0.02734375
0 0.53515625 0.11875 0.01171875 0.0234375
0 0.56171875 0.16875 0.00859375 0.025
0 0.68125 0.16953125 0.00703125 0.02890625
0 0.67109375 0.18671875 0.009375 0.02734375
0 0.525 0.21484375 0.009375 0.03046875
0 0.59609375 0.22734375 0.01171875 0.01796875
0 0.53203125 0.24140625 0.009375 0.0375
0 0.65234375 0.24296875 0.0078125 0.0234375
0 0.5375 0.2453125 0.00703125 0.02734375
0 0.5046875 0.3671875 0.01015625 0.0359375
0 0.5265625 0.36875 0.00703125 0.0359375
0 0.5125 0.36953125 0.0078125 0.02734375
0 0.48984375 0.5 0.01171875 0.01953125
0 0.62734375 0.5421875 0.00859375 0.02890625
0 0.54296875 0.6375 0.01328125 0.02890625
0 0.5265625 0.65234375 0.0078125 0.0390625
0 0.53359375 0.66171875 0.01171875 0.0390625
0 0.6390625 0.67890625 0.01171875 0.0359375
0 0.6515625 0.68125 0.0109375 0.02734375
0 0.6453125 0.715625 0.0109375 0.0265625
0 0.5625 0.73046875 0.01015625 0.01796875
0 0.53671875 0.734375 0.01640625 0.0390625
0 0.7625 0.77421875 0.01796875 0.04140625
0 0.73515625 0.83828125 0.01171875 0.03203125
0 0.4890625 0.03828125 0.00625 0.03203125