0 0.8671875 0.5390625 0.01484375 0.0421875
0 0.8609375 0.4296875 0.015625 0.040625
0 0.48671875 0.61484375 0.01484375 0.046875
0 0.57109375 0.83671875 0.01484375 0.05546875
0 0.509375 0.3375 0.0078125 0.046875
0 0.4921875 0.20078125 0.00703125 0.03515625
0 0.5625 0.1265625 0.009375 0.03359375
0 0.60625 0.13125 0.0109375 0.0375
0 0.6234375 0.1265625 0.0078125 0.03046875
0 0.828125 0.2890625 0.009375 0.03515625
0 0.80078125 0.15546875 0.0125 0.034375
0 0.3640625 0.95 0.0140625 0.05234375
0 0.390625 0.8203125 0.01953125 0.0609375
0 0.3421875 0.6359375 0.01796875 0.05
0 0.06640625 0.8625 0.0234375 0.06328125
0 0.03125 0.384375 0.01875 0.04296875
0 0.29296875 0.19765625 0.0109375 0.040625
0 0.35625 0.36953125 0.01171875 0.040625
0 0.3796875 0.24296875 0.0125 0.040625
0 0.3890625 0.109375 0.0109375 0.0359375