0 0.58671875 0.93203125 0.02109375 0.04140625
0 0.57578125 0.87109375 0.02265625 0.03359375
0 0.58828125 0.78359375 0.01875 0.03671875
0 0.5328125 0.665625 0.0171875 0.028125
0 0.54375 0.63984375 0.02109375 0.03046875
0 0.53984375 0.546875 0.0171875 0.02421875
0 0.578125 0.53671875 0.01875 0.0390625
0 0.55234375 0.471875 0.01796875 0.028125
0 0.51171875 0.3859375 0.009375 0.00859375
0 0.50078125 0.36015625 0.015625 0.025
0 0.43125 0.49609375 0.00859375 0.01171875
0 0.44140625 0.49609375 0.015625 0.02890625
0 0.58984375 0.1125 0.01171875 0.0203125
0 0.58828125 0.1390625 0.0109375 0.02265625
0 0.6203125 0.0765625 0.02265625 0.05234375
0 0.596875 0.08359375 0.015625 0.05
0 0.475 0.07109375 0.0140625 0.04140625
0 0.48671875 0.06484375 0.015625 0.046875
0 0.46171875 0.19921875 0.01484375 0.034375
0 0.46171875 0.1875 0.0171875 0.034375
0 0.4421875 0.88671875 0.01796875 0.02578125