0 0.3015625 0.04921875 0.01953125 0.0421875
0 0.34296875 0.05078125 0.01875 0.03828125
0 0.0921875 0.9875 0.0359375 0.02421875
0 0.3453125 0.0703125 0.0203125 0.04140625
0 0.21796875 0.071875 0.02890625 0.034375
0 0.40546875 0.08828125 0.0171875 0.0421875
0 0.19765625 0.12421875 0.021875 0.03359375
0 0.2625 0.1546875 0.02421875 0.0375
0 0.71484375 0.17890625 0.01796875 0.040625
0 0.33125 0.18203125 0.02265625 0.04765625
0 0.57265625 0.0046875 0.0109375 0.009375
0 0.55703125 0.00625 0.0140625 0.0125
0 0.4484375 0.00625 0.015625 0.0125
0 0.54765625 0.3953125 0.01953125 0.03359375
0 0.5234375 0.0140625 0.01875 0.028125
0 0.39453125 0.0203125 0.01875 0.040625
0 0.334375 0.68984375 0.03046875 0.0375
0 0.32578125 0.046875 0.0203125 0.04140625