0 0.328125 0.0125 0.0078125 0.021875
0 0.1609375 0.22734375 0.01640625 0.025
0 0.6671875 0.24921875 0.00859375 0.0265625
0 0.30703125 0.25859375 0.0109375 0.02734375
0 0.30078125 0.259375 0.0140625 0.0375
0 0.07421875 0.3640625 0.01875 0.03203125
0 0.41796875 0.390625 0.01484375 0.0375
0 0.44140625 0.40546875 0.00859375 0.02734375
0 0.62265625 0.4109375 0.015625 0.02578125
0 0.40078125 0.43203125 0.00859375 0.0296875
0 0.37109375 0.45859375 0.0109375 0.02578125
0 0.37109375 0.47734375 0.00625 0.02109375
0 0.3 0.4953125 0.01640625 0.02890625
0 0.31796875 0.0515625 0.0140625 0.02734375
0 0.325 0.05703125 0.0125 0.0171875
0 0.8359375 0.6421875 0.021875 0.0265625
0 0.378125 0.08203125 0.00859375 0.0359375