0 0.05546875 0.0359375 0.02890625 0.0484375
0 0.32890625 0.175 0.02109375 0.0359375
0 0.37109375 0.23125 0.01640625 0.0546875
0 0.2140625 0.321875 0.0234375 0.03984375
0 0.15546875 0.13984375 0.02578125 0.04609375
0 0.16171875 0.1296875 0.025 0.04609375
0 0.63828125 0.7421875 0.028125 0.03515625
0 0.71640625 0.4203125 0.01796875 0.04140625
0 0.77265625 0.43984375 0.02109375 0.03828125
0 0.64609375 0.16953125 0.0125 0.03828125
0 0.55625 0.2296875 0.01484375 0.04609375
0 0.54765625 0.22734375 0.009375 0.0234375
0 0.58984375 0.24765625 0.015625 0.04921875
0 0.69296875 0.19375 0.01796875 0.0390625
0 0.70859375 0.20390625 0.0203125 0.04296875
0 0.77421875 0.234375 0.02578125 0.05078125
0 0.7546875 0.37578125 0.025 0.0421875
0 0.75078125 0.2875 0.02109375 0.0421875
0 0.98125 0.2203125 0.01875 0.034375
0 0.675 0.4109375 0.015625 0.021875
0 0.77578125 0.4203125 0.0203125 0.034375
0 0.80390625 0.39609375 0.0203125 0.0234375
0 0.79765625 0.4140625 0.01171875 0.02265625
0 0.8109375 0.4640625 0.02421875 0.034375
0 0.81953125 0.4828125 0.025 0.03515625
0 0.82890625 0.44921875 0.01796875 0.0203125
0 0.82734375 0.4703125 0.02109375 0.03203125
0 0.834375 0.4859375 0.021875 0.0328125
0 0.82734375 0.51640625 0.0234375 0.0265625
0 0.82578125 0.534375 0.02734375 0.0328125
0 0.82734375 0.55234375 0.0234375 0.02578125
0 0.83125 0.5765625 0.02578125 0.03828125
0 0.83125 0.56640625 0.02578125 0.028125
0 0.934375 0.38359375 0.01796875 0.0328125
0 0.94765625 0.39453125 0.025 0.04453125
0 0.97421875 0.44765625 0.03125 0.0375
0 0.98515625 0.41328125 0.0265625 0.0265625
0 0.99609375 0.390625 0.0078125 0.03125
0 0.96875 0.384375 0.025 0.0328125
0 0.90625 0.56015625 0.03046875 0.028125
0 0.80859375 0.615625 0.028125 0.03984375
0 0.81953125 0.6953125 0.02421875 0.028125
0 0.8125 0.64453125 0.03046875 0.0296875
0 0.82734375 0.59453125 0.021875 0.03203125
0 0.8390625 0.60703125 0.0234375 0.025
0 0.8375 0.63359375 0.025 0.02578125
0 0.84765625 0.6265625 0.025 0.0296875
0 0.83515625 0.66875 0.03125 0.03203125
0 0.8671875 0.66171875 0.0234375 0.02578125
0 0.85078125 0.671875 0.02421875 0.02890625
0 0.84375 0.71640625 0.03125 0.03125
0 0.84921875 0.696875 0.0265625 0.0265625
0 0.86953125 0.7203125 0.03359375 0.0328125
0 0.88359375 0.7203125 0.03125 0.03515625
0 0.921875 0.70625 0.03125 0.03515625
0 0.9171875 0.734375 0.0265625 0.0296875
0 0.878125 0.74765625 0.028125 0.028125
0 0.8953125 0.7375 0.01875 0.02578125
0 0.92421875 0.784375 0.0390625 0.02578125
0 0.9359375 0.765625 0.0265625 0.0203125
0 0.9515625 0.75390625 0.02890625 0.02578125
0 0.9703125 0.7671875 0.02890625 0.025
0 0.9796875 0.76328125 0.0234375 0.0234375
0 0.9890625 0.76796875 0.021875 0.0265625
0 0.3953125 0.64375 0.0265625 0.05234375
0 0.44140625 0.60078125 0.01796875 0.04453125
0 0.41171875 0.6171875 0.02109375 0.02890625
0 0.5640625 0.6921875 0.028125 0.034375