0 0.63125 0.7734375 0.015625 0.03203125
0 0.4984375 0.93671875 0.0140625 0.02421875
0 0.64453125 0.9421875 0.01796875 0.02421875
0 0.46015625 0.10546875 0.009375 0.02890625
0 0.46015625 0.1296875 0.009375 0.03203125
0 0.475 0.134375 0.0078125 0.03125
0 0.44921875 0.19453125 0.009375 0.03203125
0 0.45234375 0.2 0.01484375 0.02890625
0 0.45390625 0.20625 0.00703125 0.0265625
0 0.4234375 0.2171875 0.00703125 0.0109375
0 0.41796875 0.22109375 0.0078125 0.0265625
0 0.48515625 0.2578125 0.0078125 0.0296875
0 0.8296875 0.259375 0.0140625 0.03359375
0 0.9125 0.27734375 0.009375 0.01328125
0 0.91171875 0.278125 0.0140625 0.028125
0 0.86796875 0.2796875 0.0140625 0.02578125
0 0.89375 0.2796875 0.01171875 0.0296875
0 0.85234375 0.28046875 0.01328125 0.025
0 0.7734375 0.290625 0.0109375 0.02421875
0 0.60859375 0.3 0.01015625 0.03203125
0 0.99296875 0.32265625 0.0140625 0.02578125
0 0.996875 0.32890625 0.00625 0.0265625
0 0.6234375 0.41015625 0.0109375 0.0328125
0 0.47578125 0.425 0.009375 0.02890625
0 0.3828125 0.48515625 0.01015625 0.02734375
0 0.884375 0.4921875 0.02265625 0.02734375
0 0.3921875 0.5078125 0.01171875 0.0171875
0 0.3609375 0.56015625 0.0125 0.02578125
0 0.2953125 0.69296875 0.02265625 0.02109375