0 0.1953125 0.184375 0.00859375 0.01953125
0 0.67265625 0.21640625 0.0078125 0.02109375
0 0.665625 0.21875 0.00390625 0.01796875
0 0.6609375 0.21953125 0.00390625 0.01953125
0 0.63203125 0.24375 0.00859375 0.021875
0 0.63125 0.0171875 0.00390625 0.01171875
0 0.63125 0.26953125 0.00625 0.01796875
0 0.6609375 0.28359375 0.00859375 0.02109375
0 0.6734375 0.32265625 0.00703125 0.02109375
0 0.684375 0.3375 0.003125 0.0140625
0 0.6796875 0.3390625 0.00546875 0.0171875
0 0.70625 0.38125 0.0078125 0.021875
0 0.6328125 0.409375 0.01171875 0.0171875
0 0.13671875 0.42109375 0.0125 0.01953125
0 0.61171875 0.425 0.00625 0.02734375
0 0.72265625 0.43359375 0.00625 0.02109375
0 0.71484375 0.43984375 0.00546875 0.0234375
0 0.70234375 0.453125 0.00546875 0.02109375
0 0.73203125 0.55 0.00625 0.0296875
0 0.7359375 0.55234375 0.00625 0.02109375
0 0.1625 0.6109375 0.0109375 0.0234375
0 0.16875 0.62734375 0.01015625 0.0234375
0 0.2171875 0.65859375 0.01015625 0.02109375
0 0.21875 0.678125 0.01171875 0.02109375
0 0.5890625 0.71171875 0.00859375 0.02734375
0 0.01796875 0.71875 0.01484375 0.02578125
0 0.64921875 0.06484375 0.00625 0.02109375
0 0.653125 0.0671875 0.00625 0.01953125
0 0.6828125 0.85234375 0.00703125 0.02734375
0 0.77265625 0.8578125 0.00625 0.0171875
0 0.78359375 0.86015625 0.009375 0.021875
0 0.21484375 0.90546875 0.01171875 0.021875
0 0.20546875 0.9125 0.00703125 0.0234375
0 0.2328125 0.93125 0.00859375 0.01953125
0 0.22578125 0.946875 0.01171875 0.02109375
0 0.80625 0.9890625 0.00703125 0.01171875
0 0.80703125 0.99765625 0.0078125 0.0046875