0 0.02578125 0.08828125 0.01953125 0.02578125
0 0.01328125 0.109375 0.015625 0.02890625
0 0.09453125 0.5359375 0.01484375 0.01796875
0 0.40390625 0.85859375 0.01484375 0.021875
0 0.42265625 0.8515625 0.01328125 0.02421875
0 0.4078125 0.78671875 0.0171875 0.0234375
0 0.60625 0.96953125 0.01171875 0.0296875
0 0.9234375 0.5265625 0.02578125 0.0390625
0 0.89375 0.43515625 0.02421875 0.04453125
0 0.9828125 0.43671875 0.0171875 0.03984375
0 0.97578125 0.2921875 0.0203125 0.0546875
0 0.58671875 0.059375 0.0125 0.03828125
0 0.5765625 0.109375 0.0125 0.03671875
0 0.44296875 0.03515625 0.01640625 0.0390625
0 0.24375 0.4734375 0.02109375 0.034375