0 0.93515625 0.67109375 0.0203125 0.0546875
0 0.82890625 0.4171875 0.0140625 0.0453125
0 0.75859375 0.46875 0.0171875 0.053125
0 0.75078125 0.49453125 0.0125 0.04296875
0 0.5390625 0.23984375 0.009375 0.04296875
0 0.5265625 0.08984375 0.00859375 0.0359375
0 0.52890625 0.64921875 0.0171875 0.05390625
0 0.67578125 0.45390625 0.0125 0.04765625
0 0.33828125 0.69609375 0.01796875 0.05
0 0.23671875 0.57890625 0.0171875 0.053125
0 0.38359375 0.35390625 0.0109375 0.04609375
0 0.31875 0.2046875 0.009375 0.04765625
0 0.15390625 0.0078125 0.01015625 0.015625
0 0.07265625 0.1171875 0.0140625 0.04375
0 0.07578125 0.20390625 0.01171875 0.040625
0 0.0046875 0.57734375 0.00859375 0.05234375