0 0.4 0.12890625 0.01015625 0.02890625
0 0.6796875 0.1296875 0.009375 0.01875
0 0.384375 0.1375 0.0078125 0.03203125
0 0.39296875 0.14140625 0.00703125 0.02421875
0 0.35 0.015625 0.01015625 0.02890625
0 0.4390625 0.21796875 0.0078125 0.03203125
0 0.43203125 0.228125 0.00703125 0.0265625
0 0.47578125 0.2390625 0.009375 0.03203125
0 0.2015625 0.284375 0.0109375 0.02265625
0 0.1921875 0.28515625 0.01328125 0.0265625
0 0.50859375 0.31171875 0.0109375 0.03203125
0 0.33203125 0.03203125 0.0125 0.034375
0 0.4671875 0.31953125 0.00859375 0.02421875
0 0.50625 0.33125 0.0078125 0.028125
0 0.52421875 0.35390625 0.0078125 0.03046875
0 0.48359375 0.36484375 0.0109375 0.0265625
0 0.51953125 0.37109375 0.01015625 0.02890625
0 0.5625 0.3796875 0.01015625 0.0265625
0 0.55546875 0.38671875 0.0078125 0.028125
0 0.575 0.40390625 0.00703125 0.02265625
0 0.53203125 0.40390625 0.00859375 0.02890625
0 0.5671875 0.41875 0.0078125 0.028125
0 0.69296875 0.440625 0.01484375 0.02265625
0 0.603125 0.4515625 0.01015625 0.02265625
0 0.55390625 0.45703125 0.009375 0.025
0 0.69140625 0.4859375 0.01640625 0.028125
0 0.68203125 0.4984375 0.009375 0.01796875
0 0.603125 0.5046875 0.0125 0.01875
0 0.59765625 0.51640625 0.00703125 0.02265625
0 0.6234375 0.525 0.0109375 0.02421875
0 0.61171875 0.52890625 0.009375 0.021875
0 0.625 0.55703125 0.00859375 0.0203125
0 0.6140625 0.5625 0.0078125 0.02265625
0 0.8078125 0.57578125 0.0125 0.01796875
0 0.640625 0.58125 0.009375 0.01796875
0 0.63671875 0.59296875 0.01171875 0.01875
0 0.065625 0.59609375 0.015625 0.01875
0 0.6625 0.6125 0.009375 0.01640625
0 0.671875 0.6171875 0.0125 0.0265625
0 0.60234375 0.63671875 0.01171875 0.02265625
0 0.69375 0.63671875 0.01171875 0.02265625
0 0.609375 0.6671875 0.0109375 0.021875
0 0.6203125 0.6875 0.009375 0.021875
0 0.63125 0.7140625 0.01015625 0.021875
0 0.37421875 0.07890625 0.0109375 0.0328125
0 0.38828125 0.08359375 0.0109375 0.03046875
0 0.365625 0.0859375 0.01171875 0.03671875
0 0.7765625 0.86328125 0.015625 0.0203125
0 0.71015625 0.8828125 0.015625 0.01875
0 0.7140625 0.9015625 0.01328125 0.01640625
0 0.728125 0.9203125 0.01328125 0.02265625
0 0.3515625 0.0109375 0.009375 0.021875
0 0.58984375 0.109375 0.009375 0.01484375