0 0.86875 0.2171875 0.00859375 0.02109375
0 0.7875 0.24140625 0.0140625 0.0328125
0 0.43359375 0.2453125 0.0109375 0.02890625
0 0.08203125 0.2515625 0.01953125 0.03046875
0 0.46640625 0.25859375 0.01015625 0.0296875
0 0.05703125 0.259375 0.02265625 0.0265625
0 0.81875 0.2609375 0.0125 0.0296875
0 0.575 0.26328125 0.009375 0.02890625
0 0.2390625 0.265625 0.01171875 0.0171875
0 0.20390625 0.26875 0.0171875 0.02578125
0 0.23203125 0.2703125 0.01796875 0.02890625
0 0.9265625 0.271875 0.01640625 0.02890625
0 0.3921875 0.271875 0.0109375 0.03046875
0 0.19453125 0.2734375 0.01015625 0.01796875
0 0.8734375 0.27578125 0.01171875 0.0296875
0 0.63046875 0.27734375 0.01171875 0.0265625
0 0.0984375 0.2828125 0.0203125 0.03046875
0 0.19453125 0.284375 0.01484375 0.02890625
0 0.05859375 0.28671875 0.0203125 0.03125
0 0.2140625 0.2921875 0.015625 0.0265625
0 0.47734375 0.2921875 0.01171875 0.03125
0 0.86953125 0.29609375 0.01015625 0.02578125
0 0.33203125 0.30234375 0.009375 0.01953125
0 0.58984375 0.3046875 0.01015625 0.02578125
0 0.2859375 0.31953125 0.0125 0.0296875
0 0.83828125 0.32734375 0.01484375 0.03671875
0 0.0953125 0.3328125 0.01484375 0.02734375
0 0.85703125 0.33828125 0.01484375 0.0234375
0 0.8484375 0.33828125 0.009375 0.01875
0 0.25 0.34765625 0.01640625 0.02734375
0 0.65625 0.3546875 0.0109375 0.02578125
0 0.08515625 0.35546875 0.0203125 0.03359375
0 0.70859375 0.36640625 0.015625 0.03046875
0 0.2578125 0.36875 0.0125 0.02890625
0 0.19296875 0.37265625 0.01953125 0.02734375
0 0.1796875 0.4203125 0.015625 0.0328125
0 0.64609375 0.46640625 0.01640625 0.02734375
0 0.821875 0.4734375 0.01484375 0.02578125
0 0.803125 0.49140625 0.01796875 0.0296875
0 0.80859375 0.51015625 0.0171875 0.02890625
0 0.80625 0.61640625 0.0203125 0.02890625
0 0.86640625 0.6421875 0.01640625 0.0265625
0 0.84140625 0.75078125 0.02109375 0.03046875
0 0.87421875 0.8265625 0.01484375 0.03046875