0 0.01796875 0.54453125 0.03515625 0.08125
0 0.14453125 0.58828125 0.04609375 0.0890625
0 0.19296875 0.51875 0.0484375 0.109375
0 0.3796875 0.51640625 0.0328125 0.075
0 0.5609375 0.76015625 0.07890625 0.10390625
0 0.3859375 0.80546875 0.04140625 0.07578125
0 0.253125 0.81328125 0.0375 0.10390625
0 0.3328125 0.9578125 0.0484375 0.084375
0 0.71328125 0.6421875 0.06640625 0.10390625
0 0.9875 0.2609375 0.02421875 0.09609375
0 0.88828125 0.0625 0.06640625 0.08046875
0 0.92109375 0.0671875 0.084375 0.11015625