0 0.7453125 0.734375 0.028125 0.03515625
0 0.73203125 0.78203125 0.01484375 0.03828125
0 0.75859375 0.81328125 0.02421875 0.03515625
0 0.81875 0.87734375 0.028125 0.0421875
0 0.78359375 0.90859375 0.0296875 0.03515625
0 0.86796875 0.9546875 0.02890625 0.028125
0 0.8859375 0.95625 0.03125 0.02734375
0 0.15234375 0.11953125 0.0140625 0.0359375
0 0.46796875 0.26328125 0.00859375 0.03671875
0 0.43359375 0.31171875 0.0125 0.03828125
0 0.590625 0.58828125 0.0171875 0.046875
0 0.6359375 0.59296875 0.015625 0.04453125
0 0.22421875 0.0515625 0.01171875 0.03125