0 0.77265625 0.95234375 0.03984375 0.0953125
0 0.74609375 0.9171875 0.04453125 0.0921875
0 0.69296875 0.91328125 0.0390625 0.12890625
0 0.603125 0.65 0.03125 0.1171875
0 0.66875 0.57890625 0.02890625 0.11484375
0 0.56796875 0.628125 0.028125 0.1171875
0 0.50078125 0.50703125 0.03125 0.0890625
0 0.465625 0.66484375 0.0328125 0.109375
0 0.409375 0.59453125 0.0328125 0.125
0 0.32734375 0.6484375 0.02890625 0.10625
0 0.35078125 0.43984375 0.0328125 0.121875
0 0.32578125 0.41171875 0.0328125 0.11328125
0 0.4046875 0.2984375 0.0296875 0.0984375
0 0.3375 0.07890625 0.02890625 0.090625
0 0.425 0.0328125 0.02265625 0.065625
0 0.22578125 0.12890625 0.03203125 0.1015625
0 0.2625 0.0390625 0.0234375 0.07734375
0 0.20234375 0.10625 0.0234375 0.10625
0 0.2 0.33515625 0.0234375 0.090625
0 0.18046875 0.3171875 0.02109375 0.09453125
0 0.1234375 0.2734375 0.04375 0.11328125
0 0.078125 0.4015625 0.04453125 0.11484375
0 0.13984375 0.4734375 0.03828125 0.1
0 0.9359375 0.24609375 0.0328125 0.0875
0 0.86484375 0.69140625 0.03671875 0.09140625
0 0.90625 0.75703125 0.03671875 0.0953125
0 0.90078125 0.87734375 0.04453125 0.11953125
0 0.93359375 0.79453125 0.0421875 0.0953125
0 0.96328125 0.95234375 0.0390625 0.0953125
0 0.92109375 0.95625 0.0421875 0.0875
0 0.990625 0.19921875 0.01875 0.115625
0 0.978125 0.02578125 0.021875 0.0515625