0 0.96953125 0.0484375 0.01328125 0.03125
0 0.97578125 0.05859375 0.0109375 0.02578125
0 0.959375 0.06328125 0.0140625 0.03828125
0 0.74140625 0.09140625 0.00859375 0.0328125
0 0.71796875 0.25078125 0.01015625 0.03515625
0 0.15234375 0.3140625 0.015625 0.03125
0 0.2578125 0.40390625 0.02109375 0.0328125
0 0.528125 0.41796875 0.0078125 0.0328125
0 0.1203125 0.42421875 0.02265625 0.02734375
0 0.38984375 0.44921875 0.01640625 0.02734375
0 0.21953125 0.4515625 0.01015625 0.02265625
0 0.35859375 0.45234375 0.0109375 0.02421875
0 0.52109375 0.453125 0.0140625 0.028125
0 0.21796875 0.47109375 0.0125 0.015625
0 0.40859375 0.47265625 0.0109375 0.02734375
0 0.4546875 0.4734375 0.0125 0.02421875
0 0.9671875 0.67109375 0.02109375 0.02734375
0 0.8484375 0.771875 0.0203125 0.02421875
0 0.92265625 0.85546875 0.0203125 0.028125
0 0.93828125 0.0140625 0.01015625 0.028125