0 0.8109375 0.9234375 0.03515625 0.04296875
0 0.39921875 0.46796875 0.015625 0.046875
0 0.396875 0.40546875 0.01640625 0.04375
0 0.1921875 0.57734375 0.01484375 0.05625
0 0.20546875 0.45625 0.01953125 0.04921875
0 0.20390625 0.4875 0.01640625 0.02890625
0 0.21484375 0.41796875 0.02421875 0.03828125
0 0.22578125 0.509375 0.0203125 0.025
0 0.21796875 0.53359375 0.01640625 0.025
0 0.2265625 0.56328125 0.03828125 0.025
0 0.2265625 0.59375 0.02421875 0.0234375
0 0.225 0.62109375 0.01953125 0.0203125
0 0.2953125 0.49140625 0.01484375 0.03671875
0 0.27734375 0.4390625 0.0109375 0.0390625
0 0.28203125 0.3984375 0.01484375 0.03828125
0 0.28203125 0.48125 0.01796875 0.04921875