0 0.5453125 0.2796875 0.00703125 0.03046875
0 0.52421875 0.29921875 0.00703125 0.03046875
0 0.590625 0.30703125 0.009375 0.025
0 0.56796875 0.3078125 0.00625 0.03203125
0 0.62109375 0.32421875 0.0078125 0.034375
0 0.62265625 0.3390625 0.00625 0.025
0 0.64140625 0.33984375 0.0078125 0.03046875
0 0.646875 0.346875 0.01171875 0.03046875
0 0.59609375 0.35234375 0.01015625 0.02734375
0 0.61328125 0.353125 0.0046875 0.0203125
0 0.5890625 0.3578125 0.00625 0.0125
0 0.615625 0.36953125 0.0078125 0.03046875
0 0.62578125 0.3703125 0.00546875 0.0328125
0 0.63984375 0.37265625 0.01015625 0.02890625
0 0.68515625 0.38515625 0.009375 0.02890625
0 0.671875 0.38671875 0.00859375 0.0234375
0 0.65 0.39765625 0.00625 0.02578125
0 0.64921875 0.40859375 0.00625 0.02578125
0 0.2109375 0.41015625 0.01171875 0.03203125
0 0.225 0.4140625 0.00625 0.0203125
0 0.6671875 0.4140625 0.009375 0.02890625
0 0.5890625 0.4203125 0.01171875 0.02734375
0 0.6796875 0.42734375 0.00703125 0.02734375
0 0.671875 0.4328125 0.009375 0.034375
0 0.68046875 0.45859375 0.01171875 0.0328125
0 0.25625 0.4796875 0.0078125 0.03203125
0 0.68515625 0.4875 0.0078125 0.0328125
0 0.31796875 0.4921875 0.009375 0.02578125
0 0.25 0.4953125 0.0078125 0.0234375
0 0.31015625 0.51796875 0.01171875 0.0328125
0 0.8484375 0.51875 0.0109375 0.0234375
0 0.79140625 0.5203125 0.01015625 0.02734375
0 0.78046875 0.52421875 0.009375 0.02890625
0 0.271875 0.52421875 0.009375 0.02890625
0 0.8046875 0.53359375 0.01328125 0.034375
0 0.76328125 0.5359375 0.0109375 0.03046875
0 0.3015625 0.5375 0.00703125 0.02890625
0 0.253125 0.5421875 0.009375 0.034375
0 0.696875 0.5546875 0.01171875 0.034375
0 0.85078125 0.55546875 0.01015625 0.02734375
0 0.4796875 0.58046875 0.01171875 0.02890625
0 0.2671875 0.58203125 0.0109375 0.03203125
0 0.490625 0.584375 0.01015625 0.02734375
0 0.41640625 0.59765625 0.01171875 0.02734375
0 0.303125 0.6015625 0.0078125 0.02890625
0 0.546875 0.60234375 0.01640625 0.02578125
0 0.55078125 0.6140625 0.01328125 0.02734375
0 0.37421875 0.61640625 0.00703125 0.02578125
0 0.2875 0.6203125 0.009375 0.02890625
0 0.27890625 0.62734375 0.0078125 0.02890625
0 0.32734375 0.634375 0.009375 0.0375
0 0.62578125 0.634375 0.0125 0.02578125
0 0.40078125 0.64375 0.009375 0.02890625
0 0.978125 0.6484375 0.01640625 0.02890625
0 0.73125 0.65234375 0.01171875 0.034375
0 0.92890625 0.65390625 0.0109375 0.03203125
0 0.390625 0.65390625 0.00859375 0.03046875
0 0.36875 0.659375 0.0109375 0.034375
0 0.35390625 0.6625 0.0125 0.02734375
0 0.3890625 0.66484375 0.01015625 0.03203125
0 0.8921875 0.67109375 0.01328125 0.04140625
0 0.9140625 0.671875 0.0171875 0.025
0 0.36171875 0.68984375 0.009375 0.03046875
0 0.88203125 0.69296875 0.0125 0.0359375
0 0.9296875 0.69453125 0.01640625 0.02890625
0 0.309375 0.69453125 0.0109375 0.03984375
0 0.9453125 0.6953125 0.01171875 0.02734375
0 0.3578125 0.70078125 0.01171875 0.0375
0 0.3203125 0.70390625 0.00859375 0.03046875
0 0.94609375 0.70625 0.009375 0.025
0 0.328125 0.71171875 0.00859375 0.034375
0 0.4 0.71484375 0.01171875 0.02734375
0 0.99453125 0.72890625 0.0109375 0.0203125
0 0.15859375 0.0234375 0.00859375 0.02734375
0 0.94765625 0.73046875 0.01328125 0.02890625
0 0.97890625 0.73125 0.0171875 0.02734375
0 0.96796875 0.7390625 0.0109375 0.0203125
0 0.94921875 0.74140625 0.015625 0.02578125
0 0.9953125 0.74765625 0.009375 0.0296875
0 0.28125 0.76328125 0.01015625 0.0328125
0 0.3609375 0.77890625 0.0078125 0.02890625
0 0.97265625 0.80703125 0.01015625 0.021875
0 0.28515625 0.81796875 0.0125 0.03046875
0 0.3375 0.83125 0.0125 0.02890625
0 0.41171875 0.85703125 0.00859375 0.03046875
0 0.4015625 0.875 0.0078125 0.021875
0 0.3078125 0.9171875 0.01015625 0.02734375
0 0.3125 0.92578125 0.01640625 0.0328125
0 0.1765625 0.05625 0.00703125 0.025
0 0.171875 0.0640625 0.00703125 0.02578125
0 0.2109375 0.06953125 0.01015625 0.03203125