0 0.296875 0.7671875 0.02578125 0.109375
0 0.32109375 0.7640625 0.02734375 0.0890625
0 0.346875 0.5546875 0.02734375 0.078125
0 0.3375 0.53203125 0.03125 0.08984375
0 0.47421875 0.55234375 0.02421875 0.0578125
0 0.496875 0.5421875 0.025 0.046875
0 0.52421875 0.52734375 0.0265625 0.046875
0 0.5828125 0.653125 0.03046875 0.08359375
0 0.61171875 0.63515625 0.02734375 0.0921875
0 0.6390625 0.625 0.028125 0.08984375
0 0.5796875 0.5125 0.021875 0.040625
0 0.6171875 0.496875 0.02578125 0.028125
0 0.6390625 0.4875 0.021875 0.03203125
0 0.56796875 0.4109375 0.025 0.040625
0 0.5875 0.403125 0.01953125 0.04375
0 0.56015625 0.39765625 0.02265625 0.0703125
0 0.7671875 0.60859375 0.02734375 0.0578125
0 0.97890625 0.48203125 0.02421875 0.05625
0 0.2234375 0.47109375 0.028125 0.08671875
0 0.27109375 0.46796875 0.02421875 0.0765625
0 0.28984375 0.4703125 0.025 0.08359375
0 0.278125 0.34453125 0.03046875 0.090625
0 0.2453125 0.31484375 0.02578125 0.084375
0 0.43515625 0.31640625 0.02109375 0.071875
0 0.4546875 0.32421875 0.03359375 0.0734375
0 0.48046875 0.34140625 0.02890625 0.04921875
0 0.44375 0.2875 0.01484375 0.02578125
0 0.3359375 0.221875 0.02109375 0.0765625
0 0.303125 0.2234375 0.02265625 0.0765625
0 0.234375 0.21484375 0.025 0.0703125
0 0.19453125 0.2171875 0.025 0.0703125
0 0.3 0.0734375 0.025 0.0734375
0 0.28984375 0.06796875 0.01484375 0.06484375
0 0.32890625 0.05625 0.02265625 0.0734375
0 0.3578125 0.06015625 0.0140625 0.059375
0 0.37109375 0.0515625 0.01171875 0.06875
0 0.4 0.04296875 0.01796875 0.06484375
0 0.303125 0.03515625 0.01015625 0.040625
0 0.34921875 0.02890625 0.0171875 0.0578125
0 0.36171875 0.028125 0.0171875 0.05625
0 0.309375 0.03671875 0.01484375 0.065625
0 0.2921875 0.01875 0.0125 0.03359375
0 0.15 0.05 0.01953125 0.0640625
0 0.11484375 0.053125 0.025 0.0734375
0 0.0984375 0.0640625 0.01484375 0.0421875
0 0.12421875 0.24453125 0.0234375 0.07734375
0 0.09609375 0.22421875 0.02265625 0.06796875
0 0.06796875 0.36484375 0.021875 0.08359375
0 0.059375 0.11796875 0.01640625 0.0734375
0 0.0171875 0.36640625 0.03046875 0.06875
0 0.01484375 0.159375 0.02109375 0.0703125
0 0.00546875 0.13125 0.0109375 0.059375
0 0.66796875 0.3765625 0.02109375 0.02734375
0 0.6859375 0.365625 0.01953125 0.02890625
0 0.82265625 0.24453125 0.02265625 0.0421875
0 0.84296875 0.23828125 0.021875 0.03984375
0 0.8890625 0.221875 0.02265625 0.028125
0 0.90703125 0.21328125 0.01796875 0.02734375
0 0.71640625 0.3546875 0.01875 0.034375