0 0.12265625 0.25390625 0.01328125 0.0203125
0 0.03359375 0.2890625 0.0171875 0.01875
0 0.340625 0.14375 0.009375 0.0234375
0 0.33203125 0.16171875 0.00703125 0.0265625
0 0.35546875 0.125 0.00859375 0.0484375
0 0.36015625 0.10625 0.00625 0.015625
0 0.70234375 0.13515625 0.009375 0.028125
0 0.6859375 0.121875 0.01015625 0.02578125
0 0.8484375 0.2140625 0.01484375 0.0234375
0 0.8453125 0.228125 0.00703125 0.0140625
0 0.83125 0.14453125 0.0140625 0.02890625
0 0.9328125 0.215625 0.01484375 0.02421875
0 0.9390625 0.23828125 0.0140625 0.01484375
0 0.9703125 0.21015625 0.01171875 0.0203125