0 0.165625 0.01015625 0.01015625 0.0203125
0 0.26796875 0.1390625 0.009375 0.03828125
0 0.2640625 0.146875 0.009375 0.03828125
0 0.2546875 0.1546875 0.0109375 0.0359375
0 0.25078125 0.16796875 0.00859375 0.03984375
0 0.2078125 0.01953125 0.00859375 0.0359375
0 0.1984375 0.021875 0.0078125 0.0359375
0 0.353125 0.2984375 0.01171875 0.0421875
0 0.34765625 0.30859375 0.00859375 0.0375
0 0.1890625 0.0265625 0.00859375 0.03203125
0 0.36875 0.34609375 0.0078125 0.02734375
0 0.36328125 0.35390625 0.015625 0.03984375
0 0.359375 0.37265625 0.009375 0.02578125
0 0.40390625 0.4578125 0.0125 0.03984375
0 0.50390625 0.5125 0.01484375 0.04140625
0 0.45078125 0.61328125 0.01015625 0.03828125
0 0.42890625 0.62578125 0.00859375 0.03984375
0 0.60625 0.640625 0.0109375 0.0359375
0 0.4421875 0.6421875 0.00859375 0.03984375
0 0.4828125 0.64375 0.0125 0.03984375
0 0.596875 0.65625 0.009375 0.04375
0 0.44375 0.6609375 0.00859375 0.04375
0 0.61640625 0.67421875 0.01328125 0.03828125
0 0.58125 0.67890625 0.0109375 0.03828125
0 0.6578125 0.6828125 0.01328125 0.04140625
0 0.03203125 0.6859375 0.02109375 0.04375
0 0.65 0.6921875 0.01171875 0.03828125
0 0.02578125 0.696875 0.0203125 0.03984375
0 0.59453125 0.70390625 0.0125 0.03203125
0 0.63203125 0.7109375 0.0109375 0.05
0 0.5875 0.71796875 0.009375 0.0359375
0 0.06328125 0.73984375 0.021875 0.04921875
0 0.21875 0.0859375 0.0125 0.0421875
0 0.11328125 0.92734375 0.02421875 0.03515625
0 0.11328125 0.946875 0.025 0.0296875
0 0.1203125 0.97734375 0.021875 0.03515625
0 0.17890625 0.0078125 0.0125 0.015625
0 0.22890625 0.10859375 0.009375 0.03359375