0 0.90859375 0.91953125 0.021875 0.046875
0 0.9484375 0.51171875 0.0140625 0.04609375
0 0.87421875 0.334375 0.01484375 0.04375
0 0.76640625 0.184375 0.0109375 0.0359375
0 0.70390625 0.075 0.009375 0.03203125
0 0.625 0.24609375 0.00859375 0.03984375
0 0.69453125 0.259375 0.0109375 0.04296875
0 0.6859375 0.25234375 0.00703125 0.040625
0 0.53984375 0.55859375 0.015625 0.0515625
0 0.525 0.35234375 0.0078125 0.04140625
0 0.5375 0.1 0.00859375 0.034375
0 0.3765625 0.0921875 0.0109375 0.0359375
0 0.39375 0.18203125 0.009375 0.0390625
0 0.12734375 0.09375 0.0140625 0.021875
0 0.13515625 0.05546875 0.0078125 0.03515625
0 0.3578125 0.58828125 0.0125 0.046875
0 0.38203125 0.41484375 0.0109375 0.03984375
0 0.27890625 0.33515625 0.0109375 0.04296875
0 0.11171875 0.33359375 0.01328125 0.0359375
0 0.075 0.38984375 0.015625 0.04375