0 0.228125 0.85546875 0.028125 0.02890625
0 0.0234375 0.53671875 0.03671875 0.0390625
0 0.42734375 0.3390625 0.01484375 0.04453125
0 0.70390625 0.65078125 0.02578125 0.04140625
0 0.7140625 0.45625 0.02578125 0.0453125
0 0.74609375 0.4296875 0.02890625 0.04453125
0 0.41875 0.9875 0.03125 0.025
0 0.5875 0.6015625 0.01796875 0.04453125
0 0.79375 0.23359375 0.01328125 0.04609375
0 0.82734375 0.478125 0.0265625 0.0484375
0 0.86640625 0.36328125 0.0296875 0.04453125
0 0.82109375 0.1203125 0.01875 0.04296875
0 0.92109375 0.16171875 0.0203125 0.04140625
0 0.9328125 0.1671875 0.0234375 0.04765625
0 0.83671875 0.32265625 0.01953125 0.028125
0 0.853125 0.34140625 0.0171875 0.025
0 0.81171875 0.55703125 0.02578125 0.025