0 0.7796875 0.90546875 0.0375 0.09375
0 0.7546875 0.8703125 0.0421875 0.08671875
0 0.70390625 0.86640625 0.03671875 0.12109375
0 0.61953125 0.61796875 0.0296875 0.11015625
0 0.68203125 0.5515625 0.02734375 0.10859375
0 0.58671875 0.59765625 0.0265625 0.11015625
0 0.52265625 0.48359375 0.02890625 0.084375
0 0.48984375 0.63203125 0.03125 0.103125
0 0.43671875 0.56640625 0.03125 0.11796875
0 0.36015625 0.61640625 0.02734375 0.1
0 0.38203125 0.4203125 0.03125 0.11484375
0 0.3578125 0.39375 0.03046875 0.10625
0 0.4328125 0.28671875 0.028125 0.09296875
0 0.36953125 0.0796875 0.02734375 0.08515625
0 0.45078125 0.03359375 0.0203125 0.0671875
0 0.26328125 0.12734375 0.03046875 0.0953125
0 0.29765625 0.0390625 0.0234375 0.078125
0 0.2421875 0.10546875 0.02265625 0.1
0 0.2390625 0.32109375 0.02265625 0.08515625
0 0.22109375 0.3046875 0.01953125 0.0890625
0 0.1671875 0.26328125 0.04140625 0.10625
0 0.125 0.38359375 0.04140625 0.10859375
0 0.1828125 0.4515625 0.0359375 0.09453125
0 0.03671875 0.45625 0.03671875 0.096875
0 0.93359375 0.2375 0.03125 0.08203125
0 0.86640625 0.65703125 0.034375 0.0859375
0 0.90546875 0.71875 0.034375 0.08984375
0 0.9 0.83203125 0.0421875 0.11328125
0 0.93125 0.75390625 0.03984375 0.08984375
0 0.959375 0.9078125 0.03671875 0.096875
0 0.9203125 0.90859375 0.0390625 0.084375
0 0.0203125 0.78359375 0.040625 0.09140625
0 0.9875 0.19375 0.0234375 0.109375
0 0.9734375 0.02734375 0.02109375 0.0546875