0 0.271875 0.08515625 0.00703125 0.025
0 0.35859375 0.0109375 0.0078125 0.021875
0 0.38515625 0.0109375 0.0109375 0.021875
0 0.34765625 0.04765625 0.01015625 0.0234375
0 0.33203125 0.08515625 0.00703125 0.0203125
0 0.3359375 0.103125 0.00859375 0.0171875
0 0.3046875 0.14453125 0.0109375 0.028125
0 0.3015625 0.15234375 0.0078125 0.02265625
0 0.3453125 0.1625 0.0109375 0.0265625
0 0.346875 0.184375 0.01015625 0.021875
0 0.33515625 0.1828125 0.0125 0.0203125
0 0.33515625 0.19453125 0.0140625 0.01875
0 0.2875 0.19765625 0.01328125 0.0265625
0 0.26015625 0.1859375 0.0078125 0.01953125
0 0.4078125 0.16328125 0.00703125 0.021875
0 0.3671875 0.2265625 0.01171875 0.015625
0 0.3578125 0.23125 0.00703125 0.0203125
0 0.353125 0.25 0.01015625 0.01875
0 0.3546875 0.2796875 0.0140625 0.01640625
0 0.31328125 0.3203125 0.00859375 0.0171875
0 0.484375 0.278125 0.0109375 0.021875
0 0.98125 0.4796875 0.015625 0.0203125
0 0.9484375 0.51953125 0.0140625 0.01015625
0 0.91953125 0.4796875 0.015625 0.0265625
0 0.903125 0.4859375 0.015625 0.0171875
0 0.85625 0.440625 0.0140625 0.0140625
0 0.81640625 0.4671875 0.0109375 0.0203125
0 0.828125 0.4203125 0.015625 0.01953125
0 0.83359375 0.40078125 0.0140625 0.01953125
0 0.6875 0.3125 0.0078125 0.021875
0 0.7375 0.359375 0.0109375 0.0203125
0 0.72890625 0.41015625 0.0140625 0.0234375
0 0.7234375 0.425 0.01015625 0.0140625
0 0.740625 0.4453125 0.0109375 0.02265625
0 0.73359375 0.428125 0.01484375 0.0296875
0 0.74453125 0.42421875 0.0125 0.0234375
0 0.74765625 0.41171875 0.0125 0.0140625
0 0.74765625 0.396875 0.00859375 0.01640625
0 0.709375 0.38515625 0.0109375 0.0265625
0 0.69765625 0.359375 0.01171875 0.0171875
0 0.7078125 0.36484375 0.0078125 0.021875
0 0.6453125 0.3859375 0.00859375 0.01953125
0 0.671875 0.4296875 0.01171875 0.01328125
0 0.60390625 0.41484375 0.01015625 0.01953125
0 0.58359375 0.36015625 0.00625 0.0265625
0 0.55 0.3453125 0.0078125 0.0234375
0 0.55859375 0.32734375 0.0125 0.0171875
0 0.53125 0.29140625 0.00703125 0.025
0 0.4984375 0.30703125 0.01015625 0.021875
0 0.50546875 0.3515625 0.0078125 0.01953125
0 0.4515625 0.3984375 0.009375 0.01953125
0 0.425 0.39375 0.0109375 0.0234375
0 0.325 0.39296875 0.01015625 0.02265625
0 0.35078125 0.396875 0.0125 0.021875
0 0.134375 0.70625 0.0171875 0.01953125
0 0.265625 0.5203125 0.01796875 0.01953125
0 0.453125 0.9171875 0.01328125 0.02578125
0 0.24609375 0.69375 0.01171875 0.015625
0 0.5234375 0.70703125 0.01015625 0.021875
0 0.50703125 0.62421875 0.00859375 0.01875
0 0.49609375 0.6078125 0.01171875 0.015625
0 0.528125 0.51328125 0.00703125 0.02265625
0 0.4828125 0.465625 0.01015625 0.0171875
0 0.4359375 0.490625 0.009375 0.01875
0 0.50234375 0.46640625 0.0125 0.01640625
0 0.2921875 0.478125 0.01015625 0.0171875
0 0.31796875 0.46015625 0.01171875 0.01875
0 0.2734375 0.59375 0.01328125 0.025
0 0.26171875 0.59453125 0.01484375 0.01875
0 0.25 0.6015625 0.0171875 0.0171875
0 0.24296875 0.5953125 0.01484375 0.01953125
0 0.2515625 0.63046875 0.01484375 0.0171875
0 0.24296875 0.65 0.01328125 0.021875
0 0.23828125 0.61640625 0.01484375 0.01640625
0 0.22109375 0.61640625 0.0140625 0.01640625