0 0.29609375 0.334375 0.02578125 0.04453125
0 0.49140625 0.028125 0.0125 0.05625
0 0.51015625 0.0359375 0.0125 0.0484375
0 0.5609375 0.1765625 0.01875 0.05
0 0.625 0.31484375 0.01640625 0.05546875
0 0.80859375 0.32421875 0.02421875 0.05859375
0 0.81953125 0.33125 0.0234375 0.05546875
0 0.828125 0.3109375 0.02265625 0.04453125
0 0.37421875 0.5890625 0.01640625 0.02109375
0 0.37109375 0.61953125 0.01484375 0.03359375
0 0.39609375 0.68359375 0.01875 0.034375
0 0.375 0.64609375 0.0140625 0.02421875
0 0.3796875 0.57578125 0.01328125 0.025
0 0.40234375 0.6109375 0.01484375 0.0265625