0 0.240625 0.20390625 0.015625 0.02890625
0 0.25078125 0.18671875 0.0125 0.02578125
0 0.2375 0.16328125 0.0078125 0.01875
0 0.246875 0.16953125 0.01171875 0.01640625
0 0.2484375 0.159375 0.01171875 0.01484375
0 0.25703125 0.11015625 0.01171875 0.03359375
0 0.33046875 0.05625 0.0125 0.0390625
0 0.7671875 0.159375 0.01171875 0.0265625
0 0.78671875 0.1515625 0.01640625 0.03203125
0 0.76796875 0.05078125 0.0125 0.03359375
0 0.7703125 0.028125 0.0140625 0.0296875
0 0.35625 0.36953125 0.01328125 0.021875