0 0.48515625 0.68828125 0.02578125 0.05
0 0.52890625 0.69609375 0.028125 0.0515625
0 0.48046875 0.75234375 0.02265625 0.046875
0 0.5609375 0.78046875 0.02734375 0.05703125
0 0.6953125 0.07890625 0.04765625 0.06640625
0 0.41328125 0.84609375 0.0375 0.05
0 0.590625 0.87421875 0.0296875 0.06484375
0 0.56875 0.88515625 0.03046875 0.071875
0 0.2203125 0.109375 0.04453125 0.0625
0 0.1765625 0.115625 0.0296875 0.03671875
0 0.1921875 0.1265625 0.04765625 0.0734375
0 0.0984375 0.1609375 0.0609375 0.0625
0 0.42734375 0.203125 0.03125 0.065625
0 0.6890625 0.0203125 0.034375 0.040625
0 0.178125 0.40078125 0.0328125 0.02421875
0 0.34375 0.484375 0.034375 0.03984375
0 0.73125 0.4859375 0.0359375 0.0296875
0 0.37578125 0.503125 0.02421875 0.02265625
0 0.3046875 0.52578125 0.01953125 0.01796875
0 0.33984375 0.53515625 0.04296875 0.03984375
0 0.246875 0.55234375 0.05625 0.0328125
0 0.38046875 0.6390625 0.02890625 0.0296875
0 0.66875 0.653125 0.0328125 0.0484375