0 0.1578125 0.11328125 0.01484375 0.03203125
0 0.14921875 0.12421875 0.0171875 0.03515625
0 0.13515625 0.125 0.0125 0.03359375
0 0.13359375 0.1359375 0.01171875 0.03125
0 0.48828125 0.20390625 0.01015625 0.025
0 0.3875 0.21875 0.00703125 0.0296875
0 0.403125 0.23984375 0.01015625 0.0265625
0 0.47109375 0.328125 0.0109375 0.0296875
0 0.565625 0.440625 0.009375 0.0296875
0 0.21875 0.5140625 0.01484375 0.028125
0 0.3484375 0.528125 0.01015625 0.01953125
0 0.6375 0.6109375 0.01015625 0.025
0 0.43515625 0.79765625 0.00859375 0.025
0 0.96796875 0.9734375 0.01796875 0.028125