0 0.56875 0.73046875 0.01328125 0.0578125
0 0.8578125 0.446875 0.01640625 0.0390625
0 0.8265625 0.34609375 0.0109375 0.040625
0 0.7796875 0.2234375 0.01015625 0.034375
0 0.57265625 0.0859375 0.009375 0.03828125
0 0.546875 0.0921875 0.009375 0.03359375
0 0.4734375 0.15703125 0.0078125 0.03515625
0 0.49453125 0.27890625 0.00703125 0.05078125
0 0.48125 0.52421875 0.01171875 0.04765625
0 0.3609375 0.81953125 0.01640625 0.0484375
0 0.37734375 0.7109375 0.015625 0.0578125
0 0.34453125 0.54921875 0.01171875 0.05078125
0 0.33125 0.32109375 0.0140625 0.04140625
0 0.36640625 0.2015625 0.0109375 0.03828125
0 0.27890625 0.16171875 0.01015625 0.0390625
0 0.090625 0.7640625 0.01875 0.05703125
0 0.02890625 0.340625 0.0140625 0.04375
0 0.37109375 0.078125 0.009375 0.0375
0 0.77890625 0.103125 0.01171875 0.034375