0 0.54375 0.34375 0.01484375 0.02265625
0 0.90703125 0.384375 0.025 0.02265625
0 0.90703125 0.403125 0.021875 0.02109375
0 0.10859375 0.740625 0.01484375 0.02109375
0 0.85859375 0.7609375 0.015625 0.01953125
0 0.30625 0.7984375 0.01015625 0.0234375
0 0.21796875 0.8125 0.01640625 0.025
0 0.1171875 0.8171875 0.01171875 0.02265625
0 0.77734375 0.83828125 0.01953125 0.02265625
0 0.48046875 0.840625 0.015625 0.025
0 0.7453125 0.8671875 0.01328125 0.01953125
0 0.7203125 0.86875 0.015625 0.02265625
0 0.91796875 0.8703125 0.01953125 0.02265625
0 0.75859375 0.87734375 0.01484375 0.025
0 0.31796875 0.87890625 0.0109375 0.0296875
0 0.45703125 0.884375 0.01328125 0.01953125
0 0.74765625 0.89765625 0.01171875 0.02109375
0 0.24921875 0.90078125 0.0125 0.025
0 0.76953125 0.9265625 0.0125 0.02109375
0 0.78515625 0.93203125 0.015625 0.0265625