0 0.49921875 0.01484375 0.0078125 0.0296875
0 0.50078125 0.16640625 0.00625 0.03828125
0 0.46640625 0.1671875 0.00859375 0.034375
0 0.50625 0.16953125 0.00859375 0.034375
0 0.3390625 0.1984375 0.0078125 0.03203125
0 0.44765625 0.23828125 0.0078125 0.0328125
0 0.421875 0.2546875 0.009375 0.03828125
0 0.53359375 0.25546875 0.009375 0.021875
0 0.459375 0.259375 0.00703125 0.034375
0 0.43125 0.26953125 0.00859375 0.0390625
0 0.53046875 0.29296875 0.0109375 0.02265625
0 0.40546875 0.03515625 0.00546875 0.025
0 0.415625 0.03828125 0.00625 0.028125
0 0.50546875 0.0390625 0.0046875 0.021875
0 0.23203125 0.41875 0.01328125 0.040625
0 0.22109375 0.42890625 0.0125 0.03828125
0 0.32890625 0.0484375 0.00859375 0.03046875
0 0.4015625 0.05234375 0.00625 0.0265625
0 0.390625 0.05703125 0.00546875 0.025
0 0.421875 0.059375 0.0078125 0.0328125
0 0.52578125 0.63515625 0.0109375 0.0421875
0 0.1328125 0.69609375 0.02109375 0.03203125
0 0.3984375 0.07578125 0.00546875 0.028125
0 0.484375 0.07890625 0.00546875 0.028125
0 0.1609375 0.84765625 0.0171875 0.040625
0 0.121875 0.8578125 0.01875 0.04296875
0 0.475 0.9234375 0.01640625 0.03203125
0 0.46640625 0.95 0.01640625 0.03671875
0 0.0734375 0.96171875 0.02734375 0.040625
0 0.4828125 0.09765625 0.009375 0.025
0 0.07265625 0.978125 0.02265625 0.02890625
0 0.48046875 0.10234375 0.00859375 0.02421875
0 0.378125 0.10546875 0.00703125 0.028125
0 0.384375 0.10625 0.0078125 0.025
0 0.528125 0.121875 0.01015625 0.028125
0 0.29453125 0.125 0.00859375 0.034375