0 0.428125 0.9671875 0.02109375 0.03515625
0 0.371875 0.03984375 0.021875 0.03203125
0 0.52265625 0.03984375 0.01328125 0.0296875
0 0.5046875 0.046875 0.01328125 0.03203125
0 0.61640625 0.065625 0.01015625 0.02578125
0 0.50703125 0.08671875 0.0125 0.03671875
0 0.3890625 0.103125 0.0109375 0.03671875
0 0.40234375 0.11015625 0.01640625 0.02890625
0 0.496875 0.12265625 0.0125 0.03125
0 0.7015625 0.13515625 0.0203125 0.0265625
0 0.61953125 0.16015625 0.0140625 0.0328125
0 0.75703125 0.190625 0.01875 0.0328125
0 0.71640625 0.2203125 0.01484375 0.03359375
0 0.65 0.22578125 0.0140625 0.03203125
0 0.72578125 0.2265625 0.01484375 0.0265625
0 0.63671875 0.2328125 0.0140625 0.03125
0 0.85390625 0.28671875 0.01953125 0.0265625
0 0.79453125 0.296875 0.01953125 0.028125
0 0.778125 0.3109375 0.01484375 0.0296875
0 0.86875 0.34140625 0.02578125 0.0265625
0 0.8390625 0.37734375 0.02421875 0.03125
0 0.41796875 0.01015625 0.01484375 0.01953125
0 0.50859375 0.7171875 0.0203125 0.02890625
0 0.49609375 0.02421875 0.0109375 0.0296875
0 0.409375 0.95703125 0.01875 0.028125