0 0.1796875 0.9859375 0.03203125 0.02734375
0 0.9765625 0.2046875 0.01640625 0.03828125
0 0.95703125 0.24296875 0.0203125 0.0421875
0 0.396875 0.25078125 0.01328125 0.02734375
0 0.1546875 0.28125 0.01171875 0.040625
0 0.12265625 0.30078125 0.0203125 0.0421875
0 0.5703125 0.36484375 0.015625 0.03671875
0 0.43125 0.4546875 0.01640625 0.0453125
0 0.85 0.05546875 0.01015625 0.0328125
0 0.85546875 0.05859375 0.0078125 0.03125
0 0.05234375 0.72265625 0.0375 0.0546875
0 0.025 0.76796875 0.03828125 0.04765625
0 0.5703125 0.92890625 0.02734375 0.053125