0 0.0328125 0.9875 0.02109375 0.0140625
0 0.80546875 0.31640625 0.009375 0.01640625
0 0.54296875 0.38203125 0.0125 0.0234375
0 0.41015625 0.03984375 0.0078125 0.02578125
0 0.77265625 0.39375 0.0109375 0.01640625
0 0.84296875 0.42578125 0.01171875 0.0171875
0 0.75390625 0.4359375 0.01328125 0.0171875
0 0.42265625 0.4609375 0.00859375 0.0171875
0 0.0265625 0.47734375 0.02109375 0.021875
0 0.0578125 0.70390625 0.01328125 0.01640625
0 0.575 0.71640625 0.01328125 0.01796875
0 0.0359375 0.88359375 0.01953125 0.01171875
0 0.396875 0.88359375 0.01328125 0.02109375
0 0.35 0.903125 0.01484375 0.0203125
0 0.9671875 0.94453125 0.01796875 0.021875