0 0.88203125 0.56953125 0.03671875 0.09453125
0 0.93203125 0.56953125 0.03984375 0.08515625
0 0.9546875 0.59765625 0.03125 0.07890625
0 0.95703125 0.48046875 0.04140625 0.0859375
0 0.9421875 0.42734375 0.03203125 0.09375
0 0.91328125 0.446875 0.0375 0.09609375
0 0.83984375 0.47109375 0.03515625 0.09609375
0 0.8 0.415625 0.034375 0.1015625
0 0.9171875 0.2859375 0.03515625 0.08984375
0 0.94453125 0.2859375 0.034375 0.09140625
0 0.95625 0.33359375 0.03203125 0.0859375
0 0.96640625 0.246875 0.028125 0.09140625
0 0.47421875 0.0859375 0.021875 0.10078125
0 0.54140625 0.1234375 0.0265625 0.09921875
0 0.5265625 0.11171875 0.02265625 0.0796875
0 0.346875 0.19609375 0.034375 0.1015625
0 0.37265625 0.11875 0.02890625 0.1015625
0 0.34140625 0.0890625 0.02890625 0.0984375
0 0.071875 0.46875 0.03671875 0.090625
0 0.01953125 0.58125 0.0390625 0.09453125
0 0.0109375 0.68125 0.02109375 0.07578125
0 0.24609375 0.03359375 0.0265625 0.0671875
0 0.3296875 0.04140625 0.01953125 0.08203125
0 0.3140625 0.03203125 0.021875 0.0640625