0 0.875 0.16640625 0.0140625 0.0265625
0 0.7234375 0.22265625 0.01171875 0.0171875
0 0.309375 0.265625 0.01640625 0.0140625
0 0.84375 0.275 0.01328125 0.0171875
0 0.653125 0.2765625 0.0109375 0.01875
0 0.8390625 0.29375 0.01484375 0.01875
0 0.70390625 0.334375 0.01484375 0.0171875
0 0.996875 0.365625 0.00625 0.01875
0 0.99140625 0.3875 0.0171875 0.01875
0 0.98984375 0.4078125 0.01484375 0.01875
0 0.98984375 0.4796875 0.01484375 0.01953125
0 0.9921875 0.5140625 0.015625 0.025
0 0.98671875 0.54140625 0.01875 0.01953125
0 0.27421875 0.57578125 0.01796875 0.015625
0 0.409375 0.7234375 0.01484375 0.01875
0 0.27265625 0.73984375 0.0140625 0.01875
0 0.2765625 0.75390625 0.0140625 0.01953125
0 0.51328125 0.09296875 0.01015625 0.01875
0 0.19609375 0.10859375 0.01171875 0.0234375