0 0.90859375 0.97265625 0.03046875 0.040625
0 0.959375 0.97890625 0.04609375 0.0390625
0 0.35703125 0.41171875 0.01796875 0.04453125
0 0.97421875 0.45703125 0.028125 0.04609375
0 0.9875 0.46015625 0.0234375 0.04453125
0 0.9390625 0.4921875 0.03125 0.0390625
0 0.33125 0.5453125 0.02109375 0.040625
0 0.34375 0.55703125 0.0296875 0.04453125
0 0.25546875 0.5890625 0.02265625 0.05078125
0 0.29609375 0.6421875 0.0265625 0.0359375
0 0.89296875 0.76015625 0.03828125 0.0375
0 0.2875 0.89609375 0.03828125 0.02734375
0 0.9421875 0.925 0.0296875 0.0375
0 0.35234375 0.93203125 0.0265625 0.03828125
0 0.92890625 0.93515625 0.03125 0.03203125
0 0.89609375 0.93828125 0.0484375 0.03828125
0 0.959375 0.94453125 0.04296875 0.03515625