0 0.459375 0.15234375 0.0078125 0.0328125
0 0.46484375 0.15703125 0.00859375 0.02890625
0 0.478125 0.1578125 0.00859375 0.03046875
0 0.54375 0.23203125 0.00859375 0.0234375
0 0.48828125 0.30859375 0.009375 0.02734375
0 0.47421875 0.3171875 0.00859375 0.03671875
0 0.4796875 0.321875 0.00859375 0.03046875
0 0.5078125 0.003125 0.009375 0.00625
0 0.6765625 0.41953125 0.01171875 0.03984375
0 0.628125 0.425 0.01328125 0.01796875
0 0.59765625 0.01953125 0.0078125 0.02890625
0 0.4640625 0.021875 0.00625 0.03046875
0 0.4390625 0.65703125 0.01015625 0.0421875
0 0.63359375 0.6734375 0.0109375 0.02890625
0 0.62578125 0.68515625 0.01953125 0.02734375
0 0.4796875 0.04453125 0.0078125 0.03125
0 0.4859375 0.0453125 0.00703125 0.02734375
0 0.58046875 0.05 0.00859375 0.0203125
0 0.5875 0.05 0.00859375 0.01796875