0 0.31953125 0.24296875 0.015625 0.015625
0 0.34765625 0.31640625 0.028125 0.046875
0 0.36796875 0.4640625 0.021875 0.040625
0 0.29765625 0.553125 0.02734375 0.02890625
0 0.415625 0.5890625 0.02421875 0.0375
0 0.378125 0.6453125 0.02421875 0.040625
0 0.30078125 0.684375 0.025 0.03046875
0 0.33125 0.68515625 0.03203125 0.0375
0 0.2984375 0.7171875 0.0453125 0.03828125
0 0.271875 0.73125 0.0421875 0.03046875
0 0.3578125 0.7421875 0.02578125 0.034375
0 0.303125 0.74765625 0.02421875 0.02890625
0 0.33359375 0.75 0.02109375 0.03125
0 0.6125 0.7640625 0.02578125 0.04765625
0 0.2875 0.7734375 0.0375 0.02734375
0 0.34296875 0.78515625 0.03203125 0.03359375
0 0.375 0.7875 0.02890625 0.03984375
0 0.26640625 0.80390625 0.02890625 0.03203125
0 0.2984375 0.8078125 0.0203125 0.03359375
0 0.321875 0.81484375 0.02109375 0.04296875
0 0.35078125 0.82890625 0.03671875 0.034375
0 0.2859375 0.84453125 0.0234375 0.03203125
0 0.315625 0.846875 0.03203125 0.03125