0 0.66171875 0.20859375 0.00625 0.03203125
0 0.65 0.22578125 0.009375 0.03515625
0 0.6640625 0.2453125 0.00703125 0.03515625
0 0.67890625 0.2515625 0.00625 0.034375
0 0.66953125 0.25625 0.00625 0.0328125
0 0.67265625 0.28203125 0.0078125 0.03203125
0 0.5296875 0.0328125 0.00703125 0.0328125
0 0.51796875 0.45859375 0.01015625 0.034375
0 0.49375 0.46796875 0.00703125 0.0328125
0 0.4828125 0.475 0.0078125 0.028125
0 0.47734375 0.4796875 0.009375 0.0328125
0 0.503125 0.4984375 0.00859375 0.0328125
0 0.51328125 0.50859375 0.009375 0.0328125
0 0.54453125 0.52890625 0.009375 0.02890625
0 0.5328125 0.5296875 0.00859375 0.03671875
0 0.78984375 0.60390625 0.0125 0.03046875
0 0.38671875 0.61484375 0.009375 0.03203125
0 0.42890625 0.696875 0.009375 0.02265625
0 0.42265625 0.7171875 0.0109375 0.025
0 0.42265625 0.7390625 0.00546875 0.02890625
0 0.440625 0.7453125 0.01171875 0.025
0 0.425 0.7515625 0.0078125 0.02890625
0 0.4125 0.75390625 0.00703125 0.025
0 0.61953125 0.825 0.00859375 0.03046875
0 0.621875 0.85546875 0.0125 0.028125
0 0.08359375 0.87734375 0.0140625 0.02890625
0 0.5375 0.09453125 0.00625 0.034375
0 0.5421875 0.11640625 0.00703125 0.03046875