0 0.484375 0.60234375 0.01015625 0.0203125
0 0.7890625 0.4015625 0.01171875 0.01953125
0 0.8 0.40625 0.01640625 0.02734375
0 0.65078125 0.37890625 0.009375 0.028125
0 0.64453125 0.36953125 0.0109375 0.02890625
0 0.3515625 0.5765625 0.0109375 0.02109375
0 0.3171875 0.090625 0.01328125 0.02421875
0 0.30390625 0.2921875 0.015625 0.02421875
0 0.15234375 0.6015625 0.01640625 0.02265625
0 0.16875 0.57421875 0.01484375 0.01953125
0 0.16875 0.5578125 0.01640625 0.01875
0 0.15546875 0.56171875 0.01484375 0.01484375
0 0.00703125 0.775 0.01328125 0.01640625
0 0.25390625 0.08125 0.01015625 0.0328125