0 0.9015625 0.70859375 0.01875 0.0453125
0 0.94140625 0.571875 0.0171875 0.03203125
0 0.8984375 0.39296875 0.015625 0.03984375
0 0.85234375 0.23828125 0.0109375 0.03828125
0 0.753125 0.11796875 0.009375 0.034375
0 0.665625 0.19609375 0.0109375 0.0375
0 0.66875 0.18203125 0.0078125 0.03671875
0 0.6046875 0.18203125 0.0078125 0.03515625
0 0.52265625 0.26875 0.0078125 0.0375
0 0.5359375 0.053125 0.0078125 0.034375
0 0.49765625 0.8078125 0.0171875 0.05234375
0 0.3625 0.80859375 0.0140625 0.0546875
0 0.5359375 0.43515625 0.009375 0.04609375
0 0.11796875 0.30703125 0.0109375 0.040625
0 0.01796875 0.4625 0.015625 0.046875
0 0.3796875 0.459375 0.0125 0.0421875
0 0.38515625 0.31328125 0.009375 0.03984375
0 0.3 0.259375 0.009375 0.040625
0 0.4015625 0.14765625 0.00859375 0.0328125
0 0.16015625 0.05 0.0109375 0.03046875
0 0.16328125 0.0171875 0.0125 0.03359375
0 0.38984375 0.0546875 0.0078125 0.03671875