0 0.44140625 0.16640625 0.0109375 0.03515625
0 0.55 0.1734375 0.00625 0.0265625
0 0.4578125 0.1953125 0.01015625 0.03046875
0 0.65546875 0.20546875 0.0078125 0.03515625
0 0.446875 0.3125 0.00703125 0.040625
0 0.45625 0.03515625 0.00546875 0.02890625
0 0.46484375 0.0375 0.0046875 0.02421875
0 0.4609375 0.0390625 0.00546875 0.02265625
0 0.41640625 0.4828125 0.01015625 0.0390625
0 0.4546875 0.55859375 0.01015625 0.025
0 0.6125 0.07734375 0.00703125 0.025
0 0.3640625 0.98828125 0.0125 0.02265625
0 0.37421875 0.98984375 0.009375 0.0203125
0 0.4609375 0.10859375 0.00859375 0.03203125