0 0.26484375 0.11953125 0.00859375 0.034375
0 0.46796875 0.00390625 0.01015625 0.0078125
0 0.47734375 0.14921875 0.01484375 0.04375
0 0.47734375 0.1890625 0.0140625 0.01953125
0 0.4203125 0.20703125 0.0125 0.01875
0 0.40859375 0.20859375 0.0125 0.015625
0 0.2921875 0.2109375 0.0078125 0.02890625
0 0.409375 0.22578125 0.009375 0.01875
0 0.4828125 0.25625 0.0140625 0.034375
0 0.50234375 0.3171875 0.01015625 0.03984375
0 0.23203125 0.346875 0.01015625 0.03828125
0 0.43203125 0.015625 0.0078125 0.01953125
0 0.1796875 0.4078125 0.0203125 0.0359375
0 0.25078125 0.02421875 0.0125 0.0328125
0 0.4765625 0.0328125 0.0140625 0.02890625
0 0.57890625 0.63125 0.0078125 0.034375
0 0.40703125 0.659375 0.0125 0.0421875
0 0.403125 0.66796875 0.0125 0.03828125
0 0.346875 0.7828125 0.01328125 0.0375
0 0.5859375 0.88515625 0.01171875 0.04609375
0 0.52109375 0.996875 0.0171875 0.00625