0 0.1828125 0.98046875 0.02890625 0.02265625
0 0.1859375 0.99453125 0.015625 0.0109375
0 0.2078125 0.18125 0.01640625 0.03359375
0 0.096875 0.2015625 0.02265625 0.03046875
0 0.07734375 0.20390625 0.015625 0.02421875
0 0.18671875 0.21796875 0.01640625 0.03671875
0 0.13515625 0.2234375 0.01796875 0.028125
0 0.2015625 0.22578125 0.01640625 0.0375
0 0.89140625 0.2296875 0.015625 0.028125
0 0.140625 0.26171875 0.0171875 0.03359375
0 0.17734375 0.30546875 0.015625 0.03203125
0 0.115625 0.39140625 0.015625 0.03515625
0 0.9171875 0.45859375 0.0203125 0.03203125
0 0.184375 0.890625 0.01484375 0.01796875
0 0.153125 0.934375 0.02265625 0.021875
0 0.2015625 0.94140625 0.02265625 0.028125
0 0.10859375 0.95078125 0.03125 0.025