0 0.18203125 0.99296875 0.02734375 0.0140625
0 0.34140625 0.075 0.01328125 0.0265625
0 0.25078125 0.1140625 0.0140625 0.02734375
0 0.62890625 0.00546875 0.01796875 0.01015625
0 0.34296875 0.04375 0.01171875 0.01953125
0 0.37734375 0.759375 0.02734375 0.040625
0 0.109375 0.046875 0.0125 0.02421875
0 0.13984375 0.05390625 0.01953125 0.03828125
0 0.1671875 0.87734375 0.03671875 0.03671875
0 0.41875 0.88046875 0.02578125 0.06796875
0 0.2453125 0.9171875 0.025 0.0328125
0 0.1515625 0.9265625 0.02734375 0.02578125
0 0.15546875 0.9625 0.01640625 0.01953125
0 0.25625 0.96484375 0.0265625 0.03203125
0 0.15 0.978125 0.02265625 0.02421875
0 0.3859375 0.9796875 0.02265625 0.03984375