0 0.47578125 0.14921875 0.00625 0.02421875
0 0.63125 0.1828125 0.01015625 0.03046875
0 0.4609375 0.20078125 0.00703125 0.02890625
0 0.44609375 0.2515625 0.00625 0.028125
0 0.4390625 0.26171875 0.00703125 0.03046875
0 0.453125 0.0265625 0.00859375 0.03046875
0 0.49375 0.30390625 0.00859375 0.03203125
0 0.44765625 0.325 0.0125 0.0203125
0 0.44921875 0.33984375 0.00859375 0.02421875
0 0.5328125 0.0453125 0.00625 0.028125
0 0.575 0.05390625 0.00625 0.0265625
0 0.5828125 0.5859375 0.0109375 0.03515625
0 0.59140625 0.58984375 0.009375 0.03828125
0 0.6 0.59296875 0.0109375 0.025
0 0.57578125 0.59609375 0.0109375 0.034375
0 0.60390625 0.60546875 0.01171875 0.0328125
0 0.49375 0.621875 0.01171875 0.0203125
0 0.5984375 0.62578125 0.009375 0.028125
0 0.56953125 0.63046875 0.0078125 0.028125
0 0.5875 0.63125 0.0109375 0.0390625
0 0.49140625 0.63203125 0.0125 0.025
0 0.42578125 0.64453125 0.0125 0.03515625
0 0.58828125 0.68125 0.009375 0.03046875
0 0.47890625 0.68203125 0.0125 0.034375
0 0.70859375 0.90859375 0.0125 0.0453125
0 0.55859375 0.91015625 0.0125 0.02265625
0 0.53359375 0.925 0.01171875 0.0203125
0 0.546875 0.92890625 0.01484375 0.03046875
0 0.553125 0.9546875 0.01171875 0.021875
0 0.53828125 0.9578125 0.01015625 0.028125