0 0.8140625 0.92734375 0.03515625 0.04296875
0 0.4 0.46953125 0.015625 0.04765625
0 0.3984375 0.40625 0.01640625 0.04375
0 0.1921875 0.5796875 0.01484375 0.05703125
0 0.20546875 0.4578125 0.01953125 0.04921875
0 0.20390625 0.4890625 0.01640625 0.02890625
0 0.21484375 0.41953125 0.02421875 0.03828125
0 0.22578125 0.51171875 0.0203125 0.025
0 0.21796875 0.5359375 0.01640625 0.025
0 0.2265625 0.565625 0.03828125 0.025
0 0.2265625 0.59609375 0.02421875 0.0234375
0 0.225 0.62421875 0.01953125 0.0203125
0 0.29609375 0.49375 0.01484375 0.0375
0 0.278125 0.440625 0.0109375 0.0390625
0 0.28203125 0.4 0.01484375 0.03828125
0 0.2828125 0.4828125 0.01796875 0.04921875