0 0.87265625 0.971875 0.04296875 0.0546875
0 0.8984375 0.98828125 0.02265625 0.021875
0 0.8390625 0.95625 0.03046875 0.08515625
0 0.79609375 0.9515625 0.02109375 0.0609375
0 0.815625 0.934375 0.02890625 0.0859375
0 0.8703125 0.88828125 0.0328125 0.11015625
0 0.915625 0.91953125 0.04765625 0.084375
0 0.90625 0.84765625 0.03203125 0.0953125
0 0.97109375 0.88359375 0.040625 0.0953125
0 0.9875 0.9078125 0.0234375 0.0859375
0 0.9296875 0.74453125 0.0390625 0.09140625
0 0.6875 0.8859375 0.03203125 0.09609375
0 0.75859375 0.79609375 0.02734375 0.096875
0 0.7765625 0.828125 0.0328125 0.109375
0 0.7859375 0.70625 0.0359375 0.0953125
0 0.815625 0.66640625 0.03203125 0.1
0 0.8984375 0.61875 0.02890625 0.090625
0 0.89296875 0.5671875 0.03203125 0.08984375
0 0.77265625 0.59140625 0.02578125 0.08046875
0 0.7640625 0.53515625 0.02421875 0.08359375
0 0.7359375 0.51953125 0.03515625 0.0984375
0 0.98359375 0.28515625 0.03203125 0.0984375
0 0.625 0.93046875 0.03359375 0.11640625
0 0.57421875 0.71484375 0.0296875 0.121875
0 0.5375 0.61328125 0.02734375 0.10703125
0 0.415625 0.4015625 0.040625 0.096875
0 0.34765625 0.36171875 0.0265625 0.11015625
0 0.33515625 0.34453125 0.02734375 0.0796875
0 0.30234375 0.32421875 0.02890625 0.09609375
0 0.28203125 0.2734375 0.03203125 0.103125
0 0.32890625 0.165625 0.03046875 0.0859375
0 0.24296875 0.203125 0.02890625 0.08671875
0 0.20078125 0.10859375 0.03359375 0.10390625
0 0.14453125 0.190625 0.03984375 0.09140625
0 0.1328125 0.2625 0.03046875 0.09375
0 0.1515625 0.27578125 0.03828125 0.08046875
0 0.16171875 0.36796875 0.03671875 0.103125
0 0.14375 0.3390625 0.01796875 0.096875
0 0.053125 0.26953125 0.03984375 0.1015625
0 0.06796875 0.4609375 0.0484375 0.08203125
0 0.0703125 0.4953125 0.0359375 0.0890625
0 0.1203125 0.46328125 0.0359375 0.1015625
0 0.0859375 0.39375 0.02734375 0.09140625
0 0.09453125 0.3390625 0.04140625 0.0859375
0 0.0484375 0.16796875 0.03359375 0.1015625
0 0.33125 0.0453125 0.02265625 0.090625