0 0.53671875 0.75625 0.02421875 0.0359375
0 0.590625 0.7828125 0.01953125 0.03984375
0 0.27109375 0.8484375 0.03828125 0.04375
0 0.60859375 0.903125 0.0265625 0.05
0 0.90859375 0.94296875 0.04453125 0.0625
0 0.915625 0.16484375 0.03828125 0.04921875
0 0.07421875 0.16953125 0.04765625 0.0453125
0 0.5578125 0.1921875 0.0265625 0.04765625
0 0.8578125 0.2296875 0.040625 0.03984375
0 0.875 0.24765625 0.040625 0.040625
0 0.5015625 0.2484375 0.02421875 0.040625
0 0.1421875 0.25234375 0.0375 0.04375
0 0.92578125 0.25703125 0.0359375 0.04296875
0 0.646875 0.2640625 0.0375 0.03671875
0 0.41328125 0.26484375 0.03125 0.034375
0 0.88125 0.28671875 0.0375 0.04453125
0 0.4375 0.28671875 0.0359375 0.034375
0 0.47421875 0.30546875 0.02734375 0.04375
0 0.89609375 0.33671875 0.02734375 0.0375
0 0.428125 0.33828125 0.034375 0.03671875
0 0.2171875 0.3390625 0.03125 0.03671875
0 0.86640625 0.33984375 0.0421875 0.0328125
0 0.0953125 0.34453125 0.0359375 0.03828125
0 0.6234375 0.346875 0.0234375 0.03203125
0 0.5640625 0.35078125 0.03046875 0.0328125
0 0.9265625 0.35546875 0.03828125 0.03984375
0 0.11015625 0.37890625 0.01640625 0.0203125
0 0.625 0.3796875 0.03828125 0.04140625
0 0.2515625 0.38046875 0.0359375 0.03671875
0 0.8234375 0.38125 0.0296875 0.0296875
0 0.92421875 0.3828125 0.04375 0.028125
0 0.04921875 0.3859375 0.0515625 0.03984375
0 0.64609375 0.4125 0.034375 0.03359375
0 0.52421875 0.415625 0.01484375 0.025
0 0.446875 0.4171875 0.03203125 0.0421875
0 0.49765625 0.421875 0.02890625 0.0328125
0 0.82265625 0.42890625 0.0375 0.028125
0 0.94453125 0.4296875 0.0234375 0.028125
0 0.340625 0.434375 0.0328125 0.03671875
0 0.9140625 0.43515625 0.03984375 0.04296875
0 0.59609375 0.43828125 0.03359375 0.03046875
0 0.8625 0.44609375 0.0328125 0.0296875
0 0.16640625 0.446875 0.03671875 0.0328125
0 0.96171875 0.45 0.046875 0.0296875
0 0.2390625 0.4640625 0.03828125 0.03203125
0 0.709375 0.46484375 0.0359375 0.03359375
0 0.60234375 0.465625 0.028125 0.03046875
0 0.3703125 0.46953125 0.0296875 0.028125
0 0.16875 0.4796875 0.03984375 0.0375
0 0.878125 0.48359375 0.034375 0.0328125
0 0.95546875 0.484375 0.03984375 0.0296875
0 0.734375 0.496875 0.03125 0.0296875
0 0.903125 0.503125 0.0375 0.03359375
0 0.70625 0.5046875 0.03125 0.0421875
0 0.58125 0.50703125 0.0296875 0.0359375
0 0.96875 0.509375 0.025 0.025
0 0.83203125 0.51015625 0.0359375 0.0296875
0 0.63125 0.5125 0.02265625 0.03828125
0 0.1109375 0.51484375 0.0375 0.0359375
0 0.30234375 0.5171875 0.03203125 0.0296875
0 0.94375 0.52421875 0.04375 0.03125
0 0.67578125 0.52578125 0.025 0.025
0 0.34140625 0.52890625 0.0296875 0.0359375
0 0.7296875 0.5359375 0.0359375 0.02890625
0 0.9015625 0.53671875 0.03828125 0.03515625
0 0.98359375 0.53984375 0.03203125 0.03046875
0 0.615625 0.55234375 0.03203125 0.034375
0 0.6796875 0.553125 0.02421875 0.0328125
0 0.57109375 0.55703125 0.02265625 0.03359375
0 0.64296875 0.56484375 0.03125 0.03046875
0 0.72734375 0.56875 0.034375 0.0375
0 0.4171875 0.57109375 0.03046875 0.03828125
0 0.1515625 0.5796875 0.04375 0.0359375
0 0.9015625 0.58203125 0.0390625 0.03515625
0 0.69921875 0.584375 0.02578125 0.0359375
0 0.98984375 0.58671875 0.0203125 0.03515625
0 0.93125 0.58828125 0.04140625 0.0359375
0 0.96953125 0.58828125 0.0375 0.03125
0 0.6625 0.590625 0.02265625 0.02734375
0 0.74375 0.6 0.0296875 0.03125
0 0.1796875 0.6015625 0.0328125 0.0375
0 0.45 0.609375 0.03125 0.03671875
0 0.91015625 0.61171875 0.0375 0.03671875
0 0.66640625 0.61328125 0.02890625 0.03359375
0 0.56171875 0.615625 0.021875 0.0421875
0 0.8734375 0.62109375 0.0328125 0.02890625
0 0.9390625 0.62890625 0.03359375 0.0375
0 0.1890625 0.62890625 0.0328125 0.0359375
0 0.6625 0.63828125 0.028125 0.0296875
0 0.44609375 0.64140625 0.03125 0.03125
0 0.5453125 0.64609375 0.0265625 0.034375
0 0.91171875 0.646875 0.03828125 0.0375
0 0.86640625 0.65 0.03984375 0.03125
0 0.78671875 0.65234375 0.03203125 0.034375
0 0.01015625 0.6671875 0.0203125 0.015625
0 0.43828125 0.67421875 0.0296875 0.03984375
0 0.65703125 0.6765625 0.0328125 0.0328125
0 0.91015625 0.6890625 0.0375 0.0390625
0 0.18515625 0.696875 0.0328125 0.0328125
0 0.12578125 0.70703125 0.03828125 0.0328125
0 0.3046875 0.71875 0.0265625 0.03671875