0 0.734375 0.14921875 0.01015625 0.028125
0 0.30546875 0.171875 0.009375 0.03359375
0 0.3109375 0.18046875 0.00703125 0.02734375
0 0.5296875 0.26796875 0.0078125 0.0296875
0 0.51953125 0.27734375 0.01015625 0.02421875
0 0.6859375 0.28671875 0.0078125 0.03359375
0 0.63984375 0.3390625 0.009375 0.03125
0 0.27265625 0.3875 0.01015625 0.028125
0 0.57109375 0.409375 0.00859375 0.02578125
0 0.540625 0.428125 0.009375 0.028125
0 0.40703125 0.440625 0.009375 0.02734375
0 0.52109375 0.440625 0.0078125 0.02421875
0 0.525 0.45 0.0078125 0.0296875
0 0.29375 0.453125 0.01015625 0.03203125
0 0.5375 0.46328125 0.0078125 0.02578125
0 0.534375 0.48359375 0.0078125 0.0296875
0 0.5421875 0.48828125 0.0078125 0.02578125
0 0.3890625 0.49453125 0.00703125 0.021875
0 0.53515625 0.52265625 0.00703125 0.02734375
0 0.465625 0.525 0.0046875 0.02265625
0 0.4609375 0.528125 0.0078125 0.02421875
0 0.31796875 0.5359375 0.0078125 0.02578125
0 0.40625 0.5375 0.009375 0.02734375
0 0.459375 0.5421875 0.009375 0.02578125
0 0.45703125 0.56953125 0.01015625 0.02265625
0 0.36796875 0.5703125 0.009375 0.02421875
0 0.43359375 0.5984375 0.0109375 0.021875
0 0.2390625 0.03046875 0.00859375 0.02578125
0 0.20546875 0.85703125 0.009375 0.02421875
0 0.2171875 0.859375 0.0125 0.0203125
0 0.3078125 0.0859375 0.01171875 0.0296875