0 0.06796875 0.71796875 0.04453125 0.09296875
0 0.01484375 0.6515625 0.02890625 0.08984375
0 0.146875 0.43984375 0.02890625 0.090625
0 0.2328125 0.46796875 0.03671875 0.09609375
0 0.05703125 0.36796875 0.0375 0.10625
0 0.84375 0.60859375 0.03515625 0.10625
0 0.90546875 0.634375 0.03828125 0.11015625
0 0.94453125 0.7390625 0.03359375 0.09921875
0 0.97890625 0.74140625 0.0359375 0.1
0 0.95625 0.53828125 0.02890625 0.07109375
0 0.97734375 0.478125 0.03359375 0.08359375
0 0.9 0.36015625 0.0265625 0.078125
0 0.93515625 0.36640625 0.02734375 0.09453125
0 0.9671875 0.375 0.03671875 0.08671875
0 0.76796875 0.059375 0.02421875 0.103125
0 0.80703125 0.14453125 0.0265625 0.090625
0 0.828125 0.1421875 0.02265625 0.096875
0 0.84921875 0.13828125 0.02890625 0.09140625
0 0.346875 0.1515625 0.0328125 0.10625
0 0.3234375 0.1328125 0.03046875 0.10078125
0 0.3140625 0.1015625 0.0140625 0.075
0 0.31328125 0.0359375 0.02421875 0.07109375
0 0.20078125 0.08984375 0.02421875 0.08359375
0 0.1859375 0.1671875 0.03515625 0.0953125