0 0.26875 0.13359375 0.0203125 0.05390625
0 0.30078125 0.2078125 0.0125 0.0265625
0 0.5171875 0.2125 0.00859375 0.0234375
0 0.525 0.2421875 0.01015625 0.03125
0 0.4640625 0.25546875 0.015625 0.025
0 0.3515625 0.28515625 0.0171875 0.02734375
0 0.38515625 0.2890625 0.01484375 0.0234375
0 0.4859375 0.31171875 0.01328125 0.021875
0 0.46484375 0.31953125 0.01328125 0.021875
0 0.43671875 0.325 0.01484375 0.0265625
0 0.39140625 0.37265625 0.0125 0.015625
0 0.50625 0.37265625 0.01640625 0.0203125
0 0.4984375 0.40625 0.0125 0.0203125
0 0.421875 0.42109375 0.01484375 0.021875
0 0.428125 0.5140625 0.01328125 0.0234375
0 0.44296875 0.5265625 0.01328125 0.01796875
0 0.46953125 0.65390625 0.01484375 0.01875
0 0.509375 0.73125 0.01953125 0.02109375
0 0.2984375 0.0765625 0.0140625 0.03359375
0 0.5515625 0.76953125 0.0140625 0.025
0 0.39453125 0.07734375 0.0125 0.03828125
0 0.5515625 0.85859375 0.01484375 0.03515625