0 0.02109375 0.703125 0.0421875 0.11015625
0 0.0796875 0.5296875 0.0390625 0.10625
0 0.034375 0.51953125 0.03046875 0.10703125
0 0.02421875 0.490625 0.03984375 0.10078125
0 0.2796875 0.12734375 0.034375 0.1078125
0 0.515625 0.04296875 0.03046875 0.08515625
0 0.496875 0.025 0.021875 0.05
0 0.47734375 0.02109375 0.02421875 0.0421875
0 0.47265625 0.0125 0.0203125 0.025
0 0.990625 0.05 0.01875 0.1
0 0.96015625 0.06015625 0.01796875 0.08515625
0 0.97421875 0.04140625 0.028125 0.08203125
0 0.86171875 0.0875 0.0296875 0.103125
0 0.7265625 0.1203125 0.0359375 0.09453125
0 0.77265625 0.78984375 0.03515625 0.12578125