0 0.3109375 0.02890625 0.0234375 0.05703125
0 0.36640625 0.05703125 0.01640625 0.0546875
0 0.3546875 0.0578125 0.02578125 0.09921875
0 0.34921875 0.01171875 0.0171875 0.02265625
0 0.36328125 0.0140625 0.02421875 0.028125
0 0.37421875 0.02109375 0.028125 0.04140625
0 0.3734375 0.0703125 0.0265625 0.0953125
0 0.3875 0.09296875 0.0234375 0.08359375
0 0.40546875 0.103125 0.0265625 0.05703125
0 0.39375 0.159375 0.0265625 0.10546875
0 0.4171875 0.17109375 0.0265625 0.08671875
0 0.42734375 0.240625 0.03671875 0.11171875
0 0.4328125 0.271875 0.03828125 0.128125
0 0.44609375 0.303125 0.03515625 0.1078125
0 0.4546875 0.328125 0.034375 0.103125
0 0.47890625 0.38046875 0.028125 0.12109375
0 0.50703125 0.5203125 0.03046875 0.1015625
0 0.5109375 0.4671875 0.040625 0.07421875
0 0.528125 0.578125 0.03203125 0.10625
0 0.55625 0.6 0.0375 0.11328125
0 0.51484375 0.71015625 0.03046875 0.115625
0 0.57265625 0.653125 0.040625 0.11015625
0 0.571875 0.7 0.0359375 0.09296875
0 0.5765625 0.7546875 0.0375 0.0953125
0 0.60859375 0.7859375 0.02734375 0.10625
0 0.58828125 0.80859375 0.02734375 0.075
0 0.559375 0.87109375 0.04296875 0.0859375
0 0.58828125 0.85390625 0.03515625 0.08984375
0 0.5546875 0.9203125 0.040625 0.08125
0 0.52421875 0.95078125 0.0390625 0.0984375
0 0.496875 0.9609375 0.0296875 0.0671875
0 0.50234375 0.98828125 0.0265625 0.0234375