0 0.75078125 0.13203125 0.00625 0.03046875
0 0.76015625 0.13203125 0.00703125 0.03046875
0 0.7484375 0.14375 0.00703125 0.02734375
0 0.73046875 0.178125 0.00703125 0.02890625
0 0.75625 0.178125 0.0078125 0.0265625
0 0.75 0.18125 0.00625 0.02890625
0 0.73671875 0.190625 0.00625 0.0265625
0 0.74296875 0.190625 0.0078125 0.0328125
0 0.75859375 0.203125 0.0078125 0.025
0 0.746875 0.21484375 0.00859375 0.02265625
0 0.74140625 0.215625 0.0078125 0.025
0 0.73203125 0.22265625 0.0078125 0.025
0 0.725 0.2390625 0.00625 0.02890625
0 0.7671875 0.246875 0.0078125 0.0265625
0 0.74765625 0.246875 0.0078125 0.0234375
0 0.759375 0.24765625 0.00703125 0.025
0 0.73046875 0.2515625 0.00703125 0.025
0 0.725 0.25234375 0.00859375 0.0234375
0 0.72265625 0.28359375 0.0078125 0.0265625
0 0.7390625 0.28515625 0.00703125 0.025
0 0.74609375 0.28671875 0.00859375 0.02734375
0 0.75 0.31328125 0.00859375 0.0265625
0 0.75859375 0.31640625 0.0078125 0.02890625
0 0.7296875 0.3234375 0.0078125 0.025
0 0.7390625 0.33359375 0.00859375 0.02890625
0 0.7625 0.33359375 0.009375 0.02109375
0 0.7421875 0.33828125 0.0078125 0.02734375
0 0.73046875 0.34765625 0.00859375 0.0265625
0 0.36328125 0.37890625 0.00625 0.0265625
0 0.7609375 0.384375 0.01015625 0.02890625
0 0.7234375 0.3953125 0.009375 0.03046875
0 0.715625 0.41328125 0.00625 0.02890625
0 0.35390625 0.41875 0.00703125 0.02890625
0 0.72109375 0.428125 0.0078125 0.02890625
0 0.3484375 0.43203125 0.0078125 0.03125
0 0.7390625 0.44453125 0.0078125 0.0234375
0 0.7171875 0.4515625 0.01171875 0.0265625
0 0.2984375 0.453125 0.009375 0.03046875
0 0.74296875 0.45625 0.00859375 0.02265625
0 0.69453125 0.4578125 0.00625 0.0265625
0 0.35390625 0.4625 0.00703125 0.03046875
0 0.36953125 0.465625 0.00703125 0.0234375
0 0.678125 0.46953125 0.0078125 0.01953125
0 0.20703125 0.46953125 0.01171875 0.0234375
0 0.1625 0.471875 0.01171875 0.025
0 0.27109375 0.47578125 0.00546875 0.01953125
0 0.36015625 0.47890625 0.00546875 0.0234375
0 0.7140625 0.48984375 0.00859375 0.0265625
0 0.359375 0.49140625 0.0046875 0.01953125
0 0.2640625 0.49140625 0.00859375 0.025
0 0.2375 0.49375 0.01015625 0.025
0 0.33515625 0.4984375 0.00625 0.0265625
0 0.6578125 0.50234375 0.009375 0.02734375
0 0.11015625 0.50625 0.0125 0.0234375
0 0.32890625 0.515625 0.00625 0.0234375
0 0.70078125 0.51875 0.0078125 0.02890625
0 0.72890625 0.51875 0.00859375 0.025
0 0.70703125 0.51953125 0.00859375 0.02890625
0 0.6421875 0.53984375 0.009375 0.02265625
0 0.3453125 0.540625 0.0078125 0.0234375
0 0.0515625 0.55078125 0.01328125 0.02265625
0 0.64453125 0.56015625 0.0078125 0.0234375
0 0.05078125 0.56796875 0.0140625 0.02734375
0 0.63515625 0.578125 0.00625 0.025
0 0.6390625 0.60234375 0.00703125 0.0234375
0 0.65546875 0.62890625 0.009375 0.0265625
0 0.640625 0.634375 0.00625 0.025
0 0.6453125 0.65 0.00703125 0.0171875
0 0.75078125 0.0390625 0.0078125 0.0265625
0 0.64375 0.6625 0.00703125 0.02109375
0 0.68671875 0.66796875 0.009375 0.0234375
0 0.6828125 0.67265625 0.0125 0.025
0 0.67421875 0.74765625 0.01015625 0.02109375
0 0.74765625 0.75234375 0.01328125 0.0265625
0 0.69140625 0.76484375 0.01328125 0.0234375
0 0.6984375 0.76484375 0.009375 0.0234375
0 0.7171875 0.78046875 0.01015625 0.02265625
0 0.809375 0.80078125 0.00625 0.02109375
0 0.728125 0.8046875 0.0140625 0.02109375
0 0.79921875 0.81484375 0.01171875 0.01328125
0 0.78046875 0.81484375 0.01328125 0.01875
0 0.83046875 0.81640625 0.015625 0.01875
0 0.7796875 0.82421875 0.0140625 0.02109375
0 0.86640625 0.8265625 0.01796875 0.015625
0 0.88203125 0.8390625 0.01171875 0.0171875
0 0.865625 0.85 0.0171875 0.01953125
0 0.8859375 0.87109375 0.01328125 0.015625
0 0.74609375 0.06171875 0.00859375 0.0265625
0 0.99140625 0.87734375 0.0140625 0.0171875
0 0.7546875 0.06328125 0.0078125 0.025
0 0.74609375 0.071875 0.00859375 0.03046875
0 0.75390625 0.08125 0.0078125 0.0265625
0 0.746875 0.084375 0.00859375 0.0265625