0 0.9875 0.9578125 0.02421875 0.08359375
0 0.99453125 0.85390625 0.0109375 0.0953125
0 0.95859375 0.8140625 0.03984375 0.11484375
0 0.9265625 0.84296875 0.0296875 0.0671875
0 0.83828125 0.9203125 0.03671875 0.096875
0 0.8828125 0.953125 0.0390625 0.09296875
0 0.759375 0.9515625 0.04140625 0.096875
0 0.8234375 0.69375 0.03125 0.1
0 0.85703125 0.61875 0.034375 0.10078125
0 0.9703125 0.65390625 0.0328125 0.10078125
0 0.93984375 0.61953125 0.03671875 0.09375
0 0.8328125 0.3625 0.02890625 0.1
0 0.87109375 0.36640625 0.02734375 0.09765625
0 0.8953125 0.3671875 0.03203125 0.1015625
0 0.71875 0.3078125 0.0265625 0.10234375
0 0.584375 0.78671875 0.03125 0.09765625
0 0.46484375 0.77734375 0.0328125 0.10234375
0 0.46796875 0.6109375 0.0296875 0.1234375
0 0.26171875 0.54453125 0.03828125 0.1171875
0 0.25859375 0.4359375 0.02421875 0.08828125
0 0.328125 0.23203125 0.02578125 0.09921875
0 0.2171875 0.23203125 0.03125 0.1046875
0 0.22890625 0.16953125 0.0359375 0.1015625
0 0.184375 0.16953125 0.0296875 0.090625
0 0.1484375 0.28984375 0.02265625 0.096875
0 0.16640625 0.31640625 0.04140625 0.10859375
0 0.05234375 0.2421875 0.034375 0.0921875
0 0.0296875 0.77890625 0.04375 0.07109375
0 0.6125 0.04140625 0.034375 0.0828125