0 0.03515625 0.00390625 0.0453125 0.0078125
0 0.03046875 0.109375 0.05390625 0.0359375
0 0.0109375 0.234375 0.02109375 0.0359375
0 0.0828125 0.46328125 0.0515625 0.04453125
0 0.15859375 0.625 0.04296875 0.0421875
0 0.20859375 0.55625 0.03984375 0.0421875
0 0.24296875 0.45703125 0.04453125 0.0359375
0 0.18828125 0.3125 0.0453125 0.03671875
0 0.28515625 0.334375 0.04140625 0.03984375
0 0.30234375 0.2734375 0.03828125 0.0390625
0 0.28203125 0.0296875 0.03359375 0.05546875
0 0.41796875 0.01328125 0.0359375 0.0265625
0 0.3671875 0.5421875 0.04765625 0.046875
0 0.35 0.6421875 0.03671875 0.0375
0 0.39140625 0.7625 0.04375 0.04453125
0 0.25234375 0.82421875 0.0421875 0.0421875
0 0.0390625 0.9171875 0.065625 0.06015625
0 0.165625 0.95546875 0.04765625 0.05703125
0 0.3390625 0.8515625 0.03671875 0.05390625
0 0.37421875 0.92265625 0.03984375 0.05859375
0 0.496875 0.871875 0.03828125 0.046875
0 0.6203125 0.81328125 0.03515625 0.05
0 0.62265625 0.96953125 0.04140625 0.04765625
0 0.76171875 0.88671875 0.04765625 0.053125
0 0.85859375 0.984375 0.03671875 0.03046875
0 0.9671875 0.9734375 0.04296875 0.053125
0 0.96796875 0.8625 0.06328125 0.04140625
0 0.7765625 0.74765625 0.0390625 0.0375
0 0.69140625 0.696875 0.04140625 0.03671875
0 0.921875 0.73046875 0.0578125 0.04296875
0 0.97734375 0.69140625 0.04453125 0.04609375
0 0.8296875 0.6015625 0.03828125 0.05234375
0 0.8734375 0.46484375 0.0515625 0.04296875
0 0.678125 0.5859375 0.04453125 0.0375
0 0.5359375 0.63125 0.03984375 0.03984375
0 0.57578125 0.6046875 0.0375 0.03828125
0 0.54296875 0.5359375 0.03671875 0.04140625
0 0.434375 0.475 0.0375 0.0328125
0 0.421875 0.35703125 0.04140625 0.04140625
0 0.421875 0.2421875 0.0390625 0.053125
0 0.33046875 0.1390625 0.040625 0.05234375
0 0.55 0.32734375 0.0359375 0.04375
0 0.61015625 0.25 0.03984375 0.04140625
0 0.659375 0.1296875 0.03515625 0.05078125
0 0.63046875 0.340625 0.04140625 0.040625
0 0.67265625 0.459375 0.03984375 0.03515625
0 0.80546875 0.4203125 0.0484375 0.0328125
0 0.81328125 0.375 0.0609375 0.03203125
0 0.84609375 0.27109375 0.0453125 0.046875
0 0.7734375 0.1609375 0.03984375 0.04765625
0 0.8609375 0.0671875 0.04765625 0.04921875
0 0.934375 0.1265625 0.0546875 0.0375
0 0.0296875 0.72578125 0.05859375 0.046875
0 0.05859375 0.81953125 0.05546875 0.05234375
0 0.50625 0.425 0.04453125 0.03828125
0 0.15 0.15234375 0.0421875 0.05390625