0 0.23515625 0.11328125 0.00546875 0.025
0 0.853125 0.12109375 0.0078125 0.02734375
0 0.26328125 0.12578125 0.00546875 0.0234375
0 0.26171875 0.00859375 0.00625 0.0171875
0 0.2796875 0.00859375 0.00546875 0.0171875
0 0.828125 0.2453125 0.00859375 0.025
0 0.83515625 0.246875 0.00625 0.0296875
0 0.64921875 0.2875 0.00546875 0.0234375
0 0.65234375 0.3046875 0.00546875 0.0234375
0 0.2890625 0.01328125 0.00546875 0.021875
0 0.64609375 0.3078125 0.00546875 0.02734375
0 0.2859375 0.01484375 0.0046875 0.0171875
0 0.67265625 0.36328125 0.00546875 0.025
0 0.25625 0.0234375 0.00703125 0.0234375
0 0.26640625 0.0296875 0.00546875 0.02109375
0 0.69765625 0.465625 0.009375 0.021875
0 0.6984375 0.4734375 0.00859375 0.021875
0 0.28359375 0.0328125 0.00546875 0.021875
0 0.70234375 0.57578125 0.00703125 0.025
0 0.278125 0.040625 0.00546875 0.021875
0 0.69375 0.5765625 0.0078125 0.0234375
0 0.25078125 0.0453125 0.00859375 0.028125
0 0.73359375 0.68515625 0.01171875 0.0234375
0 0.66640625 0.07578125 0.00703125 0.025
0 0.2453125 0.0765625 0.00859375 0.01796875