0 0.88984375 0.26796875 0.01171875 0.01953125
0 0.475 0.35625 0.0046875 0.0140625
0 0.4703125 0.38203125 0.00625 0.01015625
0 0.04140625 0.3875 0.01171875 0.0125
0 0.4890625 0.38828125 0.00703125 0.01640625
0 0.8125 0.48671875 0.0078125 0.015625
0 0.63515625 0.49140625 0.00703125 0.0140625
0 0.5265625 0.50546875 0.00546875 0.01953125
0 0.646875 0.525 0.00859375 0.0140625
0 0.66015625 0.546875 0.00625 0.0125
0 0.15234375 0.7046875 0.009375 0.0125
0 0.140625 0.796875 0.0125 0.015625
0 0.09453125 0.80859375 0.01171875 0.0109375
0 0.1 0.81875 0.01171875 0.0109375
0 0.065625 0.85234375 0.01875 0.0125
0 0.3296875 0.93671875 0.00625 0.0125
0 0.33359375 0.94296875 0.0078125 0.0140625
0 0.4078125 0.97890625 0.00859375 0.0109375
0 0.12890625 0.98828125 0.015625 0.02109375