0 0.315625 0.10078125 0.0140625 0.03515625
0 0.3609375 0.10390625 0.01171875 0.03203125
0 0.3671875 0.10703125 0.0109375 0.03046875
0 0.33125 0.1234375 0.01484375 0.0265625
0 0.31640625 0.13359375 0.015625 0.03203125
0 0.3 0.13515625 0.01328125 0.03203125
0 0.2375 0.13828125 0.01171875 0.02890625
0 0.25078125 0.140625 0.0171875 0.0296875
0 0.28046875 0.14453125 0.015625 0.0265625
0 0.31328125 0.15078125 0.015625 0.03203125
0 0.22734375 0.159375 0.015625 0.03125
0 0.28125 0.16796875 0.01640625 0.02734375
0 0.61796875 0.2359375 0.01328125 0.02890625
0 0.63671875 0.23828125 0.01328125 0.0265625
0 0.31171875 0.2453125 0.01640625 0.02734375
0 0.61953125 0.24921875 0.01484375 0.025
0 0.3125 0.26796875 0.0125 0.02890625
0 0.41328125 0.2703125 0.0125 0.03125
0 0.31328125 0.27734375 0.015625 0.02265625
0 0.7234375 0.03203125 0.0125 0.0359375
0 0.38046875 0.36640625 0.01328125 0.01796875
0 0.51640625 0.3671875 0.0140625 0.0203125
0 0.67890625 0.37890625 0.0140625 0.02578125
0 0.5234375 0.4578125 0.0109375 0.0296875
0 0.34375 0.046875 0.01015625 0.03359375
0 0.75078125 0.50703125 0.01953125 0.02109375
0 0.82421875 0.5640625 0.01953125 0.01796875
0 0.6390625 0.57109375 0.0140625 0.021875
0 0.31953125 0.05859375 0.0125 0.03359375
0 0.81484375 0.63671875 0.01484375 0.01640625
0 0.38828125 0.0640625 0.01015625 0.0203125
0 0.66640625 0.64609375 0.01640625 0.02578125
0 0.54765625 0.753125 0.0171875 0.0203125
0 0.90625 0.790625 0.021875 0.02265625
0 0.67265625 0.79609375 0.0203125 0.025
0 0.71875 0.8140625 0.01796875 0.01796875
0 0.7703125 0.82109375 0.01796875 0.0171875
0 0.140625 0.8375 0.0265625 0.021875
0 0.6921875 0.8609375 0.015625 0.025
0 0.925 0.93203125 0.03359375 0.0234375
0 0.325 0.09375 0.01328125 0.03125