0 0.4015625 0.15625 0.00859375 0.01875
0 0.1390625 0.2078125 0.01171875 0.01796875
0 0.71796875 0.24609375 0.01328125 0.015625
0 0.95390625 0.25234375 0.0109375 0.02109375
0 0.50078125 0.31875 0.0078125 0.0140625
0 0.53125 0.3203125 0.009375 0.0140625
0 0.50859375 0.3515625 0.0078125 0.0171875
0 0.53984375 0.35390625 0.0078125 0.01796875
0 0.49140625 0.38671875 0.01015625 0.0171875
0 0.40390625 0.4015625 0.0109375 0.01484375
0 0.46484375 0.43125 0.0109375 0.021875
0 0.234375 0.71015625 0.01328125 0.01015625
0 0.9453125 0.77265625 0.01796875 0.01171875
0 0.96796875 0.80625 0.021875 0.01171875
0 0.94453125 0.821875 0.0203125 0.0109375