0 0.37421875 0.24140625 0.0125 0.01640625
0 0.45625 0.96796875 0.01171875 0.0234375
0 0.48125 0.8484375 0.01015625 0.01796875
0 0.52734375 0.95078125 0.00859375 0.01640625
0 0.4578125 0.6171875 0.009375 0.015625
0 0.5125 0.6296875 0.0109375 0.01171875
0 0.51640625 0.575 0.009375 0.01796875
0 0.54609375 0.60859375 0.0140625 0.01171875
0 0.55703125 0.625 0.009375 0.0125
0 0.6078125 0.696875 0.01171875 0.015625
0 0.571875 0.58671875 0.01015625 0.015625
0 0.60078125 0.3296875 0.0109375 0.01875
0 0.5609375 0.48984375 0.01171875 0.01640625
0 0.503125 0.45546875 0.01171875 0.021875
0 0.6078125 0.40625 0.00859375 0.02578125
0 0.59140625 0.5109375 0.009375 0.0203125
0 0.76875 0.57890625 0.0125 0.01796875
0 0.7875 0.565625 0.01875 0.02109375
0 0.846875 0.5796875 0.01953125 0.01796875
0 0.86640625 0.27109375 0.0125 0.0203125
0 0.7703125 0.40625 0.0125 0.01796875
0 0.71640625 0.4015625 0.01171875 0.02109375
0 0.640625 0.6625 0.009375 0.015625