0 0.075 0.19140625 0.0140625 0.03671875
0 0.07421875 0.203125 0.01171875 0.03671875
0 0.66015625 0.34375 0.009375 0.03828125
0 0.61953125 0.35390625 0.0109375 0.03984375
0 0.6171875 0.375 0.00859375 0.0359375
0 0.58671875 0.3984375 0.0125 0.03828125
0 0.4796875 0.48046875 0.0109375 0.03671875
0 0.41953125 0.4859375 0.01484375 0.04140625
0 0.61171875 0.5140625 0.0109375 0.03828125
0 0.4234375 0.53046875 0.0109375 0.03984375
0 0.4234375 0.571875 0.0109375 0.03984375
0 0.56953125 0.58671875 0.01015625 0.0453125
0 0.5171875 0.6484375 0.01015625 0.0421875
0 0.484375 0.65703125 0.009375 0.03984375
0 0.5046875 0.65703125 0.0125 0.03984375
0 0.765625 0.89140625 0.0140625 0.02890625
0 0.603125 0.975 0.0171875 0.03984375