0 0.18125 0.31015625 0.0109375 0.02109375
0 0.37265625 0.3828125 0.01015625 0.02265625
0 0.3671875 0.37421875 0.00703125 0.02265625
0 0.38359375 0.0265625 0.00703125 0.02734375
0 0.39375 0.025 0.009375 0.03046875
0 0.49296875 0.034375 0.0078125 0.0265625
0 0.54140625 0.0625 0.00546875 0.025
0 0.55703125 0.06640625 0.00703125 0.021875
0 0.55390625 0.084375 0.00703125 0.02265625
0 0.5890625 0.07890625 0.00546875 0.02734375
0 0.53671875 0.09921875 0.00703125 0.0234375
0 0.5375 0.16484375 0.009375 0.0265625
0 0.48046875 0.12421875 0.0078125 0.02578125
0 0.5125 0.21328125 0.00703125 0.02109375
0 0.56875 0.22890625 0.009375 0.02265625
0 0.46953125 0.31171875 0.00625 0.01796875
0 0.37109375 0.3375 0.0109375 0.0234375
0 0.44140625 0.4328125 0.0078125 0.01640625
0 0.33203125 0.36640625 0.0125 0.0265625
0 0.6125 0.77265625 0.01328125 0.021875
0 0.56875 0.82890625 0.0109375 0.0171875
0 0.7484375 0.63828125 0.01484375 0.01640625
0 0.753125 0.66875 0.01328125 0.015625
0 0.75859375 0.65390625 0.0140625 0.01171875
0 0.8390625 0.23984375 0.01328125 0.0234375
0 0.596875 0.16171875 0.0109375 0.02109375
0 0.59140625 0.1765625 0.0078125 0.0203125