0 0.79921875 0.01015625 0.0109375 0.01953125
0 0.478125 0.13515625 0.00703125 0.01953125
0 0.471875 0.1421875 0.00703125 0.025
0 0.8515625 0.01171875 0.00703125 0.0234375
0 0.29296875 0.321875 0.00859375 0.0265625
0 0.315625 0.32890625 0.009375 0.03046875
0 0.3015625 0.3296875 0.0109375 0.02890625
0 0.41875 0.340625 0.00703125 0.034375
0 0.44140625 0.36953125 0.00703125 0.034375
0 0.43828125 0.375 0.0078125 0.03203125
0 0.40625 0.38671875 0.00625 0.034375
0 0.30703125 0.39375 0.0078125 0.02734375
0 0.31953125 0.39453125 0.00703125 0.03203125
0 0.3140625 0.396875 0.009375 0.03203125
0 0.45234375 0.40859375 0.00703125 0.02890625
0 0.490625 0.4234375 0.00703125 0.03203125
0 0.4171875 0.45078125 0.00703125 0.02734375
0 0.84375 0.0375 0.009375 0.03046875
0 0.4890625 0.50859375 0.0078125 0.02734375
0 0.41171875 0.52109375 0.00859375 0.02890625
0 0.4390625 0.5375 0.0078125 0.02734375
0 0.47421875 0.58203125 0.00703125 0.0234375
0 0.50390625 0.04921875 0.00625 0.0328125
0 0.41796875 0.609375 0.00859375 0.02890625
0 0.4171875 0.64140625 0.01015625 0.03203125
0 0.46171875 0.6484375 0.00859375 0.025
0 0.37890625 0.74765625 0.009375 0.03046875
0 0.378125 0.765625 0.009375 0.02734375
0 0.4125 0.89140625 0.009375 0.02734375
0 0.82265625 0.00390625 0.00859375 0.0078125
0 0.74296875 0.0046875 0.0078125 0.009375
0 0.5234375 0.0046875 0.00546875 0.009375
0 0.36640625 0.91328125 0.0125 0.03046875
0 0.38125 0.928125 0.01171875 0.02265625
0 0.39375 0.95390625 0.0109375 0.0265625
0 0.34375 0.97734375 0.01015625 0.03203125
0 0.38203125 0.99375 0.0125 0.01171875
0 0.76796875 0.00546875 0.0078125 0.0109375
0 0.51484375 0.00546875 0.0046875 0.0109375
0 0.7625 0.00625 0.009375 0.0125
0 0.5078125 0.0046875 0.00390625 0.009375
0 0.496875 0.00703125 0.009375 0.0140625