0 0.39921875 0.146875 0.009375 0.03046875
0 0.50390625 0.14765625 0.00859375 0.01875
0 0.39375 0.15 0.0046875 0.03203125
0 0.440625 0.20625 0.009375 0.021875
0 0.440625 0.21796875 0.00859375 0.025
0 0.54140625 0.2578125 0.01953125 0.01796875
0 0.64609375 0.26015625 0.0125 0.0328125
0 0.5453125 0.26875 0.0125 0.02265625
0 0.41640625 0.2921875 0.0078125 0.03515625
0 0.46796875 0.31953125 0.00859375 0.0203125
0 0.6515625 0.3296875 0.00703125 0.02265625
0 0.51796875 0.33125 0.0125 0.02265625
0 0.52578125 0.378125 0.0140625 0.03515625
0 0.4421875 0.47578125 0.01328125 0.0203125
0 0.44375 0.48125 0.0125 0.0203125
0 0.72109375 0.54375 0.01484375 0.0390625
0 0.69140625 0.54609375 0.009375 0.03671875
0 0.63984375 0.0578125 0.00625 0.02890625
0 0.38125 0.59375 0.00859375 0.03515625
0 0.628125 0.0625 0.0078125 0.02890625
0 0.634375 0.0625 0.00625 0.03203125
0 0.64453125 0.0671875 0.00625 0.028125
0 0.66015625 0.06953125 0.00703125 0.03515625
0 0.72265625 0.89375 0.0125 0.0421875
0 0.66328125 0.09296875 0.0078125 0.03203125