0 0.653125 0.13125 0.01015625 0.01875
0 0.48125 0.01640625 0.0046875 0.01796875
0 0.440625 0.1609375 0.00546875 0.03046875
0 0.4453125 0.1671875 0.00546875 0.03203125
0 0.45625 0.18671875 0.00625 0.03046875
0 0.44921875 0.1875 0.00546875 0.03203125
0 0.415625 0.21015625 0.0078125 0.03203125
0 0.4109375 0.2109375 0.00546875 0.028125
0 0.54609375 0.23125 0.00546875 0.0328125
0 0.5515625 0.23203125 0.00625 0.03046875
0 0.53046875 0.23359375 0.00546875 0.02265625
0 0.453125 0.24453125 0.00625 0.0265625
0 0.61640625 0.0296875 0.00625 0.03203125
0 0.42109375 0.30078125 0.00625 0.0203125
0 0.46328125 0.32265625 0.00625 0.028125
0 0.45546875 0.32578125 0.00625 0.0203125
0 0.46171875 0.3296875 0.0046875 0.021875
0 0.40390625 0.35 0.00703125 0.03046875
0 0.50234375 0.3546875 0.0078125 0.034375
0 0.44921875 0.44296875 0.00859375 0.0203125
0 0.43125 0.44453125 0.00703125 0.03203125
0 0.4375 0.446875 0.00859375 0.03828125
0 0.565625 0.553125 0.00859375 0.03515625
0 0.55859375 0.571875 0.009375 0.03203125
0 0.3890625 0.646875 0.0125 0.03046875
0 0.53671875 0.70546875 0.01328125 0.040625
0 0.43125 0.70625 0.009375 0.03203125
0 0.4421875 0.7515625 0.01171875 0.04453125
0 0.4234375 0.7609375 0.0109375 0.0390625
0 0.38515625 0.91640625 0.0171875 0.04296875
0 0.48671875 0.0109375 0.00546875 0.021875