0 0.88984375 0.98359375 0.04296875 0.0328125
0 0.92578125 0.92734375 0.040625 0.090625
0 0.896875 0.89140625 0.0328125 0.10703125
0 0.84453125 0.93828125 0.04296875 0.090625
0 0.84375 0.81875 0.04140625 0.09375
0 0.828125 0.76328125 0.046875 0.103125
0 0.809375 0.7328125 0.04609375 0.1
0 0.70390625 0.74375 0.03359375 0.115625
0 0.915625 0.14765625 0.02890625 0.09609375
0 0.371875 0.06171875 0.02890625 0.1046875
0 0.27890625 0.125 0.03125 0.09609375
0 0.2921875 0.0234375 0.02734375 0.046875
0 0.2140625 0.065625 0.0265625 0.10078125
0 0.22421875 0.1328125 0.03046875 0.1
0 0.1734375 0.17265625 0.03046875 0.1109375
0 0.15234375 0.14765625 0.03046875 0.10703125
0 0.2375 0.31875 0.03359375 0.10703125
0 0.14375 0.39765625 0.03125 0.09609375
0 0.12734375 0.36875 0.0203125 0.0953125
0 0.25625 0.49609375 0.03125 0.11171875
0 0.28671875 0.52734375 0.03125 0.12734375
0 0.096875 0.60859375 0.0453125 0.11875
0 0.06328125 0.58046875 0.0390625 0.11875
0 0.2203125 0.66796875 0.03125 0.1078125
0 0.00703125 0.42578125 0.0140625 0.1046875
0 0.49296875 0.7859375 0.0328125 0.11171875
0 0.41875 0.75625 0.0328125 0.13125
0 0.41484375 0.5421875 0.03203125 0.0921875
0 0.4296875 0.41328125 0.02890625 0.0953125
0 0.58984375 0.41171875 0.028125 0.1140625
0 0.6203125 0.4328125 0.025 0.115625