0 0.85859375 0.10390625 0.021875 0.05390625
0 0.70859375 0.115625 0.02109375 0.05078125
0 0.85 0.11796875 0.025 0.0609375
0 0.81953125 0.12109375 0.02578125 0.05234375
0 0.20703125 0.1578125 0.02890625 0.06171875
0 0.7859375 0.0171875 0.0203125 0.034375
0 0.9703125 0.02265625 0.025 0.04453125
0 0.471875 0.025 0.0140625 0.04921875
0 0.6671875 0.02890625 0.0203125 0.053125
0 0.61015625 0.0296875 0.01796875 0.05703125
0 0.41796875 0.03046875 0.025 0.053125
0 0.2359375 0.36171875 0.04609375 0.07265625
0 0.5015625 0.0421875 0.02109375 0.05078125
0 0.6875 0.04453125 0.01796875 0.06015625
0 0.7015625 0.06875 0.015625 0.0390625
0 0.7109375 0.0703125 0.02109375 0.05546875
0 0.203125 0.7765625 0.065625 0.08828125
0 0.4703125 0.7890625 0.028125 0.06796875
0 0.771875 0.0796875 0.02109375 0.05390625
0 0.46875 0.8265625 0.0375 0.06953125
0 0.91953125 0.87421875 0.04609375 0.08984375
0 0.809375 0.08984375 0.0296875 0.05546875
0 0.896875 0.9203125 0.078125 0.0828125
0 0.81484375 0.09453125 0.028125 0.05390625