0 0.10546875 0.384375 0.00859375 0.015625
0 0.08671875 0.3859375 0.009375 0.01875
0 0.09609375 0.38828125 0.00859375 0.0171875
0 0.08203125 0.41328125 0.01015625 0.01875
0 0.48203125 0.69375 0.0078125 0.02890625
0 0.4890625 0.7 0.00625 0.015625
0 0.49375 0.70546875 0.00859375 0.01328125
0 0.5078125 0.7078125 0.0078125 0.03046875
0 0.4703125 0.709375 0.00546875 0.0171875
0 0.48046875 0.71953125 0.00546875 0.0171875
0 0.48359375 0.7234375 0.00625 0.02265625
0 0.49375 0.72578125 0.00859375 0.02265625
0 0.50078125 0.73515625 0.00625 0.02734375