0 0.4953125 0.05234375 0.00703125 0.0171875
0 0.36015625 0.134375 0.00859375 0.03828125
0 0.49609375 0.14140625 0.0125 0.01875
0 0.496875 0.14921875 0.02578125 0.0140625
0 0.5078125 0.28671875 0.0109375 0.0171875
0 0.50859375 0.30078125 0.0125 0.02421875
0 0.4046875 0.3671875 0.0078125 0.0296875
0 0.39921875 0.3765625 0.009375 0.0453125
0 0.53515625 0.37734375 0.02890625 0.01875
0 0.40859375 0.38984375 0.009375 0.02734375
0 0.3484375 0.4078125 0.009375 0.034375
0 0.34765625 0.45234375 0.0109375 0.03828125
0 0.61015625 0.484375 0.01171875 0.03984375
0 0.5953125 0.48828125 0.01015625 0.03828125
0 0.5203125 0.52109375 0.009375 0.028125
0 0.5171875 0.540625 0.009375 0.02109375
0 0.70625 0.59453125 0.0125 0.04375
0 0.68984375 0.5953125 0.0109375 0.03671875
0 0.42109375 0.62578125 0.0125 0.02109375
0 0.7609375 0.62890625 0.01640625 0.03671875
0 0.41640625 0.63828125 0.0125 0.02109375
0 0.5640625 0.76328125 0.025 0.0328125
0 0.64765625 0.8125 0.015625 0.02578125
0 0.64375 0.83671875 0.0109375 0.02578125
0 0.80625 0.85859375 0.0203125 0.02734375
0 0.42109375 0.87109375 0.0140625 0.03984375
0 0.80703125 0.8734375 0.009375 0.02265625
0 0.4796875 0.978125 0.0125 0.04375
0 0.47109375 0.9859375 0.0109375 0.028125
0 0.3671875 0.01640625 0.0078125 0.02734375
0 0.60859375 0.0234375 0.00859375 0.0328125
0 0.60390625 0.025 0.0078125 0.0328125
0 0.36875 0.02890625 0.00625 0.0328125