0 0.97109375 0.12109375 0.02578125 0.04375
0 0.584375 0.17421875 0.01328125 0.05546875
0 0.3234375 0.2 0.02265625 0.03046875
0 0.69140625 0.2109375 0.01640625 0.03125
0 0.39296875 0.21484375 0.01484375 0.05390625
0 0.55625 0.2234375 0.01796875 0.03515625
0 0.4640625 0.23828125 0.0203125 0.05390625
0 0.31171875 0.025 0.0140625 0.05
0 0.5328125 0.29296875 0.015625 0.05625
0 0.33515625 0.03203125 0.01171875 0.04453125
0 0.54375 0.31640625 0.0171875 0.05390625
0 0.35390625 0.0328125 0.01015625 0.0390625
0 0.39375 0.325 0.0203125 0.05546875
0 0.471875 0.32890625 0.0109375 0.0484375
0 0.55234375 0.42578125 0.015625 0.05546875
0 0.44609375 0.43984375 0.01484375 0.05703125
0 0.546875 0.4421875 0.0140625 0.05390625
0 0.528125 0.4640625 0.015625 0.0484375
0 0.5484375 0.47578125 0.01484375 0.05625
0 0.65859375 0.05859375 0.01171875 0.046875
0 0.08828125 0.059375 0.02265625 0.046875