0 0.37265625 0.49921875 0.01484375 0.03359375
0 0.39765625 0.590625 0.01328125 0.03828125
0 0.28125 0.63984375 0.01796875 0.01953125
0 0.30234375 0.56015625 0.015625 0.03359375
0 0.1765625 0.71171875 0.01484375 0.05390625
0 0.21171875 0.6953125 0.03359375 0.02421875
0 0.21171875 0.73046875 0.02265625 0.0234375
0 0.20859375 0.76640625 0.01640625 0.01875
0 0.2 0.540625 0.02421875 0.0328125
0 0.1875 0.58125 0.01796875 0.03828125
0 0.20234375 0.665625 0.0140625 0.0234375
0 0.2703125 0.6046875 0.01796875 0.0328125
0 0.26171875 0.5546875 0.0140625 0.025
0 0.23515625 0.65859375 0.01171875 0.0203125
0 0.9828125 0.01875 0.028125 0.0375
0 0.9703125 0.01484375 0.015625 0.0296875
0 0.88046875 0.971875 0.0140625 0.0484375
0 0.8703125 0.96328125 0.00703125 0.0328125
0 0.2109375 0.63515625 0.01484375 0.01796875