0 0.03046875 0.49609375 0.01484375 0.0234375
0 0.06328125 0.509375 0.02109375 0.04921875
0 0.02734375 0.54375 0.015625 0.015625
0 0.17890625 0.5828125 0.01328125 0.01953125
0 0.27890625 0.50234375 0.01640625 0.01171875
0 0.2796875 0.534375 0.01796875 0.025
0 0.453125 0.41875 0.01015625 0.034375
0 0.75625 0.04375 0.01796875 0.0453125
0 0.5984375 0.04765625 0.0078125 0.02890625
0 0.58046875 0.06796875 0.00859375 0.0203125
0 0.58359375 0.0890625 0.009375 0.0203125
0 0.5859375 0.11875 0.0109375 0.0203125
0 0.60546875 0.0671875 0.0140625 0.015625
0 0.6046875 0.08046875 0.01328125 0.01640625
0 0.60546875 0.0984375 0.01171875 0.02109375
0 0.5921875 0.06171875 0.00859375 0.0234375