0 0.90078125 0.9828125 0.02421875 0.03359375
0 0.94375 0.54140625 0.015625 0.05078125
0 0.8625 0.3453125 0.01640625 0.0484375
0 0.74296875 0.17890625 0.01171875 0.03984375
0 0.67421875 0.05859375 0.0109375 0.03515625
0 0.5875 0.24765625 0.009375 0.04375
0 0.6640625 0.26171875 0.01171875 0.04765625
0 0.65390625 0.25390625 0.0078125 0.04453125
0 0.49296875 0.59296875 0.0171875 0.05703125
0 0.4765625 0.36484375 0.009375 0.04609375
0 0.490625 0.0859375 0.009375 0.03828125
0 0.3125 0.07734375 0.01171875 0.03984375
0 0.33203125 0.1765625 0.01015625 0.04296875
0 0.0375 0.07890625 0.015625 0.02421875
0 0.04609375 0.03671875 0.009375 0.0390625
0 0.2921875 0.6265625 0.01328125 0.0515625
0 0.31875 0.434375 0.0125 0.04375
0 0.20546875 0.34609375 0.0125 0.04765625
0 0.0203125 0.34375 0.01484375 0.03984375