0 0.484375 0.984375 0.02265625 0.03046875
0 0.5109375 0.975 0.0234375 0.0390625
0 0.4921875 0.91640625 0.01953125 0.040625
0 0.46875 0.9375 0.02265625 0.03046875
0 0.17734375 0.8640625 0.01640625 0.03125
0 0.209375 0.82109375 0.01796875 0.02421875
0 0.19765625 0.81640625 0.01015625 0.02421875
0 0.1828125 0.8140625 0.02109375 0.04375
0 0.21015625 0.865625 0.02109375 0.01875
0 0.196875 0.9828125 0.025 0.034375
0 0.1765625 0.6859375 0.0109375 0.03203125
0 0.209375 0.36796875 0.01015625 0.03203125
0 0.20546875 0.4140625 0.01484375 0.01796875
0 0.259375 0.02890625 0.01796875 0.05390625
0 0.2875 0.01015625 0.01171875 0.0203125