0 0.3625 0.71875 0.01484375 0.0359375
0 0.328125 0.578125 0.0125 0.034375
0 0.2875 0.65859375 0.01015625 0.02890625
0 0.22421875 0.78046875 0.0171875 0.01796875
0 0.21796875 0.72109375 0.021875 0.0359375
0 0.20859375 0.67890625 0.0171875 0.0359375
0 0.146875 0.9109375 0.02109375 0.021875
0 0.15 0.8734375 0.02578125 0.025
0 0.1109375 0.84453125 0.0171875 0.0625
0 0.15 0.828125 0.0375 0.02421875
0 0.13984375 0.790625 0.0171875 0.02890625
0 0.14921875 0.75546875 0.01484375 0.02265625
0 0.1234375 0.6921875 0.021875 0.0421875
0 0.121875 0.72421875 0.01328125 0.025
0 0.13671875 0.64453125 0.028125 0.0359375
0 0.1703125 0.7921875 0.0140625 0.02421875
0 0.17734375 0.78125 0.0125 0.02265625