0 0.50234375 0.14453125 0.00703125 0.02578125
0 0.66875 0.18046875 0.0109375 0.0328125
0 0.4859375 0.2 0.0078125 0.03125
0 0.4703125 0.253125 0.00703125 0.0296875
0 0.46328125 0.2640625 0.0078125 0.0328125
0 0.478125 0.01484375 0.009375 0.0296875
0 0.52109375 0.309375 0.009375 0.03359375
0 0.47265625 0.33203125 0.0140625 0.021875
0 0.47421875 0.34765625 0.009375 0.02578125
0 0.5625 0.03359375 0.00703125 0.0296875
0 0.60859375 0.04296875 0.00703125 0.028125
0 0.61640625 0.6109375 0.01171875 0.03828125
0 0.62578125 0.61484375 0.01015625 0.040625
0 0.63515625 0.61796875 0.01171875 0.02734375
0 0.609375 0.62109375 0.01171875 0.03671875
0 0.6390625 0.63125 0.0125 0.03515625
0 0.52109375 0.64921875 0.0125 0.021875
0 0.6328125 0.653125 0.01015625 0.0296875
0 0.60234375 0.65859375 0.00859375 0.0296875
0 0.621875 0.659375 0.01171875 0.0421875
0 0.51875 0.66015625 0.01328125 0.02734375
0 0.44921875 0.6734375 0.01328125 0.03828125
0 0.62265625 0.7125 0.01015625 0.0328125
0 0.50546875 0.71328125 0.01328125 0.03671875
0 0.75078125 0.95546875 0.0140625 0.0484375
0 0.590625 0.95625 0.0140625 0.02421875
0 0.5640625 0.97265625 0.0125 0.021875
0 0.578125 0.97734375 0.015625 0.0328125
0 0.584375 0.99609375 0.0125 0.0078125
0 0.56953125 0.99609375 0.0109375 0.0078125