0 0.4375 0.13046875 0.00859375 0.021875
0 0.47265625 0.17734375 0.01328125 0.01953125
0 0.5453125 0.178125 0.01171875 0.0140625
0 0.43515625 0.1828125 0.00859375 0.0203125
0 0.56328125 0.2 0.009375 0.021875
0 0.44765625 0.23671875 0.00859375 0.01953125
0 0.403125 0.24921875 0.01015625 0.01953125
0 0.4609375 0.25390625 0.009375 0.0203125
0 0.434375 0.28203125 0.0078125 0.0203125
0 0.39296875 0.28359375 0.01171875 0.0203125
0 0.36484375 0.2921875 0.0125 0.0140625
0 0.03046875 0.03125 0.015625 0.0234375
0 0.39609375 0.303125 0.009375 0.015625
0 0.4265625 0.309375 0.00625 0.015625
0 0.43203125 0.328125 0.0078125 0.01640625
0 0.49921875 0.3859375 0.00859375 0.02421875
0 0.48984375 0.38671875 0.0078125 0.0203125
0 0.025 0.0578125 0.01484375 0.0234375
0 0.721875 0.63984375 0.0125 0.0296875
0 0.6265625 0.00625 0.01328125 0.0125
0 0.05859375 0.0765625 0.015625 0.02421875
0 0.0578125 0.103125 0.02109375 0.03359375