0 0.89296875 0.578125 0.03828125 0.0984375
0 0.94453125 0.578125 0.04140625 0.08828125
0 0.96796875 0.60703125 0.0328125 0.08203125
0 0.9703125 0.48515625 0.04296875 0.0890625
0 0.95546875 0.43046875 0.0328125 0.096875
0 0.925 0.45078125 0.0390625 0.1
0 0.84921875 0.47578125 0.0359375 0.1
0 0.8078125 0.41796875 0.0359375 0.10546875
0 0.92890625 0.2828125 0.03671875 0.09296875
0 0.95703125 0.2828125 0.0359375 0.0953125
0 0.96953125 0.3328125 0.0328125 0.0890625
0 0.98046875 0.24296875 0.02890625 0.0953125
0 0.46953125 0.07578125 0.02265625 0.1046875
0 0.5390625 0.11484375 0.02734375 0.103125
0 0.52421875 0.103125 0.0234375 0.0828125
0 0.3375 0.190625 0.0359375 0.10546875
0 0.3640625 0.109375 0.0296875 0.10546875
0 0.33125 0.07890625 0.0296875 0.1015625
0 0.0515625 0.4734375 0.03828125 0.09453125
0 0.00859375 0.58984375 0.0171875 0.0984375
0 0.23359375 0.028125 0.0265625 0.05625
0 0.31953125 0.0359375 0.0203125 0.071875
0 0.303125 0.0265625 0.021875 0.053125