0 0.81640625 0.22421875 0.01484375 0.02109375
0 0.7421875 0.14140625 0.0140625 0.02109375
0 0.60859375 0.15078125 0.01171875 0.02890625
0 0.5296875 0.14296875 0.01171875 0.02890625
0 0.79296875 0.0671875 0.015625 0.02421875
0 0.8 0.08203125 0.0171875 0.02734375
0 0.07890625 0.26875 0.02265625 0.02421875
0 0.0890625 0.3046875 0.0234375 0.02265625
0 0.0640625 0.38828125 0.02421875 0.01953125
0 0.0953125 0.2515625 0.021875 0.0203125
0 0.12109375 0.278125 0.0265625 0.01875
0 0.12421875 0.17109375 0.02265625 0.028125