0 0.09296875 0.1328125 0.0265625 0.040625
0 0.63984375 0.2921875 0.01328125 0.02890625
0 0.421875 0.33671875 0.0109375 0.02109375
0 0.6328125 0.3453125 0.01640625 0.03203125
0 0.65078125 0.346875 0.01328125 0.028125
0 0.51875 0.3828125 0.00859375 0.0359375
0 0.8484375 0.39765625 0.01875 0.03125
0 0.44453125 0.409375 0.01484375 0.02890625
0 0.509375 0.41015625 0.0125 0.034375
0 0.4734375 0.428125 0.01640625 0.03125
0 0.48984375 0.43359375 0.0140625 0.03125
0 0.490625 0.45859375 0.01328125 0.025
0 0.4203125 0.48359375 0.01640625 0.0171875
0 0.47890625 0.52578125 0.0125 0.028125
0 0.5640625 0.52734375 0.01171875 0.02109375
0 0.48046875 0.5546875 0.0125 0.03125
0 0.55234375 0.56484375 0.01171875 0.02265625
0 0.4859375 0.5828125 0.01328125 0.0296875
0 0.5359375 0.58515625 0.009375 0.02734375
0 0.68984375 0.0328125 0.01015625 0.02890625
0 0.49140625 0.659375 0.02109375 0.02578125