0 0.24453125 0.125 0.00703125 0.02265625
0 0.28671875 0.171875 0.01484375 0.01328125
0 0.22109375 0.18671875 0.009375 0.025
0 0.21171875 0.2625 0.0078125 0.0234375
0 0.23828125 0.0203125 0.0078125 0.02265625
0 0.2796875 0.296875 0.01875 0.015625
0 0.1671875 0.31171875 0.0078125 0.0265625
0 0.67109375 0.321875 0.00859375 0.03203125
0 0.284375 0.41015625 0.01796875 0.015625
0 0.1625 0.4203125 0.0109375 0.02734375
0 0.25703125 0.47890625 0.00859375 0.02109375
0 0.246875 0.4921875 0.00703125 0.01875
0 0.2984375 0.04453125 0.0078125 0.02265625
0 0.246875 0.55234375 0.0109375 0.0171875
0 0.265625 0.553125 0.0109375 0.01875
0 0.20859375 0.553125 0.0078125 0.03046875
0 0.2734375 0.56328125 0.01015625 0.02890625
0 0.32890625 0.57265625 0.0078125 0.02109375
0 0.2625 0.5734375 0.0078125 0.025
0 0.14296875 0.63515625 0.0109375 0.02734375
0 0.10078125 0.6546875 0.0125 0.02109375
0 0.10078125 0.684375 0.00703125 0.025
0 0.10703125 0.6859375 0.01015625 0.0265625
0 0.2765625 0.69296875 0.01015625 0.0265625
0 0.1390625 0.7015625 0.01484375 0.02890625
0 0.09765625 0.70625 0.01328125 0.03046875
0 0.26171875 0.73515625 0.0078125 0.02265625
0 0.25390625 0.75625 0.0109375 0.02734375
0 0.23984375 0.76484375 0.009375 0.03046875
0 0.2859375 0.76953125 0.0109375 0.02265625
0 0.17890625 0.778125 0.01640625 0.0265625
0 0.253125 0.8390625 0.00859375 0.01875
0 0.24453125 0.08046875 0.00859375 0.0234375
0 0.04765625 0.8828125 0.015625 0.03203125
0 0.20390625 0.8875 0.01328125 0.02265625
0 0.2 0.91640625 0.009375 0.0171875
0 0.2796875 0.9578125 0.01171875 0.0265625
0 0.27734375 0.98515625 0.01015625 0.0234375
0 0.2203125 0.09921875 0.0078125 0.02109375