0 0.5625 0.79140625 0.0265625 0.03828125
0 0.61953125 0.8203125 0.02109375 0.0421875
0 0.27734375 0.88984375 0.04140625 0.046875
0 0.6390625 0.94921875 0.028125 0.053125
0 0.9609375 0.97890625 0.04765625 0.04140625
0 0.96875 0.15625 0.04140625 0.05234375
0 0.06640625 0.1609375 0.0515625 0.0484375
0 0.58515625 0.1859375 0.02890625 0.05078125
0 0.90625 0.22578125 0.04375 0.0421875
0 0.92578125 0.2453125 0.04375 0.04296875
0 0.52421875 0.24609375 0.0265625 0.04296875
0 0.1390625 0.25 0.040625 0.046875
0 0.9796875 0.25546875 0.03828125 0.04609375
0 0.68125 0.2625 0.040625 0.0390625
0 0.43046875 0.2640625 0.03359375 0.03671875
0 0.93203125 0.2875 0.040625 0.04765625
0 0.45625 0.2875 0.03828125 0.03671875
0 0.4953125 0.30703125 0.0296875 0.046875
0 0.94765625 0.340625 0.0296875 0.03984375
0 0.44609375 0.34296875 0.03671875 0.0390625
0 0.21953125 0.34375 0.03359375 0.0390625
0 0.915625 0.34375 0.0453125 0.03515625
0 0.0890625 0.34921875 0.03828125 0.040625
0 0.65546875 0.35234375 0.025 0.034375
0 0.5921875 0.35546875 0.0328125 0.03515625
0 0.9796875 0.3609375 0.040625 0.0421875
0 0.1046875 0.3859375 0.01796875 0.021875
0 0.65703125 0.38671875 0.04140625 0.04375
0 0.25703125 0.3875 0.0390625 0.0390625
0 0.86953125 0.38828125 0.03125 0.03125
0 0.97734375 0.390625 0.0453125 0.0296875
0 0.03984375 0.39375 0.0546875 0.0421875
0 0.6796875 0.421875 0.0375 0.0359375
0 0.54921875 0.425 0.01640625 0.0265625
0 0.46640625 0.4265625 0.034375 0.0453125
0 0.5203125 0.43203125 0.03125 0.03515625
0 0.86875 0.43984375 0.03984375 0.0296875
0 0.99296875 0.43984375 0.0140625 0.0296875
0 0.3515625 0.44609375 0.0359375 0.0390625
0 0.9671875 0.44609375 0.0421875 0.04609375
0 0.6265625 0.45 0.0359375 0.0328125
0 0.91171875 0.45859375 0.0359375 0.03125
0 0.165625 0.45859375 0.0390625 0.03515625
0 0.24296875 0.47734375 0.04140625 0.034375
0 0.746875 0.478125 0.0390625 0.0359375
0 0.6328125 0.4796875 0.03046875 0.0328125
0 0.384375 0.48359375 0.03125 0.0296875
0 0.1671875 0.49375 0.04296875 0.03984375
0 0.928125 0.4984375 0.03671875 0.03515625
0 0.99453125 0.4984375 0.0109375 0.03125
0 0.77421875 0.5125 0.03359375 0.03125
0 0.95546875 0.51953125 0.03984375 0.0359375
0 0.74453125 0.52109375 0.03359375 0.0453125
0 0.61015625 0.52421875 0.03125 0.03828125
0 0.87890625 0.52734375 0.0390625 0.03203125
0 0.66328125 0.5296875 0.02421875 0.040625
0 0.10625 0.53203125 0.03984375 0.03828125
0 0.3109375 0.534375 0.034375 0.03125
0 0.9875 0.5421875 0.02421875 0.03359375
0 0.71171875 0.54375 0.0265625 0.0265625
0 0.353125 0.546875 0.03125 0.03828125
0 0.76953125 0.5546875 0.0390625 0.03046875
0 0.953125 0.55546875 0.040625 0.0375
0 0.64765625 0.571875 0.034375 0.03671875
0 0.715625 0.5734375 0.0265625 0.03515625
0 0.59921875 0.57734375 0.02421875 0.0359375
0 0.6765625 0.5859375 0.03359375 0.0328125
0 0.7671875 0.58984375 0.03671875 0.03984375
0 0.434375 0.59296875 0.0328125 0.040625
0 0.14921875 0.6015625 0.046875 0.03828125
0 0.95390625 0.6046875 0.0421875 0.0375
0 0.73671875 0.60625 0.028125 0.03828125
0 0.98125 0.609375 0.0375 0.0375
0 0.69765625 0.61328125 0.02421875 0.02890625
0 0.78515625 0.6234375 0.03125 0.03359375
0 0.1796875 0.62578125 0.03515625 0.03984375
0 0.46953125 0.63359375 0.03359375 0.0390625
0 0.9625 0.6359375 0.040625 0.0390625
0 0.7015625 0.6375 0.03125 0.0359375
0 0.5890625 0.63984375 0.02265625 0.0453125
0 0.9234375 0.64609375 0.0359375 0.03046875
0 0.9875 0.6546875 0.02421875 0.03984375
0 0.18984375 0.6546875 0.03515625 0.03828125
0 0.696875 0.66484375 0.03046875 0.03203125
0 0.46484375 0.66796875 0.03359375 0.03359375
0 0.57109375 0.67265625 0.028125 0.03671875
0 0.9640625 0.67421875 0.040625 0.03984375
0 0.91640625 0.67734375 0.04296875 0.03359375
0 0.83046875 0.6796875 0.034375 0.03671875
0 0.0046875 0.696875 0.009375 0.015625
0 0.45703125 0.703125 0.03203125 0.0421875
0 0.69140625 0.70546875 0.03515625 0.03515625
0 0.9625 0.71875 0.03984375 0.04140625
0 0.18515625 0.72734375 0.0359375 0.03515625
0 0.121875 0.73828125 0.040625 0.03515625
0 0.31328125 0.75078125 0.02890625 0.0390625