0 0.48671875 0.98671875 0.0234375 0.0265625
0 0.5140625 0.9796875 0.025 0.040625
0 0.49609375 0.9203125 0.0203125 0.04140625
0 0.471875 0.9421875 0.0234375 0.03125
0 0.17421875 0.86640625 0.01640625 0.03203125
0 0.20703125 0.8234375 0.01875 0.02421875
0 0.1953125 0.81875 0.01015625 0.02421875
0 0.1796875 0.81640625 0.021875 0.04453125
0 0.2078125 0.86875 0.021875 0.01875
0 0.1953125 0.9859375 0.02578125 0.028125
0 0.1734375 0.68515625 0.0109375 0.0328125
0 0.20703125 0.3609375 0.01015625 0.0328125
0 0.203125 0.4078125 0.01484375 0.01796875
0 0.25859375 0.02109375 0.01875 0.04140625
0 0.28671875 0.003125 0.0125 0.00546875