0 0.5421875 0.321875 0.015625 0.0453125
0 0.8546875 0.48046875 0.03046875 0.03828125
0 0.90703125 0.50078125 0.0359375 0.0359375
0 0.89453125 0.515625 0.03359375 0.03359375
0 0.7421875 0.51953125 0.01953125 0.0359375
0 0.94453125 0.59609375 0.03515625 0.0484375
0 0.76328125 0.68203125 0.02265625 0.03828125
0 0.87265625 0.69765625 0.03203125 0.03671875
0 0.959375 0.71796875 0.04375 0.03359375
0 0.5890625 0.80625 0.02421875 0.03984375
0 0.6734375 0.875 0.03984375 0.03828125
0 0.70625 0.88515625 0.02421875 0.03359375