0 0.00625 0.278125 0.0125 0.0375
0 0.1609375 0.3015625 0.0265625 0.0390625
0 0.1796875 0.30234375 0.0296875 0.02734375
0 0.19921875 0.31796875 0.02578125 0.0328125
0 0.1671875 0.3234375 0.03125 0.02734375
0 0.15390625 0.33515625 0.025 0.03671875
0 0.165625 0.35078125 0.028125 0.034375
0 0.16171875 0.36484375 0.02890625 0.02890625
0 0.1875 0.36875 0.03046875 0.03046875
0 0.5453125 0.58046875 0.02109375 0.03203125
0 0.2140625 0.66875 0.02578125 0.03046875
0 0.4609375 0.77578125 0.0203125 0.0296875
0 0.43984375 0.81015625 0.0203125 0.0234375
0 0.44140625 0.8484375 0.02109375 0.03046875