0 0.55703125 0.23046875 0.0046875 0.01796875
0 0.54921875 0.24453125 0.00625 0.01796875
0 0.56015625 0.24921875 0.00546875 0.01171875
0 0.5640625 0.2671875 0.00390625 0.01953125
0 0.56875 0.271875 0.00390625 0.01796875
0 0.6359375 0.40234375 0.00625 0.01796875
0 0.66171875 0.45 0.00625 0.0171875
0 0.7203125 0.4546875 0.00703125 0.0234375
0 0.63671875 0.47421875 0.0046875 0.01796875
0 0.6453125 0.040625 0.0046875 0.01953125
0 0.71875 0.54296875 0.00625 0.0234375
0 0.67109375 0.5921875 0.00703125 0.02109375
0 0.578125 0.62265625 0.0078125 0.02109375
0 0.65859375 0.62734375 0.00703125 0.02578125
0 0.59765625 0.63515625 0.00625 0.02109375
0 0.76875 0.69609375 0.01015625 0.0328125
0 0.8015625 0.8578125 0.00703125 0.01328125
0 0.7484375 0.88125 0.00703125 0.02734375
0 0.7578125 0.884375 0.0078125 0.0234375
0 0.66953125 0.91953125 0.01171875 0.02109375
0 0.696875 0.9453125 0.00625 0.01328125
0 0.6875 0.95546875 0.00703125 0.03125
0 0.63828125 0.090625 0.00625 0.0171875