0 0.72109375 0.81640625 0.0546875 0.04609375
0 0.3375 0.83828125 0.04453125 0.046875
0 0.8203125 0.86015625 0.05546875 0.065625
0 0.54609375 0.8671875 0.034375 0.06640625
0 0.55 0.87890625 0.01953125 0.028125
0 0.55625 0.0828125 0.01953125 0.08046875
0 0.6984375 0.89765625 0.03515625 0.04140625
0 0.71484375 0.95546875 0.0453125 0.04296875
0 0.628125 0.1125 0.0328125 0.07890625
0 0.6265625 0.13125 0.02421875 0.0859375
0 0.7 0.1453125 0.02265625 0.08515625
0 0.73359375 0.16640625 0.0203125 0.0625
0 0.70546875 0.16796875 0.02265625 0.06328125
0 0.55078125 0.20390625 0.01953125 0.06875
0 0.56953125 0.02578125 0.01875 0.05078125
0 0.21953125 0.28671875 0.05859375 0.06875
0 0.4578125 0.31171875 0.03046875 0.06328125
0 0.62109375 0.03125 0.0375 0.0546875
0 0.34609375 0.3796875 0.034375 0.071875
0 0.6546875 0.44140625 0.02890625 0.05859375
0 0.6046875 0.46953125 0.02890625 0.06953125
0 0.675 0.48046875 0.0328125 0.0625
0 0.44921875 0.5234375 0.034375 0.059375
0 0.68515625 0.55078125 0.0375 0.0609375
0 0.7796875 0.5765625 0.028125 0.07578125
0 0.62109375 0.05390625 0.0359375 0.053125
0 0.73671875 0.59453125 0.0453125 0.053125
0 0.62578125 0.6 0.028125 0.04609375
0 0.5921875 0.6171875 0.02109375 0.03671875
0 0.571875 0.63671875 0.03046875 0.05234375
0 0.6375 0.6609375 0.0328125 0.0484375