0 0.12265625 0.5640625 0.04375 0.115625
0 0.15625 0.42578125 0.03125 0.1015625
0 0.1203125 0.41875 0.03203125 0.10625
0 0.10546875 0.39140625 0.02421875 0.0921875
0 0.30078125 0.33125 0.03359375 0.09375
0 0.5609375 0.26484375 0.03359375 0.109375
0 0.5484375 0.15625 0.02734375 0.09453125
0 0.72578125 0.05234375 0.02578125 0.10078125
0 0.52265625 0.15078125 0.03203125 0.090625
0 0.49296875 0.11484375 0.0359375 0.0984375
0 0.53515625 0.03046875 0.0234375 0.06015625
0 0.5140625 0.02421875 0.02578125 0.0484375
0 0.32109375 0.071875 0.0296875 0.09765625
0 0.93203125 0.05546875 0.04140625 0.10078125
0 0.95078125 0.01796875 0.025 0.03515625
0 0.91875 0.0203125 0.034375 0.040625