0 0.45546875 0.01640625 0.00625 0.03046875
0 0.4203125 0.165625 0.00859375 0.02890625
0 0.45234375 0.0203125 0.0046875 0.028125
0 0.4484375 0.22109375 0.00625 0.03203125
0 0.528125 0.22109375 0.0109375 0.01640625
0 0.453125 0.221875 0.0078125 0.03046875
0 0.53828125 0.22578125 0.0125 0.01796875
0 0.4296875 0.2390625 0.01328125 0.01875
0 0.43046875 0.028125 0.00703125 0.0328125
0 0.47109375 0.2765625 0.00546875 0.028125
0 0.47109375 0.2921875 0.00859375 0.021875
0 0.68046875 0.2984375 0.00703125 0.03046875
0 0.67421875 0.29921875 0.00546875 0.02890625
0 0.45703125 0.33203125 0.00703125 0.034375
0 0.45234375 0.3328125 0.009375 0.03828125
0 0.71484375 0.35 0.0171875 0.025
0 0.69765625 0.41015625 0.009375 0.03671875
0 0.69140625 0.4125 0.00859375 0.03828125
0 0.4125 0.42421875 0.0078125 0.03515625
0 0.41484375 0.440625 0.00859375 0.03046875
0 0.56796875 0.63046875 0.0296875 0.02265625
0 0.6015625 0.75703125 0.009375 0.02890625
0 0.61171875 0.784375 0.0125 0.025
0 0.56015625 0.07890625 0.00546875 0.01484375
0 0.6171875 0.08359375 0.00859375 0.025
0 0.55703125 0.08671875 0.009375 0.01875
0 0.5875 0.87265625 0.01484375 0.021875
0 0.3921875 0.940625 0.015625 0.034375