0 0.01640625 0.5625 0.0171875 0.0296875
0 0.04921875 0.57578125 0.021875 0.0578125
0 0.01484375 0.61484375 0.01953125 0.02421875
0 0.16953125 0.65546875 0.0171875 0.02421875
0 0.27265625 0.56796875 0.0171875 0.0203125
0 0.271875 0.60859375 0.0171875 0.028125
0 0.43515625 0.4828125 0.01328125 0.034375
0 0.775 0.08671875 0.01953125 0.04375
0 0.5875 0.13515625 0.0109375 0.02265625
0 0.60390625 0.09296875 0.009375 0.034375
0 0.59765625 0.10234375 0.01015625 0.021875
0 0.5859375 0.1140625 0.01171875 0.02265625
0 0.61328125 0.12578125 0.00859375 0.015625