0 0.04453125 0.18203125 0.01953125 0.01484375
0 0.4328125 0.26328125 0.0109375 0.01484375
0 0.09375 0.30703125 0.0109375 0.02421875
0 0.36875 0.34609375 0.0125 0.01640625
0 0.33515625 0.42421875 0.015625 0.01328125
0 0.36796875 0.44609375 0.01796875 0.015625
0 0.2171875 0.459375 0.01796875 0.01171875
0 0.0734375 0.46484375 0.01640625 0.01953125
0 0.16484375 0.5375 0.01640625 0.01796875
0 0.33515625 0.590625 0.01796875 0.021875
0 0.221875 0.590625 0.01640625 0.0125
0 0.1453125 0.65703125 0.015625 0.01484375
0 0.44609375 0.696875 0.0125 0.02109375
0 0.346875 0.73828125 0.0109375 0.01328125
0 0.53203125 0.78671875 0.01015625 0.01640625