0 0.47578125 0.1828125 0.00703125 0.03046875
0 0.48125 0.1875 0.0078125 0.0265625
0 0.49296875 0.1875 0.0078125 0.028125
0 0.55390625 0.25703125 0.0078125 0.021875
0 0.503125 0.32734375 0.00859375 0.025
0 0.48984375 0.3359375 0.0078125 0.034375
0 0.49453125 0.33984375 0.0078125 0.028125
0 0.52109375 0.0375 0.00859375 0.021875
0 0.67734375 0.43046875 0.0109375 0.03671875
0 0.6328125 0.4359375 0.0125 0.01640625
0 0.60390625 0.06015625 0.00703125 0.0265625
0 0.4796875 0.0625 0.00546875 0.028125
0 0.45703125 0.65 0.009375 0.0390625
0 0.6375 0.665625 0.01015625 0.0265625
0 0.63046875 0.6765625 0.01796875 0.025
0 0.4953125 0.0828125 0.00703125 0.02890625
0 0.5 0.08359375 0.00625 0.025
0 0.58828125 0.08828125 0.0078125 0.01875
0 0.59453125 0.08828125 0.0078125 0.01640625