0 0.421875 0.9828125 0.0375 0.0328125
0 0.359375 0.71171875 0.0140625 0.05
0 0.3640625 0.62109375 0.0125 0.05390625
0 0.54609375 0.63203125 0.01328125 0.05546875
0 0.984375 0.53828125 0.0140625 0.0515625
0 0.8234375 0.38125 0.01171875 0.040625
0 0.7765625 0.29375 0.0109375 0.04140625
0 0.728125 0.18125 0.01171875 0.0328125
0 0.7421875 0.075 0.009375 0.03515625
0 0.571875 0.0625 0.0078125 0.0328125
0 0.5265625 0.0734375 0.0078125 0.0328125
0 0.5375 0.0625 0.0078125 0.034375
0 0.475 0.2421875 0.01015625 0.0390625
0 0.453125 0.13125 0.00859375 0.03828125
0 0.47265625 0.453125 0.01328125 0.04453125
0 0.1125 0.66953125 0.0171875 0.05390625
0 0.3390625 0.48125 0.01328125 0.04609375
0 0.31640625 0.28046875 0.0109375 0.040625
0 0.3640625 0.17109375 0.01171875 0.034375
0 0.26875 0.1375 0.0125 0.03984375
0 0.35625 0.0578125 0.0109375 0.034375
0 0.03828125 0.3 0.01640625 0.04140625