0 0.053125 0.1171875 0.0125 0.02265625
0 0.0515625 0.13203125 0.0203125 0.0171875
0 0.03515625 0.14609375 0.0171875 0.0203125
0 0.07265625 0.14921875 0.015625 0.02109375
0 0.04921875 0.1515625 0.015625 0.01328125
0 0.08828125 0.1546875 0.02109375 0.021875
0 0.040625 0.16640625 0.0171875 0.0203125
0 0.05859375 0.1671875 0.01640625 0.0203125
0 0.1671875 0.20703125 0.02421875 0.03046875
0 0.0328125 0.03125 0.0234375 0.01875
0 0.72109375 0.04609375 0.0140625 0.02734375
0 0.0265625 0.0578125 0.02109375 0.02265625
0 0.0140625 0.06875 0.02578125 0.02578125
0 0.01640625 0.69375 0.02265625 0.01796875
0 0.04375 0.70234375 0.02109375 0.01640625
0 0.0234375 0.7203125 0.02109375 0.021875