0 0.353125 0.146875 0.0140625 0.03125
0 0.41015625 0.2359375 0.00859375 0.0265625
0 0.3984375 0.37890625 0.01328125 0.02109375
0 0.43828125 0.3796875 0.01171875 0.02109375
0 0.4390625 0.4125 0.01015625 0.02265625
0 0.3859375 0.440625 0.0125 0.0234375
0 0.39921875 0.4421875 0.01015625 0.02265625
0 0.340625 0.46015625 0.0171875 0.0328125
0 0.39609375 0.465625 0.01796875 0.0234375
0 0.4359375 0.4796875 0.01171875 0.02109375
0 0.38515625 0.58203125 0.0140625 0.01796875
0 0.44921875 0.69296875 0.0125 0.01796875
0 0.73671875 0.815625 0.02109375 0.02109375
0 0.9890625 0.92734375 0.021875 0.0171875
0 0.6296875 0.928125 0.01328125 0.01796875
0 0.83828125 0.9515625 0.02109375 0.01953125