0 0.7375 0.6390625 0.03203125 0.1140625
0 0.77109375 0.66640625 0.028125 0.090625
0 0.59921875 0.16953125 0.03515625 0.0953125
0 0.8703125 0.20859375 0.0328125 0.09453125
0 0.83671875 0.06796875 0.02734375 0.103125
0 0.953125 0.3765625 0.03515625 0.08671875
0 0.93359375 0.23203125 0.03359375 0.08828125
0 0.9625 0.21640625 0.0296875 0.0953125
0 0.9875 0.3125 0.02421875 0.08828125
0 0.9453125 0.05859375 0.0265625 0.090625
0 0.98125 0.02734375 0.02421875 0.0546875
0 0.54140625 0.02890625 0.02265625 0.05703125