0 0.4890625 0.13359375 0.01015625 0.04140625
0 0.39140625 0.1390625 0.0078125 0.03203125
0 0.4125 0.14375 0.01015625 0.0390625
0 0.403125 0.15234375 0.01015625 0.0390625
0 0.20625 0.1734375 0.0140625 0.04453125
0 0.19765625 0.17890625 0.009375 0.0390625
0 0.38203125 0.17890625 0.00625 0.03046875
0 0.3859375 0.18046875 0.0078125 0.03046875
0 0.10625 0.3484375 0.015625 0.0296875
0 0.13125 0.3984375 0.015625 0.0453125
0 0.1234375 0.3984375 0.0125 0.04140625
0 0.48984375 0.04765625 0.00625 0.0359375
0 0.465625 0.571875 0.01015625 0.05234375
0 0.49375 0.04921875 0.0046875 0.0296875
0 0.48046875 0.04921875 0.00703125 0.0359375
0 0.3796875 0.6671875 0.0125 0.05859375
0 0.47890625 0.06328125 0.0078125 0.03984375
0 0.45625 0.7796875 0.01484375 0.0546875
0 0.490625 0.078125 0.01015625 0.04140625
0 0.00703125 0.93671875 0.01328125 0.04296875
0 0.4125 0.11015625 0.0078125 0.03203125
0 0.3859375 0.12109375 0.00703125 0.0390625