0 0.1328125 0.21015625 0.01640625 0.040625
0 0.153125 0.19296875 0.01640625 0.0421875
0 0.18125 0.215625 0.01796875 0.0390625
0 0.3328125 0.1671875 0.01171875 0.0390625
0 0.23359375 0.4453125 0.01640625 0.0265625
0 0.20546875 0.45 0.01640625 0.03203125
0 0.33828125 0.41015625 0.01640625 0.0234375
0 0.328125 0.428125 0.01640625 0.0234375
0 0.3125 0.43671875 0.01640625 0.02734375
0 0.29765625 0.43984375 0.01328125 0.02734375
0 0.2984375 0.421875 0.01484375 0.02421875
0 0.3078125 0.41171875 0.01484375 0.02734375
0 0.41484375 0.23828125 0.01328125 0.046875
0 0.51328125 0.17109375 0.01015625 0.03671875
0 0.47265625 0.57109375 0.01171875 0.046875
0 0.453125 0.58046875 0.02109375 0.02734375
0 0.465625 0.49765625 0.01640625 0.028125
0 0.453125 0.4828125 0.01640625 0.03125
0 0.44296875 0.503125 0.01640625 0.02421875
0 0.4296875 0.49765625 0.0140625 0.02421875
0 0.54453125 0.59375 0.01796875 0.02421875
0 0.5484375 0.575 0.028125 0.025
0 0.53046875 0.584375 0.01640625 0.03671875