0 0.18984375 0.546875 0.040625 0.10625
0 0.22109375 0.41953125 0.02890625 0.09375
0 0.1875 0.41328125 0.0296875 0.0984375
0 0.1734375 0.38828125 0.02265625 0.08515625
0 0.35390625 0.3328125 0.03125 0.0859375
0 0.734375 0.97578125 0.03828125 0.04609375
0 0.59375 0.271875 0.03125 0.10078125
0 0.58203125 0.17109375 0.02578125 0.08671875
0 0.7453125 0.07578125 0.0234375 0.09296875
0 0.5578125 0.16640625 0.0296875 0.08359375
0 0.53125 0.13359375 0.03359375 0.090625
0 0.56875 0.04140625 0.021875 0.0828125
0 0.55 0.0359375 0.0234375 0.071875
0 0.37265625 0.09375 0.02734375 0.08984375
0 0.9359375 0.07890625 0.03828125 0.09296875
0 0.953125 0.03046875 0.02265625 0.06015625
0 0.92421875 0.0328125 0.03046875 0.065625