0 0.325 0.1765625 0.0109375 0.02578125
0 0.51875 0.0703125 0.00546875 0.0265625
0 0.54765625 0.08359375 0.00703125 0.02265625
0 0.52734375 0.12421875 0.0078125 0.0234375
0 0.5140625 0.15 0.00859375 0.03515625
0 0.503125 0.159375 0.009375 0.02734375
0 0.51484375 0.2765625 0.00859375 0.021875
0 0.51640625 0.26875 0.009375 0.02265625
0 0.68359375 0.0515625 0.01015625 0.02265625
0 0.87109375 0.31171875 0.01875 0.0171875
0 0.75703125 0.85859375 0.02109375 0.0125
0 0.94921875 0.74296875 0.0203125 0.009375
0 0.81328125 0.46484375 0.01484375 0.02265625
0 0.8625 0.50078125 0.0125 0.0234375
0 0.84765625 0.51484375 0.01796875 0.01796875
0 0.8703125 0.53984375 0.01484375 0.0171875
0 0.83515625 0.5625 0.0203125 0.021875
0 0.90703125 0.61171875 0.0171875 0.01171875
0 0.85625 0.6296875 0.0125 0.01640625
0 0.525 0.896875 0.0109375 0.0171875
0 0.52578125 0.92578125 0.0125 0.01328125
0 0.5359375 0.86640625 0.01015625 0.021875
0 0.50703125 0.8125 0.0109375 0.01875
0 0.50625 0.896875 0.01171875 0.0203125
0 0.49609375 0.915625 0.00859375 0.0171875
0 0.54609375 0.64296875 0.0140625 0.0171875
0 0.55859375 0.746875 0.01640625 0.01640625
0 0.66796875 0.62578125 0.01171875 0.015625
0 0.52421875 0.47734375 0.0109375 0.01875
0 0.47421875 0.3921875 0.00859375 0.015625
0 0.61953125 0.296875 0.0109375 0.02890625
0 0.60859375 0.30078125 0.009375 0.02265625