0 0.60390625 0.18125 0.00703125 0.0203125
0 0.66796875 0.22890625 0.00625 0.02421875
0 0.6546875 0.2859375 0.00703125 0.02421875
0 0.68984375 0.32734375 0.00625 0.02421875
0 0.684375 0.3296875 0.00625 0.02578125
0 0.5890625 0.36875 0.01015625 0.0203125
0 0.1140625 0.371875 0.0109375 0.02421875
0 0.659375 0.41484375 0.00625 0.01875
0 0.665625 0.41875 0.00859375 0.0203125
0 0.56328125 0.50625 0.00546875 0.0203125
0 0.6765625 0.50859375 0.01015625 0.0171875
0 0.22578125 0.53046875 0.0109375 0.0203125
0 0.08671875 0.53515625 0.009375 0.02734375
0 0.7390625 0.65546875 0.0078125 0.02265625
0 0.7296875 0.66484375 0.00859375 0.03671875
0 0.61796875 0.6921875 0.00390625 0.0203125
0 0.62109375 0.6984375 0.0078125 0.02265625
0 0.215625 0.72578125 0.00703125 0.02578125
0 0.20859375 0.73046875 0.009375 0.02421875
0 0.234375 0.74765625 0.0109375 0.02265625
0 0.7625 0.80625 0.009375 0.021875
0 0.659375 0.85390625 0.00703125 0.02265625
0 0.66484375 0.8546875 0.00546875 0.01875
0 0.77890625 0.91015625 0.0109375 0.0203125
0 0.78203125 0.93671875 0.00859375 0.021875
0 0.63359375 0.10078125 0.00390625 0.01875
0 0.6296875 0.10234375 0.00390625 0.01875