0 0.51640625 0.83828125 0.015625 0.0625
0 0.290625 0.85625 0.0171875 0.0546875
0 0.38359375 0.5921875 0.01484375 0.05078125
0 0.2484375 0.4875 0.015625 0.04921875
0 0.059375 0.48125 0.01484375 0.04375
0 0.1078125 0.165625 0.0125 0.03828125
0 0.3984375 0.27578125 0.01328125 0.04296875
0 0.34765625 0.1640625 0.0109375 0.04296875
0 0.53359375 0.53125 0.01328125 0.04765625
0 0.66484375 0.375 0.01171875 0.04296875
0 0.8109375 0.32890625 0.01171875 0.040625
0 0.5453125 0.1921875 0.009375 0.03828125
0 0.52734375 0.06640625 0.00703125 0.03515625
0 0.04765625 0.32109375 0.015625 0.05078125
0 0.10234375 0.10625 0.01015625 0.028125
0 0.9203125 0.53515625 0.0171875 0.05078125