0 0.40234375 0.234375 0.00625 0.0296875
0 0.43515625 0.271875 0.00859375 0.03203125
0 0.4109375 0.28046875 0.009375 0.02734375
0 0.45 0.2828125 0.0078125 0.040625
0 0.45390625 0.2984375 0.009375 0.03125
0 0.57578125 0.33671875 0.0078125 0.0375
0 0.4328125 0.38203125 0.0125 0.03671875
0 0.4578125 0.38984375 0.00859375 0.03515625
0 0.46015625 0.41015625 0.0078125 0.0203125
0 0.42734375 0.41484375 0.0078125 0.0375
0 0.421875 0.45 0.00625 0.0296875
0 0.4609375 0.46171875 0.00703125 0.03359375
0 0.425 0.46328125 0.00703125 0.03671875
0 0.440625 0.51015625 0.0125 0.0390625
0 0.7171875 0.5421875 0.01171875 0.04140625
0 0.5203125 0.5953125 0.0125 0.0375
0 0.53828125 0.5984375 0.0109375 0.021875
0 0.53984375 0.6140625 0.0109375 0.03359375
0 0.50234375 0.61875 0.00859375 0.0375
0 0.5203125 0.625 0.00859375 0.0296875
0 0.5125 0.62734375 0.0078125 0.03125
0 0.81875 0.73828125 0.0234375 0.03515625
0 0.39921875 0.746875 0.0125 0.0375
0 0.8046875 0.7640625 0.0140625 0.040625
0 0.634375 0.7828125 0.01328125 0.0375
0 0.66640625 0.821875 0.0234375 0.02734375
0 0.67734375 0.8734375 0.0109375 0.04296875
0 0.871875 0.96328125 0.02890625 0.04140625
0 0.4 0.11484375 0.00703125 0.02734375