0 0.52734375 0.19296875 0.0125 0.04375
0 0.58125 0.20546875 0.01171875 0.0359375
0 0.62265625 0.24609375 0.01328125 0.04140625
0 0.5546875 0.23671875 0.0125 0.03828125
0 0.459375 0.31328125 0.0125 0.04375
0 0.55390625 0.39140625 0.0125 0.04375
0 0.55546875 0.334375 0.01328125 0.03671875
0 0.49453125 0.23671875 0.0125 0.028125
0 0.571875 0.353125 0.01953125 0.02421875
0 0.43125 0.4671875 0.015625 0.0390625
0 0.46875 0.47734375 0.0140625 0.0296875
0 0.50703125 0.49765625 0.0140625 0.0296875
0 0.55703125 0.54140625 0.0140625 0.0296875
0 0.48125 0.596875 0.0140625 0.03046875
0 0.4171875 0.675 0.01484375 0.03203125
0 0.38359375 0.6578125 0.0140625 0.02578125
0 0.01484375 0.41953125 0.0296875 0.034375
0 0.009375 0.41484375 0.0140625 0.01875