0 0.940625 0.48125 0.0265625 0.05
0 0.825 0.28203125 0.0140625 0.03984375
0 0.753125 0.34765625 0.0140625 0.0484375
0 0.7421875 0.3515625 0.01015625 0.04140625
0 0.7234375 0.11875 0.01328125 0.03359375
0 0.53671875 0.7734375 0.015625 0.0640625
0 0.5515625 0.4765625 0.0125 0.0453125
0 0.67890625 0.33359375 0.0109375 0.04375
0 0.56484375 0.1546875 0.00703125 0.03828125
0 0.32578125 0.7875 0.0140625 0.05390625
0 0.41015625 0.5484375 0.01875 0.05078125
0 0.26953125 0.4421875 0.01015625 0.04921875
0 0.4125 0.2375 0.01328125 0.04453125
0 0.37265625 0.1296875 0.01328125 0.03984375
0 0.12734375 0.1296875 0.01015625 0.03671875
0 0.0890625 0.43515625 0.0125 0.04453125