0 0.00625 0.16171875 0.01171875 0.0140625
0 0.059375 0.16875 0.015625 0.01015625
0 0.08203125 0.20703125 0.0125 0.01171875
0 0.18515625 0.21640625 0.01015625 0.01796875
0 0.1921875 0.21796875 0.01015625 0.0203125
0 0.0703125 0.253125 0.01328125 0.01640625
0 0.059375 0.2765625 0.01328125 0.0140625
0 0.16796875 0.27734375 0.01015625 0.0140625
0 0.0484375 0.28046875 0.0125 0.01015625
0 0.08359375 0.284375 0.0109375 0.01796875
0 0.16171875 0.284375 0.0109375 0.01796875
0 0.0515625 0.28828125 0.0125 0.01171875
0 0.16328125 0.40234375 0.01171875 0.01796875
0 0.13828125 0.41484375 0.0125 0.0140625
0 0.6671875 0.4359375 0.01015625 0.01015625
0 0.63046875 0.4515625 0.01015625 0.01015625
0 0.64296875 0.46171875 0.009375 0.015625
0 0.59921875 0.47265625 0.0078125 0.01875
0 0.61953125 0.4796875 0.009375 0.01328125
0 0.028125 0.54296875 0.009375 0.0125
0 0.3375 0.7671875 0.009375 0.01015625
0 0.31328125 0.86953125 0.009375 0.01328125