0 0.0796875 0.16328125 0.00703125 0.0203125
0 0.29296875 0.19453125 0.00546875 0.01640625
0 0.3078125 0.21640625 0.00546875 0.0171875
0 0.8734375 0.6140625 0.0078125 0.02265625
0 0.32890625 0.61796875 0.00546875 0.0125
0 0.9046875 0.6453125 0.0078125 0.01328125
0 0.3359375 0.6765625 0.00390625 0.01328125
0 0.70546875 0.78828125 0.01015625 0.01015625
0 0.7828125 0.8 0.0078125 0.009375
0 0.8046875 0.80859375 0.009375 0.00703125
0 0.8046875 0.81640625 0.0078125 0.00703125
0 0.38515625 0.8578125 0.00625 0.0109375
0 0.39296875 0.86640625 0.00390625 0.009375
0 0.1171875 0.875 0.00703125 0.0078125
0 0.915625 0.8953125 0.01015625 0.01015625
0 0.05859375 0.93359375 0.01015625 0.0171875
0 0.00234375 0.95234375 0.0046875 0.0140625
0 0.08984375 0.96171875 0.0078125 0.01640625