0 0.2203125 0.10546875 0.0296875 0.05546875
0 0.39375 0.228125 0.0234375 0.04375
0 0.4140625 0.2328125 0.02578125 0.0515625
0 0.01328125 0.24140625 0.0265625 0.028125
0 0.04453125 0.31640625 0.05 0.02421875
0 0.0484375 0.3390625 0.05625 0.02890625
0 0.13515625 0.3390625 0.059375 0.046875
0 0.05859375 0.36953125 0.06484375 0.02734375
0 0.43046875 0.4171875 0.02578125 0.02578125
0 0.4546875 0.4171875 0.02109375 0.02265625
0 0.4734375 0.434375 0.02421875 0.03671875
0 0.5984375 0.45390625 0.015625 0.02890625
0 0.6125 0.4578125 0.0171875 0.0359375
0 0.6359375 0.465625 0.01953125 0.03671875
0 0.4640625 0.4890625 0.02265625 0.02421875
0 0.44375 0.49609375 0.02734375 0.025
0 0.41015625 0.528125 0.028125 0.02890625
0 0.41875 0.5609375 0.02734375 0.0421875
0 0.46875 0.5921875 0.028125 0.02578125
0 0.446875 0.63046875 0.025 0.0453125
0 0.359375 0.66484375 0.0296875 0.04921875
0 0.46796875 0.059375 0.021875 0.071875
0 0.35859375 0.7171875 0.0328125 0.046875
0 0.40859375 0.73046875 0.02578125 0.03984375
0 0.3671875 0.77109375 0.02890625 0.0609375
0 0.81953125 0.77265625 0.028125 0.04375
0 0.79765625 0.8 0.040625 0.05546875
0 0.41328125 0.9671875 0.028125 0.065625