0 0.4578125 0.29921875 0.0140625 0.02890625
0 0.51953125 0.03828125 0.015625 0.02890625
0 0.2046875 0.04375 0.01328125 0.025
0 0.43203125 0.4359375 0.01015625 0.01953125
0 0.48125 0.5515625 0.01328125 0.02890625
0 0.2328125 0.05859375 0.01328125 0.0390625
0 0.27890625 0.74296875 0.01484375 0.025
0 0.32578125 0.775 0.0109375 0.015625
0 0.30546875 0.78125 0.01171875 0.021875
0 0.34375 0.78984375 0.01484375 0.04609375
0 0.25546875 0.08515625 0.0125 0.02890625
0 0.925 0.859375 0.02265625 0.01953125
0 0.3625 0.121875 0.02421875 0.046875