0 0.7828125 0.01484375 0.0109375 0.02890625
0 0.4734375 0.13984375 0.00625 0.01875
0 0.4671875 0.146875 0.00625 0.02421875
0 0.83359375 0.0203125 0.00703125 0.025
0 0.29453125 0.31953125 0.00859375 0.025
0 0.31640625 0.3265625 0.009375 0.02890625
0 0.303125 0.32734375 0.0109375 0.028125
0 0.415625 0.3375 0.00703125 0.0328125
0 0.4375 0.365625 0.00703125 0.0328125
0 0.434375 0.3703125 0.0078125 0.03046875
0 0.40390625 0.38203125 0.00546875 0.0328125
0 0.30859375 0.3890625 0.0078125 0.0265625
0 0.3203125 0.38984375 0.00703125 0.03046875
0 0.31484375 0.3921875 0.009375 0.03046875
0 0.4484375 0.40390625 0.00703125 0.028125
0 0.48515625 0.4171875 0.00625 0.03046875
0 0.4140625 0.44375 0.00703125 0.0265625
0 0.82578125 0.04609375 0.009375 0.02890625
0 0.48359375 0.49921875 0.0078125 0.0265625
0 0.409375 0.51171875 0.00859375 0.028125
0 0.43515625 0.52734375 0.0078125 0.0265625
0 0.46953125 0.56953125 0.00703125 0.02265625
0 0.49765625 0.0578125 0.00546875 0.03203125
0 0.41484375 0.59609375 0.00859375 0.028125
0 0.4140625 0.6265625 0.01015625 0.03046875
0 0.45703125 0.63359375 0.00859375 0.02421875
0 0.37734375 0.72890625 0.009375 0.02890625
0 0.3765625 0.746875 0.009375 0.0265625
0 0.409375 0.8671875 0.009375 0.0265625
0 0.8046875 0.00859375 0.009375 0.0171875
0 0.72890625 0.009375 0.0078125 0.01875
0 0.51640625 0.009375 0.0046875 0.01875
0 0.365625 0.8890625 0.0125 0.02890625
0 0.3796875 0.903125 0.01171875 0.021875
0 0.39140625 0.92734375 0.0109375 0.025
0 0.34375 0.95078125 0.01015625 0.03046875
0 0.38046875 0.971875 0.0125 0.02265625
0 0.3859375 0.9875 0.01015625 0.02265625
0 0.75234375 0.01015625 0.0078125 0.0203125
0 0.50859375 0.01015625 0.00390625 0.0203125
0 0.74765625 0.01171875 0.01015625 0.02265625
0 0.5015625 0.0109375 0.00390625 0.01640625
0 0.490625 0.01171875 0.009375 0.0234375