0 0.621875 0.165625 0.00703125 0.0328125
0 0.62890625 0.17265625 0.00546875 0.02109375
0 0.63046875 0.1984375 0.00703125 0.02734375
0 0.6234375 0.2015625 0.0046875 0.02734375
0 0.6171875 0.203125 0.00703125 0.0265625
0 0.62421875 0.22109375 0.00546875 0.025
0 0.62890625 0.24296875 0.00625 0.0265625
0 0.634375 0.24765625 0.00703125 0.02890625
0 0.64140625 0.2484375 0.00625 0.01953125
0 0.62265625 0.259375 0.00703125 0.02734375
0 0.63125 0.31171875 0.0078125 0.0265625
0 0.65234375 0.325 0.00703125 0.02734375
0 0.63515625 0.3421875 0.00625 0.025
0 0.64296875 0.34921875 0.00703125 0.0234375
0 0.62421875 0.37109375 0.00859375 0.02890625
0 0.6484375 0.4125 0.00859375 0.02265625
0 0.6359375 0.41875 0.00703125 0.025
0 0.565625 0.03984375 0.00546875 0.0265625
0 0.65078125 0.446875 0.0078125 0.03046875
0 0.63359375 0.453125 0.00546875 0.02265625
0 0.628125 0.45625 0.00546875 0.0234375
0 0.63515625 0.46796875 0.00625 0.0265625
0 0.640625 0.46875 0.00625 0.02734375
0 0.65390625 0.46875 0.00703125 0.03046875
0 0.584375 0.04453125 0.0046875 0.01875
0 0.6390625 0.51875 0.00859375 0.03203125
0 0.66875 0.53046875 0.00703125 0.0265625
0 0.61484375 0.5703125 0.00703125 0.02734375
0 0.62890625 0.57421875 0.00703125 0.02734375
0 0.54765625 0.05546875 0.00625 0.0234375
0 0.6 0.584375 0.01171875 0.0234375
0 0.58515625 0.61875 0.00859375 0.0234375
0 0.60234375 0.63359375 0.0078125 0.02734375
0 0.27265625 0.6390625 0.009375 0.02734375
0 0.59140625 0.64609375 0.0078125 0.02265625
0 0.2703125 0.65703125 0.00703125 0.0265625
0 0.28515625 0.6625 0.00703125 0.03203125
0 0.60390625 0.6625 0.009375 0.0265625
0 0.58125 0.06328125 0.00546875 0.02109375
0 0.56640625 0.671875 0.00703125 0.0265625
0 0.27421875 0.678125 0.00703125 0.03203125
0 0.290625 0.6796875 0.00859375 0.0265625
0 0.17421875 0.684375 0.009375 0.0234375
0 0.57109375 0.6890625 0.00859375 0.025
0 0.2515625 0.69296875 0.009375 0.02890625
0 0.16484375 0.69296875 0.009375 0.02265625
0 0.228125 0.69453125 0.01171875 0.03046875
0 0.28125 0.69765625 0.00859375 0.0234375
0 0.2515625 0.70625 0.00859375 0.02734375
0 0.28203125 0.71015625 0.00703125 0.025
0 0.25390625 0.7171875 0.00859375 0.025
0 0.61015625 0.71953125 0.00703125 0.02734375
0 0.25703125 0.72265625 0.009375 0.02265625
0 0.56953125 0.73125 0.00625 0.02890625
0 0.05625 0.73203125 0.01484375 0.02109375
0 0.675 0.73515625 0.0078125 0.02890625
0 0.5859375 0.740625 0.00703125 0.025
0 0.25234375 0.74296875 0.00703125 0.0234375
0 0.2640625 0.74453125 0.01796875 0.01953125
0 0.18984375 0.7515625 0.0125 0.02734375
0 0.5640625 0.75546875 0.00546875 0.025
0 0.60234375 0.76015625 0.0078125 0.02890625
0 0.27265625 0.7625 0.009375 0.0265625
0 0.58046875 0.76484375 0.00625 0.025
0 0.24609375 0.76484375 0.0109375 0.02734375
0 0.5875 0.7796875 0.00546875 0.02109375
0 0.62890625 0.78671875 0.009375 0.02734375
0 0.63671875 0.7875 0.00703125 0.0265625
0 0.5828125 0.79140625 0.0078125 0.0265625
0 0.578125 0.0828125 0.0046875 0.01953125
0 0.62421875 0.86796875 0.0078125 0.0234375
0 0.77421875 0.8734375 0.00703125 0.02109375
0 0.65 0.87734375 0.00859375 0.0234375
0 0.71015625 0.87890625 0.01015625 0.02890625
0 0.64140625 0.8796875 0.00703125 0.0234375
0 0.67109375 0.88515625 0.009375 0.02109375
0 0.9453125 0.8859375 0.0109375 0.01171875
0 0.76484375 0.8859375 0.01328125 0.025
0 0.9640625 0.890625 0.0140625 0.02109375
0 0.8046875 0.890625 0.0078125 0.0234375
0 0.9578125 0.9046875 0.0125 0.01171875
0 0.66953125 0.9046875 0.0078125 0.02109375
0 0.81484375 0.9046875 0.01015625 0.0234375
0 0.68203125 0.91640625 0.01171875 0.025
0 0.98984375 0.91640625 0.0203125 0.0234375
0 0.81875 0.91796875 0.01171875 0.02890625
0 0.93984375 0.91953125 0.01796875 0.02109375
0 0.8328125 0.92109375 0.009375 0.0234375
0 0.9921875 0.93671875 0.009375 0.01328125
0 0.56875 0.09921875 0.00703125 0.0171875
0 0.57421875 0.10234375 0.0046875 0.01171875
0 0.59375 0.103125 0.00546875 0.01328125