0 0.684375 0.146875 0.00859375 0.02734375
0 0.67265625 0.1890625 0.00703125 0.02890625
0 0.69921875 0.2015625 0.009375 0.02890625
0 0.92109375 0.21875 0.01015625 0.0234375
0 0.665625 0.26171875 0.0078125 0.02578125
0 0.675 0.271875 0.00546875 0.01953125
0 0.65 0.2765625 0.00703125 0.025
0 0.67421875 0.4203125 0.00703125 0.0296875
0 0.68984375 0.47265625 0.009375 0.0234375
0 0.52421875 0.6125 0.0078125 0.0296875
0 0.534375 0.61875 0.00703125 0.03359375
0 0.59921875 0.0609375 0.00703125 0.02734375
0 0.4984375 0.0609375 0.00703125 0.02578125
0 0.6484375 0.6234375 0.009375 0.0296875
0 0.70078125 0.66875 0.0109375 0.025
0 0.6859375 0.68125 0.009375 0.02734375
0 0.70703125 0.746875 0.00859375 0.025
0 0.59921875 0.0765625 0.00625 0.02578125
0 0.70859375 0.959375 0.01171875 0.01953125
0 0.72109375 0.9671875 0.01171875 0.02109375
0 0.96015625 0.11875 0.01171875 0.02734375