0 0.49765625 0.97421875 0.0140625 0.05078125
0 0.9125 0.64296875 0.01875 0.05078125
0 0.8140625 0.4078125 0.0125 0.04140625
0 0.7484375 0.45546875 0.015625 0.04921875
0 0.740625 0.47890625 0.0109375 0.03984375
0 0.5453125 0.24296875 0.00859375 0.03984375
0 0.5328125 0.10390625 0.0078125 0.03359375
0 0.53515625 0.621875 0.015625 0.05
0 0.671875 0.440625 0.0109375 0.04453125
0 0.2265625 0.98515625 0.02109375 0.028125
0 0.35859375 0.665625 0.0171875 0.046875
0 0.2640625 0.55703125 0.015625 0.04921875
0 0.40078125 0.34921875 0.01015625 0.0421875
0 0.340625 0.21015625 0.009375 0.04453125
0 0.1875 0.01875 0.009375 0.034375
0 0.1125 0.12890625 0.0125 0.040625
0 0.11484375 0.209375 0.0109375 0.0375
0 0.04609375 0.55546875 0.0140625 0.0484375
0 0.028125 0.38046875 0.0234375 0.04921875