0 0.959375 0.87265625 0.03984375 0.10078125
0 0.77578125 0.7890625 0.03359375 0.09609375
0 0.87578125 0.6625 0.0296875 0.1046875
0 0.9328125 0.6 0.03359375 0.08515625
0 0.82734375 0.65234375 0.02578125 0.06953125
0 0.85 0.6421875 0.02890625 0.08984375
0 0.8546875 0.50703125 0.03359375 0.10390625
0 0.84375 0.47421875 0.02421875 0.0890625
0 0.8953125 0.396875 0.02890625 0.10078125
0 0.8359375 0.38046875 0.0328125 0.09609375
0 0.8953125 0.053125 0.02421875 0.10078125
0 0.45 0.13828125 0.0265625 0.09921875
0 0.4640625 0.02578125 0.01484375 0.0515625
0 0.3765625 0.02578125 0.01796875 0.0515625
0 0.30625 0.1984375 0.02734375 0.0984375
0 0.2875 0.178125 0.02265625 0.103125
0 0.25390625 0.24765625 0.02578125 0.08984375
0 0.2265625 0.22890625 0.02578125 0.08203125
0 0.184375 0.2 0.03359375 0.0984375
0 0.18828125 0.1171875 0.02421875 0.09375
0 0.23359375 0.3328125 0.03359375 0.09375
0 0.21796875 0.30078125 0.02265625 0.09921875
0 0.1546875 0.45078125 0.04296875 0.103125
0 0.1640625 0.38671875 0.03203125 0.08671875
0 0.1421875 0.371875 0.02421875 0.06640625
0 0.13671875 0.32890625 0.03671875 0.053125
0 0.075 0.33046875 0.03515625 0.084375
0 0.2078125 0.559375 0.0328125 0.09921875
0 0.1796875 0.54375 0.02890625 0.08203125
0 0.571875 0.73515625 0.028125 0.1
0 0.56796875 0.671875 0.0234375 0.08984375
0 0.553125 0.65546875 0.0296875 0.0953125
0 0.62734375 0.3703125 0.0265625 0.121875
0 0.5703125 0.328125 0.02734375 0.1109375
0 0.64453125 0.30390625 0.02265625 0.09140625
0 0.3359375 0.08046875 0.02890625 0.06953125
0 0.30546875 0.0328125 0.0296875 0.065625
0 0.984375 0.2421875 0.03046875 0.10078125