0 0.8171875 0.3015625 0.01875 0.0296875
0 0.78984375 0.31640625 0.0140625 0.034375
0 0.8296875 0.325 0.01875 0.03515625
0 0.334375 0.3328125 0.01875 0.034375
0 0.8015625 0.34609375 0.01328125 0.0359375
0 0.7890625 0.35703125 0.01015625 0.034375
0 0.72578125 0.36953125 0.01640625 0.0265625
0 0.23671875 0.37421875 0.02265625 0.02734375
0 0.26484375 0.3765625 0.01484375 0.0296875
0 0.8078125 0.39609375 0.015625 0.02265625
0 0.68671875 0.40859375 0.01484375 0.03828125
0 0.82109375 0.45390625 0.015625 0.03515625
0 0.590625 0.484375 0.0109375 0.02578125
0 0.91796875 0.49375 0.01953125 0.02421875
0 0.6671875 0.5140625 0.01640625 0.0359375
0 0.825 0.5265625 0.01484375 0.0296875
0 0.76484375 0.5765625 0.015625 0.02734375
0 0.87109375 0.58671875 0.0171875 0.03125
0 0.953125 0.59296875 0.02109375 0.02421875
0 0.7609375 0.60703125 0.009375 0.02265625
0 0.75078125 0.60859375 0.015625 0.0359375
0 0.65625 0.66875 0.0203125 0.034375
0 0.6421875 0.6984375 0.0203125 0.0328125
0 0.77734375 0.015625 0.0125 0.03125
0 0.86640625 0.81640625 0.01875 0.02578125
0 0.6421875 0.828125 0.021875 0.02265625
0 0.64375 0.90078125 0.0125 0.0234375
0 0.75 0.90234375 0.02265625 0.02890625
0 0.6546875 0.90625 0.01328125 0.02109375
0 0.8375 0.953125 0.01484375 0.034375
0 0.5453125 0.95546875 0.01640625 0.0328125
0 0.55859375 0.959375 0.015625 0.02578125