0 0.85078125 0.08515625 0.015625 0.04296875
0 0.66328125 0.11796875 0.01484375 0.02890625
0 0.70625 0.13828125 0.0140625 0.02109375
0 0.70703125 0.190625 0.01640625 0.0453125
0 0.69765625 0.1953125 0.01328125 0.0453125
0 0.81953125 0.2203125 0.0203125 0.0515625
0 0.61953125 0.25078125 0.01875 0.0328125
0 0.9703125 0.27734375 0.01640625 0.04921875
0 0.975 0.290625 0.01796875 0.03125
0 0.93046875 0.29609375 0.021875 0.04375
0 0.5890625 0.2984375 0.0140625 0.0484375
0 0.64296875 0.30546875 0.015625 0.0546875
0 0.82421875 0.309375 0.01875 0.05
0 0.8484375 0.3234375 0.02109375 0.05546875
0 0.79375 0.39921875 0.01953125 0.05546875
0 0.73671875 0.4140625 0.02578125 0.04609375
0 0.72109375 0.49375 0.02890625 0.06484375
0 0.97578125 0.53515625 0.03359375 0.065625