0 0.4234375 0.1875 0.009375 0.03203125
0 0.4734375 0.20234375 0.00546875 0.02421875
0 0.5546875 0.2046875 0.00859375 0.0265625
0 0.55859375 0.2109375 0.00703125 0.03203125
0 0.65078125 0.215625 0.009375 0.025
0 0.54921875 0.22890625 0.00625 0.02890625
0 0.62890625 0.240625 0.0078125 0.034375
0 0.559375 0.24140625 0.0078125 0.0328125
0 0.64296875 0.24375 0.01171875 0.03828125
0 0.45625 0.26015625 0.00859375 0.03828125
0 0.65234375 0.28671875 0.0078125 0.03046875
0 0.63125 0.30703125 0.02265625 0.0203125
0 0.5234375 0.3125 0.00859375 0.02265625
0 0.56328125 0.33984375 0.0046875 0.0203125
0 0.565625 0.3453125 0.00625 0.03515625
0 0.55546875 0.39609375 0.00703125 0.02265625
0 0.546875 0.41328125 0.00859375 0.03203125
0 0.5390625 0.04453125 0.00546875 0.028125
0 0.44609375 0.4515625 0.0078125 0.040625
0 0.41953125 0.45234375 0.01015625 0.034375
0 0.54609375 0.046875 0.00859375 0.025
0 0.5796875 0.48828125 0.00859375 0.02421875
0 0.56875 0.4953125 0.00703125 0.03046875
0 0.51796875 0.0515625 0.00546875 0.0265625
0 0.58125 0.51640625 0.009375 0.03828125
0 0.534375 0.05234375 0.00625 0.0265625
0 0.4328125 0.06328125 0.00625 0.025
0 0.42421875 0.08203125 0.00703125 0.02421875
0 0.459375 0.08984375 0.0046875 0.025
0 0.446875 0.09140625 0.00546875 0.03046875