0 0.34296875 0.87109375 0.03359375 0.09609375
0 0.346875 0.75078125 0.04765625 0.0875
0 0.35390625 0.78125 0.0390625 0.07890625
0 0.8484375 0.53359375 0.03515625 0.10703125
0 0.93671875 0.5375 0.03515625 0.10390625
0 0.9734375 0.5421875 0.0421875 0.10390625
0 0.87578125 0.3984375 0.025 0.07265625
0 0.91328125 0.4125 0.03203125 0.090625
0 0.89375 0.4046875 0.02890625 0.096875
0 0.803125 0.27578125 0.02578125 0.1109375
0 0.8296875 0.3078125 0.03203125 0.10625
0 0.91640625 0.23359375 0.02890625 0.10703125
0 0.934375 0.2484375 0.02734375 0.09765625
0 0.97734375 0.18359375 0.03828125 0.11640625
0 0.9109375 0.13203125 0.03515625 0.0875
0 0.68203125 0.0953125 0.0234375 0.11484375
0 0.59296875 0.09296875 0.021875 0.11328125
0 0.4203125 0.0421875 0.0234375 0.084375
0 0.4046875 0.0328125 0.01953125 0.06484375
0 0.36484375 0.09375 0.028125 0.096875
0 0.38125 0.19140625 0.02265625 0.1
0 0.3703125 0.16875 0.0140625 0.09453125
0 0.30703125 0.23984375 0.02421875 0.096875
0 0.2859375 0.2390625 0.0234375 0.096875
0 0.2765625 0.2125 0.01796875 0.09921875
0 0.2359375 0.13828125 0.0234375 0.09296875
0 0.20078125 0.24453125 0.03828125 0.0796875
0 0.0203125 0.3953125 0.040625 0.109375
0 0.0578125 0.5875 0.03359375 0.0921875
0 0.021875 0.840625 0.04375 0.11875
0 0.88203125 0.98203125 0.03359375 0.0359375