0 0.03515625 0.271875 0.03359375 0.03515625
0 0.18984375 0.29296875 0.025 0.0359375
0 0.2078125 0.29375 0.028125 0.02578125
0 0.22578125 0.30859375 0.02421875 0.03046875
0 0.19609375 0.3140625 0.02890625 0.02578125
0 0.18359375 0.325 0.0234375 0.034375
0 0.19375 0.3390625 0.0265625 0.03203125
0 0.190625 0.35234375 0.02734375 0.0265625
0 0.2140625 0.35625 0.02890625 0.02890625
0 0.5484375 0.553125 0.01953125 0.0296875
0 0.2390625 0.63515625 0.02421875 0.02890625
0 0.46953125 0.734375 0.01875 0.02734375
0 0.45 0.7671875 0.01875 0.021875
0 0.45078125 0.803125 0.01953125 0.02890625