0 0.996875 0.1625 0.00625 0.01484375
0 0.99765625 0.1734375 0.0046875 0.021875
0 0.96484375 0.184375 0.01484375 0.02734375
0 0.97109375 0.2015625 0.01171875 0.015625
0 0.8734375 0.19296875 0.0078125 0.01484375
0 0.87578125 0.1765625 0.01484375 0.0203125
0 0.85703125 0.1046875 0.0125 0.0234375
0 0.7265625 0.11875 0.009375 0.028125
0 0.7046875 0.08125 0.01015625 0.02734375
0 0.46875 0.084375 0.00625 0.0140625
0 0.34375 0.10234375 0.00859375 0.02734375
0 0.115625 0.21640625 0.0140625 0.02265625
0 0.0234375 0.2515625 0.01796875 0.01953125