0 0.14453125 0.16015625 0.009375 0.021875
0 0.14609375 0.17265625 0.01171875 0.02890625
0 0.83984375 0.21640625 0.01484375 0.03203125
0 0.92421875 0.30859375 0.0125 0.034375
0 0.37578125 0.33515625 0.01328125 0.02265625
0 0.35078125 0.33984375 0.01640625 0.0234375
0 0.9359375 0.425 0.01875 0.03046875
0 0.8484375 0.05078125 0.01640625 0.034375
0 0.9078125 0.51953125 0.021875 0.02734375
0 0.8546875 0.54296875 0.01796875 0.02734375
0 0.078125 0.56015625 0.02890625 0.02578125
0 0.15625 0.6 0.02109375 0.02890625
0 0.9875 0.6828125 0.02109375 0.025
0 0.0375 0.70390625 0.02890625 0.025
0 0.796875 0.0875 0.01171875 0.03203125