0 0.909375 0.859375 0.0171875 0.05
0 0.93125 0.47890625 0.0171875 0.04296875
0 0.86875 0.30859375 0.0125 0.04296875
0 0.68828125 0.24296875 0.009375 0.0421875
0 0.67890625 0.234375 0.00859375 0.04296875
0 0.76328125 0.1671875 0.0109375 0.034375
0 0.61875 0.22890625 0.01171875 0.03828125
0 0.53671875 0.08828125 0.009375 0.0375
0 0.52421875 0.3296875 0.009375 0.04140625
0 0.70703125 0.06484375 0.009375 0.03203125
0 0.53828125 0.52734375 0.01328125 0.05078125
0 0.08828125 0.36796875 0.0140625 0.04296875
0 0.2859375 0.315625 0.01015625 0.04296875
0 0.365625 0.5546875 0.01875 0.04921875
0 0.378125 0.384375 0.0125 0.03984375
0 0.39296875 0.171875 0.0109375 0.0390625
0 0.3796875 0.08125 0.01015625 0.03515625
0 0.1328125 0.08359375 0.015625 0.0265625
0 0.140625 0.0484375 0.0125 0.0359375