0 0.12734375 0.33359375 0.01171875 0.02265625
0 0.33828125 0.41328125 0.0109375 0.025
0 0.33203125 0.40390625 0.0078125 0.025
0 0.35 0.02109375 0.0078125 0.03046875
0 0.36171875 0.01953125 0.01015625 0.03359375
0 0.4703125 0.03046875 0.00859375 0.02890625
0 0.5234375 0.06171875 0.00625 0.02734375
0 0.540625 0.065625 0.0078125 0.02421875
0 0.5375 0.0859375 0.0078125 0.025
0 0.57578125 0.07890625 0.00625 0.03046875
0 0.51796875 0.10234375 0.0078125 0.02578125
0 0.51953125 0.1734375 0.01015625 0.02890625
0 0.45625 0.12890625 0.00859375 0.028125
0 0.4921875 0.22734375 0.0078125 0.02265625
0 0.55390625 0.24375 0.01015625 0.025
0 0.44453125 0.33515625 0.00703125 0.01953125
0 0.33671875 0.36328125 0.01171875 0.02578125
0 0.41328125 0.46796875 0.00859375 0.01796875
0 0.29375 0.3953125 0.0140625 0.02890625
0 0.6015625 0.84140625 0.01484375 0.02421875
0 0.55390625 0.90234375 0.01171875 0.01875
0 0.75078125 0.69375 0.01640625 0.01796875
0 0.75625 0.72734375 0.01484375 0.01640625
0 0.7625 0.7109375 0.015625 0.0125
0 0.85078125 0.25546875 0.01484375 0.02578125
0 0.584375 0.1703125 0.01171875 0.02265625
0 0.578125 0.18671875 0.00859375 0.021875