0 0.33046875 0.14296875 0.009375 0.05546875
0 0.00703125 0.15703125 0.0140625 0.05546875
0 0.22890625 0.16484375 0.01015625 0.028125
0 0.2515625 0.1703125 0.01328125 0.05390625
0 0.31328125 0.1734375 0.0109375 0.034375
0 0.2984375 0.17734375 0.0140625 0.03203125
0 0.23125 0.18359375 0.015625 0.03203125
0 0.3421875 0.1859375 0.0109375 0.040625
0 0.23828125 0.21015625 0.01171875 0.02890625
0 0.459375 0.021875 0.01328125 0.04375
0 0.521875 0.02265625 0.0078125 0.0453125
0 0.51640625 0.02734375 0.009375 0.05390625
0 0.60859375 0.028125 0.015625 0.053125
0 0.53828125 0.03515625 0.0109375 0.04921875
0 0.54765625 0.03671875 0.0140625 0.0359375
0 0.11328125 0.4265625 0.01640625 0.028125
0 0.39375 0.43203125 0.015625 0.07265625
0 0.575 0.496875 0.025 0.06484375
0 0.475 0.05 0.0109375 0.053125
0 0.13125 0.05078125 0.01953125 0.0515625
0 0.10234375 0.05859375 0.01875 0.05390625
0 0.39765625 0.65078125 0.01953125 0.06640625
0 0.75859375 0.675 0.02734375 0.059375
0 0.4546875 0.071875 0.0125 0.04921875
0 0.27421875 0.89453125 0.028125 0.06640625
0 0.43515625 0.09609375 0.0078125 0.05703125
0 0.38125 0.096875 0.0125 0.053125
0 0.44921875 0.096875 0.01171875 0.05
0 0.69140625 0.99453125 0.0203125 0.0109375
0 0.1875 0.1015625 0.01484375 0.0578125
0 0.33359375 0.1078125 0.00859375 0.040625
0 0.325 0.115625 0.00859375 0.0359375
0 0.08984375 0.11875 0.02421875 0.05390625
0 0.13828125 0.11875 0.0203125 0.05
0 0.2375 0.12265625 0.01328125 0.05546875
0 0.3421875 0.1265625 0.01015625 0.04921875