0 0.1625 0.71171875 0.02265625 0.009375
0 0.3390625 0.05703125 0.0078125 0.0265625
0 0.7171875 0.059375 0.01015625 0.0265625
0 0.06015625 0.80078125 0.0234375 0.01171875
0 0.06484375 0.81015625 0.01953125 0.0140625
0 0.80390625 0.0671875 0.009375 0.01484375
0 0.3265625 0.06796875 0.01171875 0.02421875
0 0.615625 0.84765625 0.01328125 0.01875
0 0.6625 0.071875 0.0078125 0.02265625
0 0.1984375 0.86484375 0.01640625 0.0109375
0 0.7921875 0.071875 0.009375 0.01875
0 0.59375 0.07265625 0.0078125 0.02421875
0 0.15625 0.8859375 0.01875 0.015625
0 0.61875 0.0828125 0.00703125 0.0234375
0 0.61171875 0.08671875 0.00546875 0.0140625
0 0.3296875 0.09921875 0.01015625 0.0265625
0 0.7296875 0.103125 0.0109375 0.0234375
0 0.27109375 0.00390625 0.01171875 0.00703125
0 0.74375 0.10703125 0.00859375 0.02421875
0 0.60078125 0.11015625 0.00859375 0.025
0 0.56015625 0.115625 0.00625 0.0203125
0 0.24609375 0.0046875 0.01171875 0.00859375
0 0.55 0.12265625 0.00625 0.021875
0 0.55859375 0.12890625 0.00703125 0.02578125
0 0.55234375 0.13125 0.00625 0.025
0 0.6046875 0.13203125 0.009375 0.02421875
0 0.5796875 0.140625 0.01015625 0.02421875
0 0.58359375 0.15078125 0.00625 0.02421875
0 0.50078125 0.153125 0.00625 0.0203125
0 0.64609375 0.16875 0.009375 0.0203125
0 0.721875 0.1828125 0.01015625 0.0203125
0 0.3484375 0.1859375 0.00703125 0.015625
0 0.7578125 0.19140625 0.01328125 0.02578125
0 0.5828125 0.2 0.0078125 0.0140625
0 0.2921875 0.009375 0.0109375 0.01875
0 0.79375 0.21015625 0.01171875 0.02265625
0 0.259375 0.00859375 0.009375 0.0171875
0 0.4046875 0.22578125 0.01015625 0.02890625
0 0.3765625 0.2265625 0.00859375 0.02109375
0 0.38671875 0.22890625 0.00859375 0.0203125
0 0.35234375 0.23203125 0.0078125 0.01484375
0 0.5515625 0.2390625 0.00625 0.0203125
0 0.5625 0.24140625 0.00703125 0.0203125
0 0.56953125 0.24140625 0.00546875 0.0203125
0 0.55703125 0.24453125 0.00625 0.0140625
0 0.83046875 0.01015625 0.01015625 0.0203125
0 0.5640625 0.01171875 0.00625 0.0234375
0 0.75625 0.26484375 0.0109375 0.02109375
0 0.08828125 0.26875 0.01171875 0.01328125
0 0.82265625 0.271875 0.01171875 0.01953125
0 0.834375 0.27578125 0.01484375 0.01875
0 0.82109375 0.27890625 0.015625 0.01796875
0 0.3046875 0.01328125 0.0078125 0.0265625
0 0.56953125 0.01328125 0.00546875 0.02109375
0 0.2875 0.01328125 0.009375 0.02265625
0 0.828125 0.28984375 0.01328125 0.0234375
0 0.38046875 0.28984375 0.01171875 0.0171875
0 0.8125 0.29375 0.01640625 0.025
0 0.559375 0.01484375 0.00546875 0.01953125
0 0.15390625 0.29609375 0.0140625 0.021875
0 0.38984375 0.29609375 0.009375 0.01875
0 0.50546875 0.3078125 0.0109375 0.02265625
0 0.4078125 0.3140625 0.00859375 0.0203125
0 0.86484375 0.315625 0.01171875 0.015625
0 0.8796875 0.31953125 0.015625 0.02109375
0 0.6921875 0.01796875 0.0125 0.02578125
0 0.82578125 0.01796875 0.01015625 0.02109375
0 0.884375 0.340625 0.0171875 0.0234375
0 0.3328125 0.340625 0.0109375 0.01875
0 0.89296875 0.3453125 0.01484375 0.0203125
0 0.3109375 0.01953125 0.0078125 0.021875
0 0.8671875 0.3515625 0.015625 0.02265625
0 0.56796875 0.02109375 0.00625 0.02109375
0 0.83125 0.36953125 0.01328125 0.01875
0 0.86484375 0.37109375 0.01640625 0.021875
0 0.9 0.3796875 0.01640625 0.0203125
0 0.91953125 0.403125 0.01796875 0.01953125
0 0.88828125 0.41015625 0.0171875 0.021875
0 0.28359375 0.0265625 0.0109375 0.0265625
0 0.92421875 0.41484375 0.0171875 0.0171875
0 0.9125 0.41875 0.015625 0.01875
0 0.89765625 0.425 0.0140625 0.015625
0 0.7078125 0.440625 0.01328125 0.0140625
0 0.71953125 0.44375 0.00859375 0.01015625
0 0.75703125 0.0296875 0.0078125 0.0234375
0 0.7046875 0.45078125 0.01015625 0.01484375
0 0.71484375 0.45625 0.01015625 0.015625
0 0.825 0.0359375 0.0109375 0.01953125
0 0.91484375 0.5109375 0.01796875 0.01953125
0 0.36796875 0.5421875 0.0109375 0.0171875
0 0.35390625 0.55703125 0.01328125 0.015625
0 0.33203125 0.56328125 0.01171875 0.015625
0 0.3578125 0.571875 0.01015625 0.015625
0 0.32578125 0.57578125 0.01171875 0.015625
0 0.9890625 0.59453125 0.021875 0.0140625
0 0.99609375 0.60703125 0.0078125 0.015625
0 0.39453125 0.6234375 0.015625 0.015625
0 0.38125 0.63203125 0.01015625 0.01015625
0 0.5890625 0.04921875 0.0078125 0.0265625
0 0.8234375 0.05078125 0.00859375 0.01484375
0 0.7171875 0.0515625 0.01015625 0.025
0 0.14296875 0.6921875 0.01796875 0.01328125
0 0.70078125 0.0546875 0.01171875 0.025