0 0.9671875 0.959375 0.028125 0.02890625
0 0.946875 0.978125 0.0328125 0.025
0 0.9390625 0.4125 0.02578125 0.0171875
0 0.671875 0.42109375 0.0125 0.0171875
0 0.95625 0.42890625 0.025 0.01796875
0 0.67578125 0.4375 0.01328125 0.01875
0 0.90078125 0.43828125 0.02578125 0.01640625
0 0.93046875 0.44140625 0.0234375 0.0203125
0 0.75703125 0.4421875 0.02109375 0.01328125
0 0.90625 0.446875 0.0296875 0.01875
0 0.8546875 0.4484375 0.025 0.0171875
0 0.75859375 0.44921875 0.02109375 0.01328125
0 0.43671875 0.45703125 0.0140625 0.01875
0 0.9484375 0.4578125 0.0265625 0.01796875
0 0.496875 0.4625 0.01328125 0.01796875
0 0.86328125 0.4640625 0.02265625 0.01796875
0 0.9515625 0.46796875 0.028125 0.0203125
0 0.64609375 0.46796875 0.015625 0.0140625
0 0.7625 0.46953125 0.0140625 0.015625
0 0.559375 0.47109375 0.01796875 0.02109375
0 0.925 0.471875 0.03046875 0.021875
0 0.49453125 0.475 0.01640625 0.0171875
0 0.4625 0.47734375 0.00859375 0.0140625
0 0.65546875 0.47890625 0.009375 0.01796875
0 0.87109375 0.4796875 0.02421875 0.01796875
0 0.34296875 0.48203125 0.01796875 0.01640625
0 0.46484375 0.4875 0.009375 0.0125
0 0.88671875 0.4890625 0.02421875 0.01796875
0 0.98359375 0.4890625 0.02734375 0.021875
0 0.559375 0.4890625 0.01484375 0.01796875
0 0.421875 0.490625 0.01015625 0.01640625
0 0.9875 0.50078125 0.0234375 0.02109375
0 0.92265625 0.5015625 0.025 0.01640625
0 0.35078125 0.5015625 0.02109375 0.0140625
0 0.56015625 0.50625 0.0140625 0.0203125
0 0.8953125 0.51015625 0.025 0.01640625
0 0.921875 0.51015625 0.02578125 0.015625
0 0.53203125 0.51484375 0.009375 0.01796875
0 0.68359375 0.5171875 0.01953125 0.01328125
0 0.240625 0.51796875 0.02265625 0.01796875
0 0.52578125 0.5203125 0.01171875 0.015625
0 0.6203125 0.52265625 0.01015625 0.0171875
0 0.76328125 0.525 0.01640625 0.0125
0 0.8484375 0.52890625 0.0265625 0.0140625
0 0.56875 0.53125 0.0109375 0.015625
0 0.68359375 0.53125 0.01484375 0.01328125
0 0.89609375 0.53515625 0.025 0.0171875
0 0.7625 0.5359375 0.02109375 0.01328125
0 0.6015625 0.54296875 0.01640625 0.01875
0 0.346875 0.55546875 0.02109375 0.01875
0 0.6015625 0.55546875 0.0109375 0.01640625
0 0.98828125 0.85390625 0.02109375 0.025
0 0.89375 0.93125 0.02890625 0.021875
0 0.87890625 0.946875 0.0265625 0.02578125