0 0.1328125 0.22578125 0.015625 0.03984375
0 0.153125 0.209375 0.015625 0.040625
0 0.18046875 0.23125 0.01796875 0.03828125
0 0.32890625 0.18359375 0.01171875 0.03828125
0 0.23203125 0.45546875 0.01640625 0.02578125
0 0.20390625 0.46015625 0.01640625 0.03125
0 0.33359375 0.421875 0.01640625 0.02265625
0 0.3234375 0.4390625 0.015625 0.02265625
0 0.30859375 0.44765625 0.01640625 0.0265625
0 0.29453125 0.45078125 0.0125 0.0265625
0 0.2953125 0.4328125 0.0140625 0.0234375
0 0.30390625 0.42265625 0.0140625 0.0265625
0 0.40859375 0.253125 0.0125 0.04609375
0 0.5046875 0.1875 0.01015625 0.0359375
0 0.465625 0.57890625 0.01171875 0.04609375
0 0.44609375 0.58828125 0.02109375 0.0265625
0 0.45859375 0.50703125 0.01640625 0.02734375
0 0.44609375 0.4921875 0.01640625 0.03046875
0 0.43671875 0.5125 0.015625 0.0234375
0 0.4234375 0.50703125 0.01328125 0.0234375
0 0.5359375 0.6015625 0.01796875 0.0234375
0 0.5390625 0.5828125 0.02734375 0.025
0 0.521875 0.5921875 0.01640625 0.0359375