0 0.9109375 0.91796875 0.040625 0.10078125
0 0.86328125 0.78203125 0.0453125 0.10703125
0 0.84140625 0.63046875 0.03515625 0.096875
0 0.81875 0.61015625 0.04140625 0.0984375
0 0.765625 0.97109375 0.03203125 0.05625
0 0.6703125 0.95390625 0.034375 0.08984375
0 0.49140625 0.94140625 0.034375 0.09296875
0 0.4109375 0.9609375 0.03828125 0.0765625
0 0.434375 0.6203125 0.0296875 0.090625
0 0.31015625 0.64453125 0.03984375 0.09453125
0 0.115625 0.71796875 0.03515625 0.1015625
0 0.19921875 0.665625 0.034375 0.109375
0 0.178125 0.6453125 0.03359375 0.1
0 0.21640625 0.4609375 0.0390625 0.11171875
0 0.1015625 0.52890625 0.02890625 0.08359375
0 0.0859375 0.5015625 0.0234375 0.08515625
0 0.18671875 0.43203125 0.03515625 0.10390625
0 0.115625 0.2953125 0.03203125 0.10546875
0 0.1328125 0.309375 0.02734375 0.10078125
0 0.209375 0.26953125 0.03515625 0.09609375
0 0.31796875 0.24765625 0.03046875 0.10078125
0 0.296875 0.21171875 0.03046875 0.09609375
0 0.2109375 0.1265625 0.0203125 0.08671875
0 0.15703125 0.209375 0.02578125 0.10390625
0 0.29921875 0.1015625 0.0296875 0.09609375
0 0.028125 0.26953125 0.04453125 0.09921875
0 0.60390625 0.3140625 0.02578125 0.103125
0 0.5734375 0.290625 0.02265625 0.10390625
0 0.828125 0.13671875 0.02578125 0.084375
0 0.9625 0.02109375 0.03359375 0.04140625