0 0.3125 0.0078125 0.01640625 0.01484375
0 0.33203125 0.003125 0.0171875 0.00625
0 0.3671875 0.00703125 0.01875 0.0140625
0 0.39375 0.00546875 0.01484375 0.0109375
0 0.28828125 0.2765625 0.01953125 0.05
0 0.27578125 0.29140625 0.021875 0.053125
0 0.22265625 0.38046875 0.01484375 0.02734375
0 0.26015625 0.39765625 0.02734375 0.05625
0 0.27265625 0.3640625 0.02421875 0.0453125
0 0.26796875 0.45625 0.0265625 0.05234375
0 0.30625 0.42421875 0.025 0.05703125
0 0.36015625 0.353125 0.01875 0.0546875
0 0.3890625 0.37109375 0.02421875 0.05234375
0 0.384375 0.3171875 0.02265625 0.05546875
0 0.39921875 0.328125 0.01640625 0.05859375
0 0.42578125 0.334375 0.0203125 0.04765625
0 0.44453125 0.315625 0.02109375 0.04375
0 0.45078125 0.35234375 0.01875 0.0515625
0 0.4359375 0.415625 0.0203125 0.0546875
0 0.46015625 0.39609375 0.02421875 0.0625
0 0.4671875 0.403125 0.01484375 0.04453125
0 0.21796875 0.67890625 0.0359375 0.05
0 0.2109375 0.6453125 0.0328125 0.0375
0 0.3265625 0.6671875 0.02578125 0.0453125
0 0.41484375 0.78359375 0.0265625 0.0515625
0 0.3890625 0.9046875 0.02265625 0.05234375
0 0.41484375 0.90078125 0.025 0.04765625
0 0.54453125 0.85390625 0.01484375 0.0265625
0 0.559375 0.859375 0.01328125 0.03203125
0 0.575 0.8421875 0.0265625 0.03671875
0 0.5484375 0.83046875 0.02265625 0.03203125
0 0.63984375 0.84765625 0.02265625 0.059375
0 0.68359375 0.9875 0.0234375 0.025
0 0.78203125 0.9625 0.0296875 0.0390625
0 0.778125 0.93515625 0.02890625 0.03671875
0 0.70078125 0.83984375 0.02578125 0.0546875
0 0.67421875 0.840625 0.0234375 0.03984375
0 0.59765625 0.69921875 0.0234375 0.04921875
0 0.65703125 0.71953125 0.028125 0.05859375
0 0.67578125 0.7125 0.01953125 0.0484375
0 0.62734375 0.6953125 0.02421875 0.0546875
0 0.65078125 0.66015625 0.02578125 0.05390625
0 0.64296875 0.6 0.01875 0.053125
0 0.6515625 0.5234375 0.0203125 0.05
0 0.55 0.49453125 0.021875 0.05234375
0 0.571875 0.490625 0.0203125 0.0546875
0 0.5453125 0.44375 0.01953125 0.06171875
0 0.5875 0.44765625 0.01640625 0.053125
0 0.61171875 0.44765625 0.02109375 0.065625
0 0.609375 0.38671875 0.01875 0.04921875
0 0.6390625 0.4078125 0.0203125 0.0546875
0 0.7765625 0.2125 0.02421875 0.0578125
0 0.790625 0.20625 0.021875 0.05546875
0 0.91953125 0.1765625 0.02578125 0.0609375
0 0.8671875 0.2375 0.02578125 0.06328125
0 0.89375 0.23046875 0.02734375 0.05546875
0 0.8984375 0.2671875 0.025 0.059375
0 0.934375 0.2984375 0.02421875 0.0515625
0 0.52265625 0.32734375 0.0203125 0.05546875
0 0.5421875 0.26640625 0.0171875 0.0609375
0 0.54609375 0.33203125 0.0171875 0.065625
0 0.55625 0.3203125 0.01484375 0.04609375
0 0.575 0.30625 0.0171875 0.0671875
0 0.6140625 0.24765625 0.0203125 0.0578125
0 0.4203125 0.11484375 0.01796875 0.0671875
0 0.46015625 0.1453125 0.0171875 0.0625
0 0.47109375 0.184375 0.01640625 0.05859375
0 0.521875 0.23046875 0.02734375 0.0515625
0 0.496875 0.2046875 0.02421875 0.0515625
0 0.48359375 0.190625 0.0140625 0.05859375
0 0.55 0.20625 0.01640625 0.06328125
0 0.484375 0.153125 0.0171875 0.034375
0 0.50078125 0.171875 0.01640625 0.0515625
0 0.51796875 0.16484375 0.01953125 0.05
0 0.51953125 0.19453125 0.02109375 0.0546875
0 0.5125 0.1171875 0.01953125 0.05078125
0 0.52890625 0.12109375 0.015625 0.0625
0 0.540625 0.1015625 0.01640625 0.05625
0 0.553125 0.10078125 0.01328125 0.05625
0 0.56953125 0.1109375 0.01640625 0.0609375
0 0.584375 0.09921875 0.01640625 0.0609375
0 0.5625 0.19140625 0.01328125 0.053125
0 0.5453125 0.178125 0.01640625 0.0578125
0 0.5625 0.1609375 0.01640625 0.03203125
0 0.5765625 0.15390625 0.01640625 0.05390625
0 0.63359375 0.18046875 0.01875 0.05546875
0 0.63203125 0.14609375 0.01640625 0.05078125
0 0.6328125 0.1109375 0.015625 0.04296875
0 0.59921875 0.18515625 0.01875 0.05546875
0 0.6140625 0.17578125 0.01484375 0.0515625
0 0.60390625 0.15 0.01640625 0.02890625
0 0.61171875 0.09765625 0.0125 0.04296875
0 0.6140625 0.121875 0.01640625 0.05390625
0 0.59609375 0.09921875 0.0140625 0.034375
0 0.4984375 0.0265625 0.01875 0.053125
0 0.4421875 0.1265625 0.01875 0.05859375
0 0.42578125 0.04453125 0.01953125 0.05390625
0 0.44140625 0.0296875 0.0171875 0.05234375
0 0.5984375 0.140625 0.01640625 0.0421875
0 0.4375 0.090625 0.01640625 0.04296875
0 0.4515625 0.1 0.0171875 0.0484375
0 0.4796875 0.02890625 0.01484375 0.0453125
0 0.46171875 0.07109375 0.01875 0.065625
0 0.4765625 0.06328125 0.015625 0.0640625
0 0.46015625 0.021875 0.01640625 0.04296875
0 0.43359375 0.0109375 0.01484375 0.02109375
0 0.95 0.94765625 0.0390625 0.04296875