0 0.22109375 0.01015625 0.01015625 0.0203125
0 0.0828125 0.97734375 0.0234375 0.02890625
0 0.61328125 0.1515625 0.00546875 0.02734375
0 0.53046875 0.02578125 0.00625 0.01875
0 0.76015625 0.3234375 0.00859375 0.03125
0 0.55703125 0.040625 0.00546875 0.02265625
0 0.90703125 0.58359375 0.01953125 0.0265625
0 0.93515625 0.5921875 0.02421875 0.0296875
0 0.98671875 0.67890625 0.02578125 0.034375
0 0.9375 0.69375 0.021875 0.03125
0 0.0625 0.784375 0.0203125 0.03984375
0 0.09765625 0.8078125 0.02109375 0.0296875
0 0.04140625 0.81875 0.025 0.03046875
0 0.9875 0.84140625 0.02109375 0.02578125