0 0.0765625 0.60703125 0.01875 0.03203125
0 0.396875 0.97421875 0.0140625 0.021875
0 0.4171875 0.96875 0.0171875 0.03046875
0 0.40234375 0.89140625 0.0171875 0.0234375
0 0.9578125 0.63828125 0.03203125 0.0328125
0 0.9265625 0.53125 0.03046875 0.03671875
0 0.59140625 0.16796875 0.01328125 0.03984375
0 0.60234375 0.1171875 0.01015625 0.0328125
0 0.61484375 0.01796875 0.009375 0.0359375
0 0.4515625 0.0796875 0.0140625 0.03828125
0 0.47421875 0.0171875 0.01796875 0.03359375
0 0.0125 0.1203125 0.01796875 0.02578125
0 0.0046875 0.14375 0.009375 0.03125
0 0.265625 0.5078125 0.01640625 0.02890625