0 0.70078125 0.13203125 0.0109375 0.02109375
0 0.64453125 0.32578125 0.0109375 0.01953125
0 0.84765625 0.36640625 0.01015625 0.021875
0 0.2328125 0.57890625 0.00625 0.01328125
0 0.23828125 0.5859375 0.00703125 0.01015625
0 0.87890625 0.06171875 0.00703125 0.01328125
0 0.8640625 0.065625 0.009375 0.01796875
0 0.3140625 0.73671875 0.00546875 0.0140625
0 0.86796875 0.075 0.00703125 0.01171875
0 0.31953125 0.7453125 0.00625 0.01015625
0 0.23828125 0.77109375 0.00625 0.01015625
0 0.24609375 0.7796875 0.009375 0.01171875
0 0.55390625 0.9296875 0.0125 0.01328125