0 0.66875 0.1453125 0.00859375 0.0265625
0 0.65703125 0.18671875 0.00703125 0.028125
0 0.68359375 0.19921875 0.009375 0.028125
0 0.89921875 0.215625 0.01015625 0.02265625
0 0.65 0.2578125 0.0078125 0.025
0 0.659375 0.2671875 0.0046875 0.01875
0 0.6359375 0.271875 0.00703125 0.02421875
0 0.659375 0.41171875 0.00703125 0.02890625
0 0.67421875 0.46328125 0.009375 0.02265625
0 0.51328125 0.6 0.0078125 0.02890625
0 0.52265625 0.60546875 0.00703125 0.0328125
0 0.5859375 0.06171875 0.00703125 0.0265625
0 0.4875 0.0625 0.00703125 0.025
0 0.63359375 0.61015625 0.009375 0.02890625
0 0.684375 0.65390625 0.0109375 0.02421875
0 0.6703125 0.6671875 0.009375 0.0265625
0 0.690625 0.73046875 0.00859375 0.02421875
0 0.5859375 0.07734375 0.00625 0.025
0 0.6921875 0.9375 0.01171875 0.01875
0 0.7046875 0.9453125 0.01171875 0.0203125
0 0.9375 0.11875 0.01171875 0.0265625