0 0.99296875 0.97109375 0.01328125 0.03046875
0 0.9796875 0.9890625 0.03515625 0.021875
0 0.97109375 0.390625 0.02734375 0.01796875
0 0.6875 0.4 0.01328125 0.01796875
0 0.9875 0.40859375 0.02421875 0.01953125
0 0.6921875 0.4171875 0.0140625 0.0203125
0 0.93046875 0.41875 0.02734375 0.0171875
0 0.96171875 0.421875 0.025 0.02109375
0 0.778125 0.421875 0.02265625 0.0140625
0 0.93671875 0.42734375 0.03203125 0.0203125
0 0.88125 0.42890625 0.0265625 0.01796875
0 0.77890625 0.43046875 0.021875 0.0140625
0 0.4375 0.43828125 0.01484375 0.0203125
0 0.98046875 0.4390625 0.028125 0.01953125
0 0.5015625 0.44375 0.0140625 0.01953125
0 0.890625 0.44609375 0.02421875 0.01953125
0 0.984375 0.45 0.0296875 0.02109375
0 0.6609375 0.45 0.01640625 0.01484375
0 0.784375 0.4515625 0.01484375 0.01640625
0 0.56875 0.45390625 0.01875 0.021875
0 0.95625 0.45390625 0.0328125 0.0234375
0 0.5 0.4578125 0.0171875 0.01796875
0 0.46484375 0.46015625 0.009375 0.01484375
0 0.6703125 0.4609375 0.01015625 0.01953125
0 0.8984375 0.4625 0.02578125 0.01953125
0 0.3390625 0.46484375 0.01875 0.0171875
0 0.46796875 0.4703125 0.01015625 0.01328125
0 0.91484375 0.471875 0.02578125 0.01953125
0 0.56875 0.471875 0.015625 0.01953125
0 0.42265625 0.47421875 0.0109375 0.0171875
0 0.953125 0.48515625 0.0265625 0.0171875
0 0.34765625 0.48515625 0.021875 0.01484375
0 0.56875 0.490625 0.01484375 0.02109375
0 0.925 0.49453125 0.0265625 0.0171875
0 0.953125 0.4953125 0.02734375 0.01640625
0 0.5390625 0.49921875 0.01015625 0.01953125
0 0.7 0.50234375 0.0203125 0.0140625
0 0.23046875 0.50234375 0.02421875 0.01953125
0 0.5328125 0.5046875 0.0125 0.01640625
0 0.6328125 0.5078125 0.0109375 0.01796875
0 0.784375 0.5109375 0.0171875 0.01328125
0 0.875 0.51484375 0.028125 0.01484375
0 0.578125 0.5171875 0.01171875 0.01640625
0 0.7 0.5171875 0.015625 0.0140625
0 0.925 0.52109375 0.0265625 0.01796875
0 0.78359375 0.521875 0.021875 0.0140625
0 0.61328125 0.52890625 0.0171875 0.0203125
0 0.34296875 0.5421875 0.02265625 0.0203125
0 0.61328125 0.54296875 0.01171875 0.0171875
0 0.9234375 0.940625 0.03125 0.0234375
0 0.90703125 0.9578125 0.028125 0.02734375