0 0.37265625 0.6734375 0.02109375 0.04453125
0 0.396875 0.7703125 0.0234375 0.04453125
0 0.38359375 0.88046875 0.01953125 0.040625
0 0.27578125 0.9734375 0.028125 0.03359375
0 0.26015625 0.86171875 0.0234375 0.03359375
0 0.2484375 0.81328125 0.021875 0.03125
0 0.1515625 0.97578125 0.021875 0.0484375
0 0.1921875 0.97109375 0.046875 0.03671875
0 0.1796875 0.9265625 0.01796875 0.03046875
0 0.19140625 0.8921875 0.01953125 0.0265625
0 0.16328125 0.82734375 0.0234375 0.03828125
0 0.17734375 0.778125 0.03125 0.03359375
0 0.11953125 0.01953125 0.0109375 0.0265625
0 0.14609375 0.02421875 0.01640625 0.03203125
0 0.1171875 0.05625 0.0109375 0.015625
0 0.25078125 0.0796875 0.01953125 0.0234375
0 0.3375 0.04375 0.0171875 0.0265625
0 0.3390625 0.01796875 0.0125 0.01953125