0 0.3875 0.13984375 0.01015625 0.0203125
0 0.45078125 0.14296875 0.00859375 0.021875
0 0.45859375 0.2046875 0.009375 0.01875
0 0.471875 0.21796875 0.01015625 0.02890625
0 0.396875 0.303125 0.00703125 0.025
0 0.55078125 0.46171875 0.0046875 0.025
0 0.55390625 0.4671875 0.00546875 0.01796875
0 0.58359375 0.565625 0.00625 0.0140625
0 0.58359375 0.57578125 0.0046875 0.021875
0 0.50703125 0.64453125 0.0046875 0.02265625
0 0.5109375 0.64453125 0.00625 0.01796875
0 0.61015625 0.65703125 0.0078125 0.0203125
0 0.61328125 0.66640625 0.009375 0.0203125
0 0.07421875 0.72421875 0.01015625 0.02421875
0 0.0671875 0.73125 0.00703125 0.02265625
0 0.09453125 0.7375 0.01171875 0.025
0 0.5890625 0.84765625 0.0078125 0.0203125
0 0.59375 0.85625 0.00703125 0.0203125
0 0.43984375 0.09296875 0.00546875 0.01796875
0 0.38671875 0.1046875 0.00546875 0.01640625