0 0.3515625 0.103125 0.00625 0.0171875
0 0.34765625 0.14296875 0.00546875 0.01875
0 0.3609375 0.1546875 0.00703125 0.0171875
0 0.35703125 0.15703125 0.00703125 0.0203125
0 0.11328125 0.2265625 0.00703125 0.0171875
0 0.11015625 0.22890625 0.00859375 0.015625
0 0.3578125 0.2546875 0.00546875 0.01640625
0 0.37109375 0.2734375 0.00625 0.01875
0 0.3390625 0.025 0.00546875 0.01875
0 0.1109375 0.33203125 0.0078125 0.01484375
0 0.11953125 0.415625 0.00703125 0.01484375
0 0.11484375 0.425 0.00859375 0.01640625
0 0.6546875 0.43359375 0.0046875 0.0125
0 0.46796875 0.440625 0.00625 0.0109375
0 0.75390625 0.4484375 0.01015625 0.01640625
0 0.74609375 0.45625 0.00625 0.01484375
0 0.57578125 0.4703125 0.00546875 0.0109375
0 0.52578125 0.478125 0.00625 0.01328125
0 0.37890625 0.47890625 0.00625 0.01640625
0 0.11484375 0.47890625 0.0078125 0.01640625
0 0.5390625 0.48046875 0.0046875 0.01171875
0 0.6953125 0.48125 0.00625 0.01484375
0 0.57890625 0.4828125 0.00390625 0.0109375
0 0.40546875 0.4859375 0.00625 0.0109375
0 0.6703125 0.50703125 0.0078125 0.01640625
0 0.47578125 0.5125 0.00546875 0.015625
0 0.5265625 0.52578125 0.0046875 0.01328125
0 0.36796875 0.57734375 0.00546875 0.01171875
0 0.7078125 0.5859375 0.00625 0.01484375
0 0.3765625 0.65 0.00703125 0.01171875
0 0.12421875 0.6703125 0.0078125 0.01328125
0 0.34765625 0.06015625 0.0046875 0.0171875
0 0.17109375 0.8796875 0.00703125 0.01640625
0 0.4578125 0.88359375 0.00625 0.01328125