0 0.84140625 0.11171875 0.01328125 0.03203125
0 0.26484375 0.19921875 0.0125 0.02578125
0 0.28046875 0.21171875 0.01328125 0.0265625
0 0.27578125 0.25390625 0.01171875 0.025
0 0.28125 0.26640625 0.00859375 0.01875
0 0.1640625 0.02890625 0.0125 0.03125
0 0.27734375 0.2875 0.01328125 0.0234375
0 0.87421875 0.03046875 0.0125 0.02890625
0 0.88125 0.03046875 0.0109375 0.02265625
0 0.17421875 0.3125 0.0140625 0.0265625
0 0.17109375 0.31796875 0.0140625 0.01640625
0 0.1890625 0.3578125 0.01640625 0.02890625
0 0.03515625 0.3609375 0.02109375 0.02890625
0 0.7453125 0.0375 0.00859375 0.03125
0 0.178125 0.3859375 0.0171875 0.0296875
0 0.75234375 0.0390625 0.0125 0.03046875
0 0.77109375 0.03984375 0.01015625 0.02890625
0 0.26328125 0.475 0.01484375 0.02890625
0 0.11875 0.515625 0.01171875 0.01875
0 0.1265625 0.515625 0.01796875 0.02265625
0 0.80703125 0.053125 0.01015625 0.03125
0 0.13984375 0.52734375 0.02109375 0.03046875
0 0.21015625 0.05625 0.01328125 0.02890625
0 0.275 0.5859375 0.01328125 0.025
0 0.259375 0.5859375 0.0171875 0.0234375
0 0.24921875 0.58984375 0.015625 0.02578125
0 0.0484375 0.07890625 0.015625 0.03046875
0 0.24140625 0.85546875 0.01640625 0.0296875
0 0.0828125 0.86171875 0.0171875 0.01640625
0 0.06875 0.86328125 0.0203125 0.021875
0 0.078125 0.946875 0.03203125 0.02265625