0 0.1953125 0.4046875 0.01015625 0.0140625
0 0.2125 0.4125 0.01015625 0.0203125
0 0.190625 0.41328125 0.00859375 0.01171875
0 0.21875 0.42578125 0.01015625 0.01484375
0 0.1875 0.42734375 0.0109375 0.01640625
0 0.06484375 0.43203125 0.01484375 0.0203125
0 0.21640625 0.43984375 0.01015625 0.01484375
0 0.3390625 0.44140625 0.00859375 0.0234375
0 0.18203125 0.4484375 0.01328125 0.01875
0 0.06171875 0.4484375 0.0125 0.02109375
0 0.509375 0.4515625 0.0078125 0.01796875
0 0.47578125 0.45390625 0.0109375 0.02109375
0 0.2109375 0.4640625 0.009375 0.01796875
0 0.18046875 0.4671875 0.01328125 0.01640625
0 0.20625 0.48359375 0.0140625 0.021875
0 0.478125 0.48984375 0.00859375 0.0203125
0 0.04921875 0.49296875 0.01328125 0.0234375
0 0.20703125 0.5203125 0.01171875 0.025
0 0.0265625 0.5265625 0.01953125 0.028125
0 0.03984375 0.5265625 0.01484375 0.01875
0 0.378125 0.54140625 0.00859375 0.0234375
0 0.03046875 0.54765625 0.01328125 0.021875
0 0.0171875 0.56328125 0.01328125 0.0234375