0 0.9015625 0.453125 0.0140625 0.046875
0 0.790625 0.2703125 0.0109375 0.0390625
0 0.72109375 0.3359375 0.0125 0.04609375
0 0.7109375 0.3375 0.00859375 0.03828125
0 0.6515625 0.32109375 0.0109375 0.03984375
0 0.69921875 0.1234375 0.0125 0.03359375
0 0.5453125 0.15625 0.009375 0.03671875
0 0.4 0.2375 0.01875 0.040625
0 0.36640625 0.134375 0.0125 0.0375
0 0.52578125 0.71796875 0.015625 0.05625
0 0.53125 0.453125 0.009375 0.04296875
0 0.4015625 0.528125 0.015625 0.0515625
0 0.325 0.7375 0.02578125 0.04765625
0 0.015625 0.4859375 0.021875 0.0453125
0 0.0953125 0.421875 0.015625 0.0421875
0 0.26328125 0.4234375 0.0140625 0.04609375
0 0.1234375 0.1359375 0.009375 0.03515625
0 0.1234375 0.0875 0.0109375 0.0328125