0 0.19609375 0.96640625 0.03046875 0.04765625
0 0.9640625 0.203125 0.015625 0.0375
0 0.9453125 0.23984375 0.01953125 0.040625
0 0.40546875 0.24765625 0.0125 0.0265625
0 0.171875 0.2765625 0.01171875 0.0390625
0 0.14140625 0.29609375 0.01953125 0.040625
0 0.57265625 0.3578125 0.01484375 0.03515625
0 0.43828125 0.44375 0.015625 0.04375
0 0.84296875 0.059375 0.01015625 0.03125
0 0.84765625 0.06171875 0.0078125 0.03046875
0 0.0734375 0.70234375 0.03671875 0.05234375
0 0.046875 0.74609375 0.0375 0.04609375
0 0.57265625 0.90078125 0.0265625 0.0515625