0 0.721875 0.36484375 0.0125 0.03203125
0 0.7203125 0.40234375 0.01015625 0.0328125
0 0.72421875 0.42890625 0.0125 0.03515625
0 0.7078125 0.4671875 0.0078125 0.028125
0 0.696875 0.47421875 0.0109375 0.034375
0 0.68828125 0.475 0.00703125 0.034375
0 0.7109375 0.4890625 0.01171875 0.03203125
0 0.3734375 0.4953125 0.00859375 0.03203125
0 0.3828125 0.4953125 0.01171875 0.034375
0 0.3921875 0.053125 0.009375 0.0328125
0 0.51640625 0.5578125 0.01875 0.021875
0 0.43203125 0.65703125 0.0109375 0.01796875
0 0.43359375 0.665625 0.0109375 0.021875
0 0.4328125 0.68046875 0.0125 0.02421875
0 0.56875 0.7671875 0.03203125 0.03203125
0 0.575 0.78046875 0.0171875 0.028125
0 0.7125 0.8125 0.0140625 0.0390625
0 0.42890625 0.86640625 0.0125 0.03671875
0 0.73515625 0.89453125 0.0109375 0.040625
0 0.4765625 0.91015625 0.01015625 0.021875
0 0.54375 0.95390625 0.01171875 0.02421875
0 0.51640625 0.9765625 0.01171875 0.0265625