0 0.1390625 0.64921875 0.0515625 0.0203125
0 0.14609375 0.684375 0.02734375 0.02109375
0 0.396875 0.57734375 0.01640625 0.025
0 0.4203125 0.55625 0.0203125 0.02734375
0 0.4765625 0.58828125 0.02109375 0.02578125
0 0.5140625 0.61875 0.0125 0.028125
0 0.53515625 0.653125 0.021875 0.0296875
0 0.603125 0.346875 0.0234375 0.03828125
0 0.4953125 0.25078125 0.0203125 0.03828125
0 0.58203125 0.28359375 0.02109375 0.0203125
0 0.62265625 0.30703125 0.0140625 0.02265625
0 0.621875 0.05078125 0.0171875 0.059375
0 0.53359375 0.06328125 0.0203125 0.034375