0 0.696875 0.115625 0.01328125 0.034375
0 0.70078125 0.13359375 0.01015625 0.04140625
0 0.08125 0.00703125 0.0125 0.0140625
0 0.075 0.0109375 0.0125 0.021875
0 0.57265625 0.0109375 0.0078125 0.021875
0 0.540625 0.35625 0.009375 0.03828125
0 0.50390625 0.38671875 0.01171875 0.03828125
0 0.61484375 0.0234375 0.0078125 0.02265625
0 0.5015625 0.440625 0.0125 0.0453125
0 0.47890625 0.44375 0.01171875 0.028125
0 0.565625 0.02734375 0.009375 0.0328125
0 0.2484375 0.51875 0.0140625 0.05546875
0 0.4484375 0.57421875 0.01171875 0.0375
0 0.034375 0.0453125 0.01328125 0.034375
0 0.434375 0.6734375 0.01640625 0.0328125
0 0.33828125 0.734375 0.0125 0.04375
0 0.2625 0.0578125 0.01171875 0.04375