0 0.9640625 0.640625 0.03984375 0.10546875
0 0.93671875 0.5140625 0.0359375 0.08671875
0 0.77890625 0.60078125 0.03125 0.075
0 0.83203125 0.35625 0.03515625 0.08515625
0 0.85546875 0.38359375 0.03203125 0.10078125
0 0.7140625 0.04296875 0.02421875 0.0796875
0 0.5859375 0.07421875 0.0234375 0.090625
0 0.5625 0.04921875 0.0203125 0.09296875
0 0.4234375 0.0578125 0.0234375 0.08203125
0 0.37265625 0.190625 0.02421875 0.1046875
0 0.3515625 0.17109375 0.02734375 0.09609375
0 0.03125 0.3609375 0.02890625 0.0984375
0 0.21640625 0.06796875 0.034375 0.09921875
0 0.05234375 0.7890625 0.05078125 0.08359375
0 0.1109375 0.48359375 0.03671875 0.10078125
0 0.0203125 0.51328125 0.03984375 0.0890625
0 0.95625 0.02109375 0.028125 0.0421875