0 0.70390625 0.68125 0.05390625 0.0453125
0 0.48125 0.71171875 0.03046875 0.046875
0 0.484375 0.71171875 0.01640625 0.025
0 0.7015625 0.72109375 0.04453125 0.046875
0 0.7234375 0.84140625 0.05078125 0.046875
0 0.665625 0.86484375 0.04453125 0.06484375
0 0.7046875 0.86796875 0.04921875 0.0546875
0 0.6390625 0.07265625 0.0328125 0.06015625
0 0.528125 0.89140625 0.03125 0.0625
0 0.56640625 0.07890625 0.01875 0.0828125
0 0.625 0.19296875 0.01171875 0.03046875
0 0.63046875 0.2125 0.0203125 0.06484375
0 0.43203125 0.23203125 0.02578125 0.0703125
0 0.60546875 0.25 0.02890625 0.071875
0 0.725 0.25859375 0.03671875 0.07734375
0 0.64453125 0.29609375 0.0390625 0.06640625
0 0.546875 0.37109375 0.02578125 0.0625
0 0.5703125 0.3984375 0.021875 0.06015625
0 0.58984375 0.40546875 0.01875 0.06015625
0 0.59375 0.45859375 0.0296875 0.05234375
0 0.28046875 0.5 0.04296875 0.0625
0 0.62265625 0.50546875 0.0296875 0.053125
0 0.71953125 0.62578125 0.02578125 0.06171875