0 0.43515625 0.00390625 0.00703125 0.0078125
0 0.46015625 0.14375 0.00703125 0.0328125
0 0.5515625 0.00390625 0.00625 0.0078125
0 0.4375 0.184375 0.00703125 0.0296875
0 0.571875 0.20390625 0.00546875 0.03125
0 0.5796875 0.21953125 0.00859375 0.03515625
0 0.63203125 0.22578125 0.00859375 0.03359375
0 0.63828125 0.00703125 0.00625 0.01328125
0 0.55703125 0.00859375 0.0046875 0.0171875
0 0.50078125 0.3640625 0.00859375 0.02578125
0 0.61875 0.01953125 0.00625 0.02578125
0 0.62890625 0.0234375 0.00859375 0.03671875
0 0.4796875 0.49375 0.0109375 0.03671875
0 0.55859375 0.03046875 0.0046875 0.02265625
0 0.459375 0.52109375 0.00703125 0.03125
0 0.4484375 0.5296875 0.009375 0.0328125
0 0.44921875 0.534375 0.00859375 0.03125
0 0.48828125 0.5609375 0.0140625 0.03515625
0 0.76796875 0.5875 0.0125 0.02265625
0 0.4609375 0.64375 0.015625 0.02421875
0 0.6390625 0.05390625 0.00703125 0.0296875
0 0.57734375 0.09609375 0.00625 0.0328125
0 0.46875 0.1046875 0.009375 0.03359375