0 0.13359375 0.35625 0.009375 0.01484375
0 0.14453125 0.35859375 0.01953125 0.0484375
0 0.3671875 0.4234375 0.0203125 0.03359375
0 0.4390625 0.43046875 0.0125 0.028125
0 0.3625 0.434375 0.0078125 0.0234375
0 0.44453125 0.4375 0.0140625 0.0484375
0 0.38671875 0.4609375 0.01015625 0.02421875
0 0.3640625 0.46171875 0.01640625 0.04765625
0 0.3734375 0.47265625 0.015625 0.0484375
0 0.33359375 0.5 0.0203125 0.028125
0 0.3453125 0.5109375 0.0140625 0.02109375
0 0.42578125 0.51875 0.0125 0.05625
0 0.45703125 0.52734375 0.01953125 0.0296875
0 0.45234375 0.5484375 0.01328125 0.021875
0 0.46875 0.54921875 0.015625 0.03125
0 0.41640625 0.5546875 0.00703125 0.02734375
0 0.39609375 0.55546875 0.015625 0.05625
0 0.51953125 0.59140625 0.00859375 0.0234375
0 0.3640625 0.59140625 0.01796875 0.05
0 0.378125 0.5953125 0.0140625 0.01953125
0 0.515625 0.5953125 0.01484375 0.04609375
0 0.4953125 0.6046875 0.0125 0.01875
0 0.496875 0.61015625 0.0140625 0.05234375
0 0.515625 0.61328125 0.009375 0.01796875
0 0.5125 0.62734375 0.0140625 0.0375