0 0.34453125 0.178125 0.0171875 0.0171875
0 0.37578125 0.26015625 0.03125 0.0515625
0 0.3984375 0.42421875 0.02421875 0.0453125
0 0.3203125 0.5234375 0.03046875 0.03203125
0 0.4515625 0.56328125 0.02734375 0.04140625
0 0.409375 0.62578125 0.02734375 0.0453125
0 0.32421875 0.66953125 0.028125 0.03359375
0 0.3578125 0.6703125 0.0359375 0.04140625
0 0.32109375 0.70546875 0.05 0.0421875
0 0.29140625 0.72109375 0.046875 0.03359375
0 0.3875 0.7328125 0.02890625 0.03828125
0 0.3265625 0.7390625 0.02734375 0.03203125
0 0.3609375 0.7421875 0.02265625 0.03515625
0 0.66953125 0.75703125 0.02890625 0.053125
0 0.309375 0.76875 0.04140625 0.03046875
0 0.37109375 0.78125 0.0359375 0.03671875
0 0.40625 0.78359375 0.0328125 0.04453125
0 0.2859375 0.8015625 0.0328125 0.0359375
0 0.32109375 0.80703125 0.021875 0.03671875
0 0.346875 0.8140625 0.02265625 0.04765625
0 0.3796875 0.8296875 0.040625 0.03828125
0 0.3078125 0.84765625 0.0265625 0.0359375
0 0.33984375 0.85 0.0359375 0.03515625