0 0.10859375 0.66484375 0.0328125 0.09140625
0 0.3703125 0.45859375 0.0375 0.096875
0 0.23125 0.68828125 0.034375 0.10703125
0 0.1703125 0.83125 0.0296875 0.08046875
0 0.26328125 0.97421875 0.05390625 0.05078125
0 0.51640625 0.95703125 0.034375 0.0859375
0 0.31171875 0.75703125 0.03125 0.084375
0 0.36171875 0.7265625 0.0421875 0.11484375
0 0.35546875 0.8265625 0.04140625 0.078125
0 0.39140625 0.90625 0.02734375 0.0984375
0 0.396875 0.84453125 0.0375 0.06015625
0 0.47109375 0.721875 0.0328125 0.0921875
0 0.53125 0.73515625 0.0328125 0.084375
0 0.54375 0.8625 0.034375 0.09296875
0 0.5765625 0.8796875 0.03125 0.06953125
0 0.6109375 0.759375 0.040625 0.07734375
0 0.55703125 0.60390625 0.0546875 0.0921875
0 0.5765625 0.3875 0.0546875 0.0859375
0 0.49375 0.31796875 0.053125 0.103125
0 0.6875 0.134375 0.04296875 0.08828125
0 0.78359375 0.01328125 0.03046875 0.0265625
0 0.79921875 0.3140625 0.046875 0.109375
0 0.71328125 0.2515625 0.0453125 0.121875
0 0.6125 0.50625 0.0375 0.10078125
0 0.63359375 0.55078125 0.0296875 0.06796875