0 0.46953125 0.15 0.00703125 0.0265625
0 0.39140625 0.15390625 0.0078125 0.028125
0 0.5125 0.16015625 0.00703125 0.02890625
0 0.5140625 0.1703125 0.0078125 0.025
0 0.471875 0.1703125 0.00546875 0.021875
0 0.4890625 0.1734375 0.00703125 0.02890625
0 0.48203125 0.17421875 0.00703125 0.03203125
0 0.4703125 0.1890625 0.00625 0.03046875
0 0.4828125 0.19921875 0.00703125 0.028125
0 0.4890625 0.20078125 0.0078125 0.03671875
0 0.3703125 0.215625 0.0078125 0.028125
0 0.37890625 0.215625 0.00703125 0.03046875
0 0.4671875 0.225 0.00625 0.0265625
0 0.36640625 0.2390625 0.0078125 0.03203125
0 0.35078125 0.25234375 0.01015625 0.03828125
0 0.4046875 0.2578125 0.009375 0.0328125
0 0.28046875 0.25859375 0.01015625 0.0328125
0 0.3953125 0.259375 0.01015625 0.034375
0 0.2953125 0.2859375 0.01015625 0.021875
0 0.35859375 0.29609375 0.0109375 0.03671875
0 0.37890625 0.3125 0.00859375 0.03203125
0 0.484375 0.3203125 0.00859375 0.03671875
0 0.4609375 0.33046875 0.0078125 0.0265625
0 0.3453125 0.34609375 0.00703125 0.03046875
0 0.2625 0.3546875 0.0125 0.0421875
0 0.35546875 0.3578125 0.00625 0.025
0 0.38203125 0.36015625 0.009375 0.03828125
0 0.3484375 0.36171875 0.009375 0.03046875
0 0.36171875 0.3640625 0.00703125 0.025
0 0.4921875 0.3796875 0.0078125 0.03046875
0 0.4625 0.4203125 0.0125 0.028125
0 0.459375 0.4296875 0.009375 0.02890625
0 0.278125 0.434375 0.0109375 0.0421875
0 0.32421875 0.4390625 0.0078125 0.03828125
0 0.33359375 0.4390625 0.0125 0.028125
0 0.52265625 0.4578125 0.0109375 0.02265625
0 0.496875 0.4796875 0.00859375 0.03515625
0 0.48984375 0.48046875 0.01015625 0.0390625
0 0.171875 0.4890625 0.0125 0.02421875
0 0.471875 0.4953125 0.0109375 0.03515625
0 0.20859375 0.50625 0.0109375 0.025
0 0.515625 0.5125 0.0078125 0.0203125
0 0.29609375 0.61796875 0.00859375 0.03828125
0 0.45 0.64609375 0.00859375 0.03828125
0 0.5375 0.6953125 0.0125 0.025
0 0.40859375 0.7015625 0.0125 0.03828125
0 0.421875 0.703125 0.0125 0.040625
0 0.43046875 0.71328125 0.01015625 0.025
0 0.53125 0.76953125 0.0125 0.021875
0 0.38046875 0.0796875 0.00703125 0.03203125
0 0.09375 0.846875 0.0203125 0.046875
0 0.49921875 0.0859375 0.0078125 0.03515625
0 0.39140625 0.08984375 0.0078125 0.0203125
0 0.48828125 0.09375 0.00859375 0.0328125
0 0.36640625 0.09765625 0.0078125 0.03046875
0 0.4625 0.1046875 0.00703125 0.02421875
0 0.471875 0.109375 0.00546875 0.0328125
0 0.47578125 0.11015625 0.00625 0.03203125
0 0.46640625 0.12265625 0.0046875 0.021875