0 0.53515625 0.15390625 0.01328125 0.03359375
0 0.5640625 0.17265625 0.0140625 0.03046875
0 0.48828125 0.17734375 0.0125 0.03125
0 0.484375 0.25390625 0.01796875 0.02890625
0 0.52890625 0.28203125 0.01875 0.0296875
0 0.434375 0.28515625 0.0125 0.02578125
0 0.415625 0.29375 0.0109375 0.0296875
0 0.40390625 0.29921875 0.0140625 0.02890625
0 0.39453125 0.30703125 0.015625 0.02890625
0 0.609375 0.0328125 0.01328125 0.03515625
0 0.528125 0.0359375 0.0171875 0.03515625
0 0.459375 0.3734375 0.0125 0.02265625
0 0.47265625 0.40625 0.0171875 0.01796875
0 0.49765625 0.421875 0.01328125 0.025
0 0.35859375 0.425 0.01640625 0.01796875
0 0.42578125 0.478125 0.01484375 0.0265625
0 0.484375 0.48203125 0.0171875 0.01875
0 0.07421875 0.590625 0.03359375 0.0203125
0 0.43515625 0.60078125 0.01328125 0.0171875
0 0.9671875 0.603125 0.03046875 0.01328125
0 0.12265625 0.603125 0.02890625 0.01328125
0 0.30859375 0.60546875 0.01796875 0.01640625
0 0.25390625 0.71875 0.025 0.021875
0 0.2125 0.80859375 0.0265625 0.02890625