0 0.4265625 0.09765625 0.01484375 0.06171875
0 0.4484375 0.10859375 0.01875 0.05390625
0 0.503125 0.2484375 0.02421875 0.05546875
0 0.60078125 0.359375 0.02578125 0.0515625
0 0.23125 0.46171875 0.02109375 0.04296875
0 0.3484375 0.76484375 0.0203125 0.02578125
0 0.37109375 0.803125 0.02109375 0.034375
0 0.3453125 0.70390625 0.01796875 0.0234375
0 0.3734375 0.72734375 0.01953125 0.0359375
0 0.76328125 0.33671875 0.02265625 0.05078125
0 0.775 0.3390625 0.02109375 0.053125
0 0.78671875 0.31328125 0.015625 0.03828125