0 0.4359375 0.15859375 0.00546875 0.02265625
0 0.959375 0.2125 0.01171875 0.01640625
0 0.94453125 0.22421875 0.01328125 0.01875
0 0.4 0.0265625 0.0109375 0.025
0 0.82109375 0.3140625 0.01171875 0.0140625
0 0.63125 0.31640625 0.0125 0.02421875
0 0.22734375 0.03203125 0.01796875 0.028125
0 0.2765625 0.04375 0.0125 0.0265625
0 0.0296875 0.4359375 0.02109375 0.01875
0 0.1625 0.53125 0.01328125 0.01875
0 0.28828125 0.63359375 0.01328125 0.01171875
0 0.309375 0.6578125 0.0109375 0.01640625
0 0.8421875 0.69453125 0.015625 0.021875
0 0.83515625 0.7140625 0.015625 0.01875
0 0.0578125 0.7703125 0.01796875 0.01796875
0 0.1 0.81953125 0.0203125 0.01796875
0 0.05234375 0.86640625 0.02734375 0.02421875
0 0.1125 0.87421875 0.015625 0.028125
0 0.12265625 0.88359375 0.015625 0.01875
0 0.034375 0.9296875 0.01484375 0.02421875
0 0.04921875 0.9359375 0.02421875 0.01640625
0 0.93984375 0.103125 0.02109375 0.02421875
0 0.39296875 0.01171875 0.0109375 0.0203125