0 0.8171875 0.95234375 0.0203125 0.02265625
0 0.2609375 0.9640625 0.0125 0.0203125
0 0.01953125 0.18125 0.01171875 0.01328125
0 0.41640625 0.2796875 0.0078125 0.01875
0 0.52109375 0.35546875 0.00859375 0.0125
0 0.553125 0.36328125 0.01015625 0.0140625
0 0.5171875 0.378125 0.00859375 0.01328125
0 0.69609375 0.46796875 0.0109375 0.01171875
0 0.628125 0.49375 0.01328125 0.01796875
0 0.52578125 0.5078125 0.009375 0.01328125
0 0.82890625 0.63515625 0.0140625 0.009375
0 0.83984375 0.64765625 0.015625 0.01171875