0 0.4359375 0.0140625 0.01484375 0.02734375
0 0.60625 0.209375 0.00703125 0.02265625
0 0.59765625 0.2109375 0.00859375 0.0140625
0 0.6171875 0.2109375 0.0125 0.0390625
0 0.6125 0.27734375 0.01875 0.040625
0 0.3953125 0.290625 0.01484375 0.034375
0 0.66875 0.32578125 0.0140625 0.03984375
0 0.6125 0.33125 0.015625 0.040625
0 0.63828125 0.3359375 0.015625 0.0421875
0 0.91640625 0.33984375 0.02890625 0.0375
0 0.60390625 0.340625 0.01484375 0.0421875
0 0.6265625 0.34375 0.01328125 0.03984375
0 0.634375 0.36171875 0.0125 0.04375
0 0.6171875 0.36328125 0.0171875 0.03125
0 0.5984375 0.3671875 0.0140625 0.0484375
0 0.6265625 0.453125 0.015625 0.04453125
0 0.2484375 0.77109375 0.02421875 0.03125
0 0.25078125 0.88671875 0.0328125 0.03046875