0 0.5421875 0.92421875 0.03203125 0.121875
0 0.51484375 0.803125 0.02890625 0.11953125
0 0.69921875 0.96796875 0.02578125 0.06328125
0 0.71640625 0.878125 0.03515625 0.096875
0 0.684375 0.73046875 0.02890625 0.11015625
0 0.73671875 0.7234375 0.02890625 0.08828125
0 0.39921875 0.253125 0.02421875 0.08203125
0 0.41875 0.27109375 0.0265625 0.10078125
0 0.35078125 0.20078125 0.02734375 0.1015625
0 0.31875 0.13125 0.0328125 0.07578125
0 0.296875 0.45 0.03984375 0.09609375
0 0.21796875 0.43828125 0.03203125 0.096875
0 0.21875 0.340625 0.03046875 0.0984375
0 0.25 0.25390625 0.02421875 0.08828125
0 0.18828125 0.2515625 0.02890625 0.08203125
0 0.2171875 0.1953125 0.02890625 0.09296875
0 0.20234375 0.171875 0.02578125 0.08515625
0 0.12265625 0.11328125 0.0390625 0.09453125
0 0.09921875 0.215625 0.03125 0.09921875
0 0.1375 0.4765625 0.04921875 0.10546875
0 0.08515625 0.45859375 0.03828125 0.1
0 0.0625 0.43359375 0.02578125 0.1109375
0 0.04375 0.51328125 0.04609375 0.09609375
0 0.01484375 0.48515625 0.02890625 0.0890625
0 0.075 0.31953125 0.034375 0.10546875
0 0.79765625 0.85546875 0.0359375 0.0859375
0 0.75546875 0.82109375 0.03046875 0.09375
0 0.8453125 0.7765625 0.03203125 0.10546875
0 0.88203125 0.72578125 0.03203125 0.10078125
0 0.88671875 0.834375 0.0375 0.103125
0 0.9078125 0.85390625 0.0265625 0.0796875
0 0.91484375 0.68828125 0.03046875 0.0859375
0 0.91796875 0.76171875 0.034375 0.0890625
0 0.8203125 0.45703125 0.03046875 0.0953125
0 0.853125 0.45625 0.02578125 0.08515625
0 0.853125 0.5203125 0.03203125 0.08671875
0 0.9265625 0.45703125 0.03828125 0.08828125
0 0.94921875 0.609375 0.04140625 0.10625
0 0.9453125 0.959375 0.03984375 0.0796875
0 0.990625 0.915625 0.01796875 0.075
0 0.98671875 0.72734375 0.02578125 0.084375