0 0.228125 0.33671875 0.01640625 0.0484375
0 0.503125 0.4078125 0.009375 0.03046875
0 0.09921875 0.01875 0.02734375 0.0375
0 0.503125 0.4234375 0.01015625 0.03203125
0 0.446875 0.4375 0.009375 0.034375
0 0.446875 0.44375 0.01015625 0.0359375
0 0.45546875 0.44453125 0.01015625 0.03984375
0 0.475 0.4453125 0.009375 0.02890625
0 0.40390625 0.4625 0.0109375 0.04296875
0 0.4734375 0.4625 0.01796875 0.03828125
0 0.540625 0.4640625 0.00859375 0.03828125
0 0.3515625 0.5046875 0.0125 0.034375
0 0.72421875 0.515625 0.01328125 0.034375
0 0.05078125 0.52265625 0.021875 0.05390625
0 0.034375 0.5265625 0.02578125 0.05078125
0 0.784375 0.53515625 0.01796875 0.034375
0 0.07109375 0.53984375 0.01796875 0.04140625
0 0.3 0.540625 0.02265625 0.04296875
0 0.31640625 0.55546875 0.0125 0.03828125
0 0.61015625 0.55625 0.0140625 0.0328125
0 0.1671875 0.65234375 0.02265625 0.03984375