0 0.39765625 0.959375 0.01953125 0.03203125
0 0.34609375 0.10078125 0.0203125 0.0296875
0 0.48515625 0.10078125 0.0125 0.02734375
0 0.46875 0.10703125 0.0125 0.0296875
0 0.57265625 0.12421875 0.009375 0.0234375
0 0.47109375 0.14375 0.01171875 0.034375
0 0.36171875 0.159375 0.01015625 0.034375
0 0.37421875 0.165625 0.01484375 0.0265625
0 0.85859375 0.0171875 0.01796875 0.034375
0 0.46171875 0.17734375 0.01171875 0.02890625
0 0.6515625 0.18828125 0.01875 0.025
0 0.575 0.2125 0.0125 0.03046875
0 0.703125 0.23984375 0.0171875 0.03046875
0 0.66484375 0.26796875 0.01328125 0.03125
0 0.60390625 0.27265625 0.0125 0.0296875
0 0.67421875 0.2734375 0.01328125 0.025
0 0.590625 0.27890625 0.0125 0.02890625
0 0.83984375 0.02890625 0.02265625 0.040625
0 0.7921875 0.3296875 0.01796875 0.025
0 0.7375 0.33828125 0.01796875 0.02578125
0 0.721875 0.3515625 0.01328125 0.02734375
0 0.80625 0.3796875 0.0234375 0.025
0 0.77890625 0.41328125 0.021875 0.02890625
0 0.328125 0.0515625 0.015625 0.02890625
0 0.11953125 0.05625 0.015625 0.025
0 0.38828125 0.0640625 0.01328125 0.0359375
0 0.471875 0.72734375 0.01875 0.0265625
0 0.4609375 0.0859375 0.01015625 0.02734375
0 0.3796875 0.95 0.0171875 0.02578125