0 0.43125 0.06796875 0.00859375 0.01640625
0 0.64921875 0.725 0.0203125 0.03046875
0 0.38125 0.77109375 0.01328125 0.021875
0 0.4671875 0.78515625 0.015625 0.02578125
0 0.34375 0.840625 0.01875 0.0390625
0 0.38203125 0.9734375 0.01640625 0.0234375
0 0.44609375 0.01328125 0.00703125 0.0203125
0 0.4859375 0.140625 0.01015625 0.02578125
0 0.4671875 0.14609375 0.01015625 0.0203125
0 0.51015625 0.1859375 0.01015625 0.01875
0 0.57265625 0.23984375 0.01484375 0.0171875
0 0.4578125 0.24140625 0.0125 0.02890625
0 0.51953125 0.025 0.0109375 0.02109375
0 0.45859375 0.271875 0.01171875 0.03203125
0 0.46796875 0.31796875 0.009375 0.0296875
0 0.453125 0.03359375 0.0078125 0.0328125
0 0.4515625 0.3609375 0.009375 0.025
0 0.453125 0.37265625 0.009375 0.03125
0 0.41171875 0.38359375 0.01015625 0.028125
0 0.41953125 0.384375 0.0078125 0.0171875
0 0.4375 0.39609375 0.0140625 0.02734375
0 0.946875 0.4609375 0.01484375 0.02890625
0 0.9671875 0.46171875 0.0171875 0.03046875
0 0.9671875 0.46171875 0.01328125 0.015625
0 0.9203125 0.46171875 0.015625 0.0234375
0 0.9 0.465625 0.0171875 0.0234375
0 0.6515625 0.503125 0.0125 0.03125
0 0.6984375 0.50703125 0.01328125 0.025
0 0.98671875 0.515625 0.02421875 0.03203125
0 0.48203125 0.5265625 0.01328125 0.028125