0 0.91796875 0.45390625 0.0296875 0.09296875
0 0.959375 0.4609375 0.04453125 0.0953125
0 0.98203125 0.46953125 0.03046875 0.0734375
0 0.87734375 0.35703125 0.03515625 0.0890625
0 0.85 0.296875 0.03359375 0.10859375
0 0.94453125 0.33046875 0.034375 0.09375
0 0.984375 0.36640625 0.03046875 0.08984375
0 0.97734375 0.32421875 0.03203125 0.08984375
0 0.9859375 0.24921875 0.02734375 0.09140625
0 0.94765625 0.2140625 0.03125 0.096875
0 0.9703125 0.203125 0.03828125 0.096875
0 0.95546875 0.140625 0.03046875 0.0765625
0 0.90078125 0.12109375 0.03203125 0.0953125
0 0.4359375 0.09140625 0.03515625 0.1
0 0.440625 0.03828125 0.01953125 0.0765625
0 0.5921875 0.04921875 0.0234375 0.0984375
0 0.5796875 0.03984375 0.01796875 0.0796875
0 0.5390625 0.03671875 0.021875 0.0734375