0 0.41171875 0.178125 0.01328125 0.04453125
0 0.67734375 0.021875 0.0140625 0.04375
0 0.4515625 0.02890625 0.01015625 0.0453125
0 0.70078125 0.33515625 0.009375 0.0484375
0 0.6921875 0.3359375 0.01015625 0.05234375
0 0.50390625 0.40625 0.0171875 0.03515625
0 0.22421875 0.4453125 0.01640625 0.03515625
0 0.21328125 0.4625 0.01875 0.059375
0 0.50703125 0.5140625 0.01328125 0.04296875
0 0.1796875 0.56953125 0.0140625 0.046875
0 0.19140625 0.571875 0.015625 0.0390625
0 0.19921875 0.615625 0.0171875 0.0453125
0 0.25390625 0.796875 0.02109375 0.03046875
0 0.2546875 0.8234375 0.01953125 0.028125
0 0.25625 0.85546875 0.02109375 0.0328125