0 0.56171875 0.91328125 0.01875 0.05
0 0.88671875 0.61875 0.01875 0.04375
0 0.90234375 0.49609375 0.0171875 0.034375
0 0.86875 0.3390625 0.0140625 0.0390625
0 0.525 0.38046875 0.0078125 0.05
0 0.509375 0.23203125 0.0078125 0.03671875
0 0.82890625 0.1953125 0.0125 0.03828125
0 0.6484375 0.1515625 0.00625 0.03359375
0 0.6375 0.1609375 0.01171875 0.040625
0 0.7328125 0.0859375 0.0078125 0.03203125
0 0.5828125 0.153125 0.00859375 0.0359375
0 0.4015625 0.91484375 0.0203125 0.059375
0 0.35625 0.71328125 0.0171875 0.0515625
0 0.4953125 0.69921875 0.0125 0.04453125
0 0.04375 0.95546875 0.025 0.0546875
0 0.03359375 0.421875 0.0140625 0.040625
0 0.1203125 0.27421875 0.0109375 0.04140625
0 0.303125 0.22578125 0.01171875 0.03828125
0 0.3890625 0.2765625 0.0125 0.0375
0 0.375 0.41328125 0.01484375 0.04296875
0 0.40078125 0.134375 0.009375 0.034375
0 0.1609375 0.03125 0.0109375 0.0328125
0 0.5203125 0.03046875 0.0078125 0.0328125