0 0.58828125 0.12109375 0.00390625 0.0171875
0 0.58515625 0.12109375 0.0046875 0.0171875
0 0.59375 0.13515625 0.00390625 0.0171875
0 0.59765625 0.13671875 0.0046875 0.0171875
0 0.603125 0.1390625 0.0046875 0.0171875
0 0.60703125 0.140625 0.003125 0.0171875
0 0.31640625 0.24765625 0.00703125 0.02265625
0 0.65078125 0.26015625 0.00625 0.01328125
0 0.54765625 0.34375 0.0125 0.025
0 0.66875 0.403125 0.00703125 0.02265625
0 0.1 0.515625 0.009375 0.02109375
0 0.1640625 0.56171875 0.00859375 0.025
0 0.67890625 0.6421875 0.00625 0.01875
0 0.72265625 0.65234375 0.00703125 0.02265625
0 0.71328125 0.65390625 0.00703125 0.01953125
0 0.709375 0.6578125 0.00625 0.0171875
0 0.7046875 0.6671875 0.00625 0.02109375
0 0.65703125 0.6734375 0.00703125 0.01953125
0 0.65546875 0.6984375 0.00703125 0.01484375
0 0.66640625 0.70625 0.00703125 0.01953125
0 0.715625 0.728125 0.00625 0.0234375
0 0.72109375 0.728125 0.00625 0.02109375
0 0.66171875 0.76796875 0.00859375 0.01875
0 0.0140625 0.81015625 0.0140625 0.0265625
0 0.65625 0.84140625 0.009375 0.0171875
0 0.62109375 0.8453125 0.01171875 0.02265625
0 0.6734375 0.93359375 0.00703125 0.025
0 0.790625 0.96640625 0.0078125 0.025
0 0.77890625 0.9828125 0.00859375 0.0234375
0 0.7640625 0.98828125 0.009375 0.0234375
0 0.65 0.09921875 0.00546875 0.01953125
0 0.65546875 0.103125 0.0046875 0.01875