0 0.25 0.52421875 0.02421875 0.0421875
0 0.30703125 0.59296875 0.0234375 0.0328125
0 0.59453125 0.709375 0.028125 0.0296875
0 0.75390625 0.50390625 0.034375 0.02890625
0 0.73359375 0.4796875 0.02890625 0.03203125
0 0.8875 0.50234375 0.0390625 0.0328125
0 0.9625 0.57734375 0.0375 0.02734375
0 0.04375 0.2265625 0.034375 0.053125
0 0.06796875 0.23046875 0.02734375 0.0328125
0 0.1328125 0.1015625 0.01953125 0.0390625
0 0.0296875 0.44453125 0.03359375 0.0359375
0 0.00546875 0.64140625 0.0109375 0.0328125
0 0.01328125 0.7078125 0.0265625 0.034375
0 0.3375 0.74609375 0.025 0.0296875
0 0.396875 0.75546875 0.02421875 0.02734375
0 0.4140625 0.7640625 0.01796875 0.03046875
0 0.475 0.215625 0.01328125 0.0421875
0 0.4875 0.29453125 0.0171875 0.0359375
0 0.51953125 0.33671875 0.0109375 0.034375
0 0.52734375 0.30859375 0.015625 0.03359375
0 0.50546875 0.29296875 0.015625 0.0359375
0 0.6015625 0.34453125 0.01171875 0.03203125
0 0.8109375 0.42109375 0.02265625 0.0375
0 0.73515625 0.44140625 0.02578125 0.0359375
0 0.8375 0.471875 0.02890625 0.03125
0 0.85625 0.4640625 0.02890625 0.034375
0 0.95625 0.48359375 0.025 0.0234375
0 0.95078125 0.4640625 0.0375 0.028125
0 0.690625 0.73203125 0.02421875 0.04921875
0 0.6546875 0.7078125 0.02265625 0.02734375
0 0.671875 0.678125 0.02265625 0.03046875
0 0.69375 0.621875 0.0265625 0.02734375
0 0.68046875 0.58359375 0.02421875 0.028125
0 0.66328125 0.55390625 0.02421875 0.03203125