0 0.01875 0.43046875 0.01796875 0.03671875
0 0.02109375 0.440625 0.021875 0.03671875
0 0.02421875 0.45859375 0.0234375 0.03828125
0 0.009375 0.50234375 0.01875 0.04375
0 0.0078125 0.51875 0.01328125 0.03125
0 0.26484375 0.57578125 0.0125 0.040625
0 0.1734375 0.59140625 0.01953125 0.04375
0 0.40703125 0.625 0.01171875 0.040625
0 0.46640625 0.63046875 0.015625 0.046875
0 0.4609375 0.6421875 0.009375 0.040625
0 0.40078125 0.64609375 0.01015625 0.046875
0 0.421875 0.65078125 0.0125 0.04375
0 0.44453125 0.67578125 0.0140625 0.05234375
0 0.3890625 0.68359375 0.0125 0.0421875
0 0.409375 0.696875 0.01328125 0.03515625
0 0.40390625 0.715625 0.009375 0.03828125
0 0.23125 0.7171875 0.0140625 0.03828125
0 0.27421875 0.72421875 0.01015625 0.02578125
0 0.2765625 0.725 0.0171875 0.04375
0 0.21171875 0.74921875 0.01328125 0.04375
0 0.2296875 0.75390625 0.01015625 0.0296875
0 0.2390625 0.77578125 0.015625 0.0453125