0 0.85 0.2140625 0.0203125 0.06953125
0 0.446875 0.4953125 0.0171875 0.0265625
0 0.0859375 0.503125 0.0328125 0.07265625
0 0.3875 0.503125 0.01484375 0.07265625
0 0.4328125 0.5140625 0.02109375 0.084375
0 0.8921875 0.515625 0.0359375 0.0765625
0 0.4421875 0.525 0.01640625 0.03046875
0 0.45703125 0.53359375 0.015625 0.07578125
0 0.33203125 0.5375 0.02265625 0.0921875
0 0.5078125 0.54296875 0.0171875 0.0828125
0 0.4890625 0.54453125 0.01875 0.08359375
0 0.475 0.546875 0.0203125 0.0859375
0 0.37265625 0.55078125 0.0171875 0.06015625
0 0.31328125 0.55625 0.01875 0.09375
0 0.4203125 0.55859375 0.0203125 0.08984375
0 0.525 0.56484375 0.01328125 0.05234375
0 0.44453125 0.575 0.02578125 0.0875
0 0.5296875 0.57578125 0.01640625 0.084375
0 0.59296875 0.58984375 0.02578125 0.0953125
0 0.55078125 0.59375 0.02421875 0.08203125
0 0.33046875 0.61875 0.03046875 0.08203125
0 0.5984375 0.65234375 0.0265625 0.07265625
0 0.090625 0.69609375 0.03203125 0.08671875