0 0.503125 0.89921875 0.01953125 0.0625
0 0.25078125 0.91484375 0.025 0.0578125
0 0.01640625 0.4921875 0.01875 0.046875
0 0.3625 0.60234375 0.0171875 0.05390625
0 0.52890625 0.553125 0.01328125 0.05546875
0 0.38671875 0.2671875 0.01328125 0.0421875
0 0.2296875 0.49453125 0.015625 0.0515625
0 0.94375 0.5609375 0.01484375 0.05078125
0 0.828125 0.33125 0.01484375 0.04765625
0 0.75234375 0.390625 0.01484375 0.053125
0 0.74140625 0.40546875 0.01171875 0.04765625
0 0.671875 0.375 0.0109375 0.04609375
0 0.5421875 0.17265625 0.01015625 0.0453125
0 0.32578125 0.14140625 0.0125 0.04453125
0 0.07734375 0.14140625 0.01484375 0.040625
0 0.06796875 0.07265625 0.009375 0.03984375
0 0.00546875 0.31328125 0.0109375 0.05