0 0.45390625 0.14375 0.00546875 0.02578125
0 0.43359375 0.14453125 0.00625 0.03203125
0 0.4640625 0.2078125 0.0078125 0.03046875
0 0.43671875 0.2125 0.0078125 0.034375
0 0.40625 0.21640625 0.00625 0.03359375
0 0.4125 0.2171875 0.00703125 0.0265625
0 0.40078125 0.21953125 0.0078125 0.03359375
0 0.4546875 0.2390625 0.0078125 0.02421875
0 0.45546875 0.24765625 0.00859375 0.0234375
0 0.5421875 0.309375 0.00625 0.02421875
0 0.57109375 0.0390625 0.0078125 0.03984375
0 0.596875 0.47890625 0.00703125 0.0296875
0 0.5765625 0.05078125 0.00625 0.03203125
0 0.7625 0.8046875 0.0140625 0.03984375
0 0.4171875 0.8234375 0.00703125 0.0375
0 0.42578125 0.8265625 0.0109375 0.04140625
0 0.7375 0.8453125 0.01171875 0.034375
0 0.38046875 0.928125 0.01171875 0.03359375
0 0.365625 0.9375 0.0109375 0.0359375
0 0.3875 0.96953125 0.0140625 0.0375
0 0.4046875 0.9828125 0.0125 0.034375