0 0.54140625 0.684375 0.0203125 0.05234375
0 0.34375 0.7109375 0.01796875 0.05
0 0.40390625 0.50859375 0.01328125 0.04765625
0 0.53984375 0.43359375 0.00859375 0.0453125
0 0.2703125 0.40703125 0.01328125 0.04765625
0 0.1015625 0.4046875 0.0171875 0.04765625
0 0.91171875 0.428125 0.01484375 0.046875
0 0.72890625 0.31953125 0.01171875 0.0484375
0 0.7171875 0.31640625 0.0078125 0.0390625
0 0.80078125 0.2484375 0.01015625 0.03671875
0 0.7140625 0.10859375 0.01171875 0.03203125
0 0.553125 0.140625 0.0078125 0.03828125
0 0.65703125 0.3046875 0.01171875 0.040625
0 0.028125 0.465625 0.0125 0.046875
0 0.09296875 0.26171875 0.01328125 0.04296875
0 0.12421875 0.1234375 0.0109375 0.03359375
0 0.12734375 0.075 0.0109375 0.040625
0 0.40546875 0.22421875 0.01875 0.04140625
0 0.37421875 0.12265625 0.0109375 0.0421875
0 0.38359375 0.04140625 0.0125 0.03515625