0 0.9140625 0.75703125 0.0234375 0.05
0 0.91953125 0.41640625 0.015625 0.04296875
0 0.86796875 0.25625 0.015625 0.0421875
0 0.67890625 0.1875 0.0078125 0.03125
0 0.684375 0.2046875 0.009375 0.0390625
0 0.76640625 0.12734375 0.0109375 0.03359375
0 0.6171875 0.1921875 0.01171875 0.03828125
0 0.5296875 0.2828125 0.00859375 0.040625
0 0.54453125 0.45859375 0.01015625 0.05234375
0 0.4984375 0.871875 0.01484375 0.05625
0 0.36484375 0.86796875 0.021875 0.04921875
0 0.38046875 0.48671875 0.01484375 0.04921875
0 0.3875 0.33046875 0.0125 0.0453125
0 0.29921875 0.27109375 0.01171875 0.0421875
0 0.1125 0.32109375 0.01328125 0.04375
0 0.1234375 0.26875 0.01171875 0.03984375
0 0.15859375 0.01796875 0.01171875 0.03515625
0 0.15390625 0.05 0.01015625 0.03203125
0 0.3921875 0.05546875 0.0109375 0.03828125
0 0.96953125 0.60546875 0.02578125 0.0375
0 0.00546875 0.48671875 0.0109375 0.0421875
0 0.403125 0.14921875 0.01015625 0.03671875
0 0.54375 0.05546875 0.0078125 0.034375