0 0.42109375 0.128125 0.02578125 0.05546875
0 0.59453125 0.0125 0.0125 0.02421875
0 0.44921875 0.20078125 0.0171875 0.02578125
0 0.509375 0.21875 0.0203125 0.03203125
0 0.61484375 0.0171875 0.0171875 0.034375
0 0.44453125 0.25546875 0.01640625 0.04375
0 0.35625 0.28125 0.02578125 0.0296875
0 0.38984375 0.30390625 0.015625 0.03359375
0 0.3984375 0.30703125 0.02109375 0.03515625
0 0.36640625 0.31171875 0.01640625 0.03125
0 0.34453125 0.3484375 0.02109375 0.021875
0 0.334375 0.35703125 0.01484375 0.03125
0 0.45078125 0.36640625 0.01875 0.03515625
0 0.18984375 0.37265625 0.0234375 0.01796875
0 0.2578125 0.37890625 0.01953125 0.03359375
0 0.3609375 0.396875 0.0171875 0.03125
0 0.31171875 0.4125 0.01796875 0.04375
0 0.2140625 0.41328125 0.01796875 0.01953125
0 0.23984375 0.4234375 0.0359375 0.0375
0 0.18046875 0.46171875 0.02109375 0.04140625
0 0.215625 0.4796875 0.02734375 0.02734375
0 0.5171875 0.51171875 0.021875 0.02578125
0 0.11640625 0.5546875 0.0328125 0.03203125
0 0.0875 0.5640625 0.02421875 0.03125
0 0.08984375 0.6125 0.03125 0.02734375
0 0.05 0.6125 0.0375 0.03359375
0 0.1265625 0.64765625 0.034375 0.03984375
0 0.525 0.06015625 0.01875 0.0375
0 0.6328125 0.00390625 0.0140625 0.0078125
0 0.34375 0.946875 0.01796875 0.0453125
0 0.59375 0.00625 0.0109375 0.0125
0 0.65703125 0.00625 0.01171875 0.0125
0 0.6015625 0.1046875 0.01484375 0.03359375
0 0.5859375 0.00703125 0.01484375 0.0140625