0 0.9734375 0.9484375 0.03671875 0.10078125
0 0.984375 0.83671875 0.03046875 0.09296875
0 0.93828125 0.7984375 0.03828125 0.11171875
0 0.9078125 0.8265625 0.02890625 0.065625
0 0.821875 0.9015625 0.0359375 0.09453125
0 0.865625 0.94375 0.03828125 0.11015625
0 0.74453125 0.9390625 0.03984375 0.10859375
0 0.8078125 0.68125 0.03046875 0.096875
0 0.83984375 0.60859375 0.03359375 0.0984375
0 0.95 0.64296875 0.03203125 0.0984375
0 0.92109375 0.60859375 0.03515625 0.09140625
0 0.81640625 0.35859375 0.028125 0.096875
0 0.85390625 0.3625 0.0265625 0.0953125
0 0.87734375 0.36328125 0.03125 0.09921875
0 0.70546875 0.30546875 0.02578125 0.1
0 0.57421875 0.771875 0.03046875 0.0953125
0 0.4578125 0.76328125 0.03203125 0.1
0 0.4609375 0.60078125 0.02890625 0.1203125
0 0.26015625 0.5359375 0.03671875 0.1140625
0 0.25703125 0.43046875 0.0234375 0.0859375
0 0.32421875 0.23125 0.025 0.09609375
0 0.21640625 0.23125 0.03046875 0.1015625
0 0.228125 0.17109375 0.03515625 0.09921875
0 0.184375 0.17109375 0.02890625 0.08828125
0 0.15 0.28828125 0.02265625 0.09453125
0 0.1671875 0.3140625 0.040625 0.10546875
0 0.05625 0.24140625 0.03359375 0.08984375
0 0.034375 0.7640625 0.04296875 0.06953125
0 0.6015625 0.04296875 0.03359375 0.0859375