0 0.4828125 0.103125 0.00546875 0.01171875
0 0.4546875 0.115625 0.00859375 0.01328125
0 0.46640625 0.11640625 0.00625 0.015625
0 0.50390625 0.12421875 0.00859375 0.0140625
0 0.3265625 0.12890625 0.00859375 0.0171875
0 0.33671875 0.25546875 0.009375 0.01875
0 0.2578125 0.27421875 0.0125 0.01328125
0 0.6609375 0.27734375 0.00859375 0.0140625
0 0.2484375 0.2796875 0.00625 0.01171875
0 0.2546875 0.28828125 0.00703125 0.01015625
0 0.27578125 0.3984375 0.01015625 0.01328125
0 0.2609375 0.4421875 0.009375 0.01015625
0 0.24921875 0.44921875 0.00859375 0.0125
0 0.43125 0.49765625 0.00703125 0.00859375
0 0.19140625 0.53359375 0.0078125 0.01015625
0 0.14921875 0.56015625 0.01171875 0.0140625
0 0.86484375 0.06171875 0.009375 0.01640625
0 0.6125 0.6234375 0.00703125 0.0125
0 0.57421875 0.659375 0.0125 0.0171875
0 0.4984375 0.0671875 0.00625 0.01796875
0 0.46953125 0.090625 0.01015625 0.0140625
0 0.66640625 0.9421875 0.0078125 0.009375