0 0.87734375 0.67890625 0.01484375 0.01796875
0 0.55625 0.69375 0.01015625 0.01484375
0 0.23046875 0.84453125 0.00703125 0.01015625
0 0.9046875 0.85078125 0.0203125 0.01875
0 0.60703125 0.8859375 0.0078125 0.02421875
0 0.903125 0.9359375 0.01484375 0.01640625
0 0.64375 0.9375 0.0078125 0.01796875
0 0.91171875 0.9390625 0.01328125 0.02421875
0 0.57578125 0.94140625 0.00859375 0.025
0 0.5546875 0.94296875 0.01015625 0.0140625
0 0.3390625 0.95078125 0.01171875 0.0265625
0 0.33203125 0.9640625 0.0140625 0.0296875
0 0.9046875 0.96640625 0.0140625 0.01796875
0 0.9078125 0.9890625 0.01328125 0.01484375
0 0.33046875 0.990625 0.01875 0.01796875
0 0.91015625 0.996875 0.01015625 0.00625
0 0.9890625 0.99296875 0.015625 0.0140625
0 0.9015625 0.9984375 0.00625 0.003125
0 0.51328125 0.05625 0.0078125 0.0234375
0 0.5640625 0.3 0.0078125 0.01875
0 0.78984375 0.33828125 0.0203125 0.01484375
0 0.81328125 0.37265625 0.01328125 0.01328125
0 0.76796875 0.37421875 0.00625 0.01484375
0 0.74609375 0.38515625 0.0125 0.01015625
0 0.7453125 0.39453125 0.01171875 0.00859375
0 0.775 0.3984375 0.0125 0.00859375
0 0.76171875 0.40546875 0.0125 0.00859375
0 0.51484375 0.4234375 0.0078125 0.009375
0 0.56640625 0.43203125 0.01015625 0.01171875
0 0.490625 0.46328125 0.0109375 0.01171875
0 0.8984375 0.56796875 0.01484375 0.0140625
0 0.703125 0.57265625 0.01171875 0.0125
0 0.78671875 0.5765625 0.01484375 0.0125
0 0.66875 0.578125 0.01171875 0.0125
0 0.421875 0.590625 0.01015625 0.0109375
0 0.8359375 0.5984375 0.01171875 0.0140625
0 0.91953125 0.60078125 0.01171875 0.0140625
0 0.89609375 0.61328125 0.0140625 0.0125