0 0.46796875 0.365625 0.01796875 0.0359375
0 0.27421875 0.44765625 0.01484375 0.02109375
0 0.05703125 0.45546875 0.01953125 0.04921875
0 0.02421875 0.44140625 0.01640625 0.02265625
0 0.021875 0.490625 0.01640625 0.0171875
0 0.5765625 0.01640625 0.009375 0.02265625
0 0.58671875 0.0078125 0.0078125 0.01484375
0 0.578125 0.046875 0.009375 0.03046875
0 0.6015625 0.0453125 0.0109375 0.025
0 0.17265625 0.525 0.01796875 0.02265625
0 0.27265625 0.475 0.015625 0.03203125
0 0.74296875 0.00625 0.01171875 0.0125
0 0.60078125 0.02734375 0.0109375 0.01640625
0 0.6015625 0.01484375 0.01171875 0.01640625