0 0.5 0.2078125 0.009375 0.02890625
0 0.509375 0.12265625 0.01015625 0.0265625
0 0.51640625 0.190625 0.009375 0.03046875
0 0.76796875 0.08125 0.0125 0.025
0 0.8 0.08984375 0.01328125 0.02265625
0 0.81328125 0.08125 0.0125 0.03046875
0 0.82109375 0.11015625 0.0125 0.02734375
0 0.70390625 0.14921875 0.0109375 0.0265625
0 0.796875 0.15390625 0.0109375 0.03125
0 0.82890625 0.1875 0.01328125 0.02265625
0 0.89453125 0.19609375 0.0203125 0.0234375
0 0.871875 0.3046875 0.01484375 0.02109375
0 0.75703125 0.18203125 0.0109375 0.0296875
0 0.72109375 0.20546875 0.0125 0.02109375
0 0.9125 0.596875 0.009375 0.0203125
0 0.9734375 0.98671875 0.02890625 0.01328125
0 0.815625 0.965625 0.02578125 0.021875
0 0.75859375 0.86171875 0.01484375 0.01640625
0 0.76328125 0.81484375 0.01796875 0.0125
0 0.78671875 0.834375 0.01640625 0.0203125
0 0.80546875 0.84921875 0.0171875 0.02265625
0 0.81875 0.8375 0.02109375 0.015625
0 0.80078125 0.875 0.021875 0.02109375
0 0.8125 0.86640625 0.0171875 0.015625
0 0.8125 0.8796875 0.01171875 0.01640625
0 0.728125 0.72578125 0.01640625 0.02109375
0 0.64453125 0.7984375 0.01015625 0.015625
0 0.50703125 0.9453125 0.0125 0.02734375
0 0.51796875 0.9296875 0.01171875 0.02578125
0 0.55078125 0.9078125 0.01015625 0.0140625
0 0.50078125 0.33125 0.0078125 0.021875
0 0.5078125 0.384375 0.009375 0.02109375
0 0.49140625 0.40859375 0.01171875 0.02109375
0 0.49140625 0.4625 0.009375 0.01640625
0 0.5 0.49453125 0.0109375 0.01796875
0 0.540625 0.571875 0.009375 0.0140625
0 0.696875 0.37109375 0.0125 0.0171875