0 0.53046875 0.1265625 0.00546875 0.03046875
0 0.53203125 0.14140625 0.009375 0.02890625
0 0.53203125 0.02265625 0.0078125 0.025
0 0.5265625 0.02734375 0.00859375 0.02421875
0 0.4984375 0.30078125 0.0078125 0.0328125
0 0.490625 0.30234375 0.01015625 0.03671875
0 0.3453125 0.34296875 0.0125 0.0265625
0 0.29765625 0.58125 0.0078125 0.025
0 0.3 0.58515625 0.009375 0.0203125
0 0.53125 0.059375 0.00859375 0.03046875
0 0.3546875 0.6859375 0.0125 0.0265625
0 0.31953125 0.721875 0.01640625 0.02265625
0 0.31328125 0.73671875 0.01171875 0.03203125
0 0.46171875 0.73984375 0.00859375 0.040625
0 0.49765625 0.74609375 0.00859375 0.03828125
0 0.52578125 0.76484375 0.01015625 0.03203125
0 0.4546875 0.7703125 0.0125 0.025
0 0.4359375 0.8 0.0109375 0.0421875
0 0.5015625 0.09453125 0.00625 0.034375
0 0.51640625 0.9875 0.0265625 0.0203125