0 0.928125 0.00703125 0.03203125 0.0140625
0 0.7578125 0.0171875 0.0203125 0.034375
0 0.33203125 0.2703125 0.02265625 0.0296875
0 0.44375 0.27265625 0.01953125 0.03359375
0 0.834375 0.303125 0.0296875 0.0296875
0 0.0953125 0.31484375 0.02734375 0.0296875
0 0.30390625 0.33046875 0.0203125 0.03046875
0 0.26796875 0.33359375 0.02265625 0.02734375
0 0.26171875 0.3578125 0.0203125 0.02734375
0 0.29765625 0.3578125 0.02421875 0.0234375
0 0.0078125 0.36796875 0.015625 0.02734375
0 0.31015625 0.37109375 0.01953125 0.028125
0 0.2890625 0.37734375 0.0234375 0.02578125
0 0.265625 0.37890625 0.02265625 0.028125
0 0.9109375 0.6875 0.0328125 0.02734375
0 0.65078125 0.7109375 0.01484375 0.0265625
0 0.690625 0.80234375 0.02109375 0.03359375