0 0.51875 0.8109375 0.01484375 0.06015625
0 0.3015625 0.828125 0.01640625 0.053125
0 0.390625 0.5734375 0.0140625 0.04921875
0 0.26015625 0.47265625 0.015625 0.046875
0 0.078125 0.4671875 0.0140625 0.0421875
0 0.125 0.1625 0.0125 0.03671875
0 0.4046875 0.26875 0.0125 0.04140625
0 0.35546875 0.1609375 0.0109375 0.04140625
0 0.53515625 0.51484375 0.0125 0.04609375
0 0.6609375 0.3640625 0.0109375 0.04140625
0 0.80234375 0.3203125 0.0109375 0.0390625
0 0.54609375 0.1875 0.009375 0.03671875
0 0.5296875 0.0671875 0.00703125 0.034375
0 0.0671875 0.3125 0.015625 0.04921875
0 0.11953125 0.10546875 0.009375 0.02734375
0 0.9078125 0.51875 0.0171875 0.04921875