0 0.25859375 0.81953125 0.0265625 0.02734375
0 0.06484375 0.51640625 0.03515625 0.0375
0 0.44765625 0.32890625 0.0140625 0.0421875
0 0.709375 0.62421875 0.02421875 0.0390625
0 0.71953125 0.440625 0.02421875 0.04296875
0 0.75 0.41484375 0.02734375 0.0421875
0 0.43984375 0.95703125 0.02890625 0.04765625
0 0.59921875 0.578125 0.0171875 0.0421875
0 0.7953125 0.22890625 0.0125 0.04375
0 0.82734375 0.4609375 0.025 0.04609375
0 0.8640625 0.35234375 0.028125 0.0421875
0 0.82109375 0.121875 0.01796875 0.04140625
0 0.915625 0.1609375 0.01953125 0.0390625
0 0.9265625 0.16640625 0.021875 0.04453125
0 0.83515625 0.3140625 0.01875 0.0265625
0 0.8515625 0.33125 0.01640625 0.02421875
0 0.81171875 0.5359375 0.02421875 0.02421875