0 0.43984375 0.06796875 0.009375 0.01796875
0 0.675 0.7765625 0.021875 0.0328125
0 0.3859375 0.8265625 0.01484375 0.0234375
0 0.47890625 0.84140625 0.0171875 0.028125
0 0.3453125 0.9015625 0.0203125 0.0421875
0 0.45546875 0.009375 0.0078125 0.01875
0 0.49921875 0.14609375 0.0109375 0.028125
0 0.47890625 0.15234375 0.0109375 0.02265625
0 0.525 0.1953125 0.0109375 0.0203125
0 0.59296875 0.253125 0.01640625 0.01875
0 0.46875 0.2546875 0.01328125 0.03125
0 0.53515625 0.02109375 0.01171875 0.02265625
0 0.46953125 0.2875 0.0125 0.034375
0 0.47890625 0.3375 0.01015625 0.03203125
0 0.46328125 0.03046875 0.00859375 0.03515625
0 0.46171875 0.38359375 0.01015625 0.0265625
0 0.46328125 0.39609375 0.01015625 0.03359375
0 0.41875 0.4078125 0.0109375 0.03046875
0 0.4265625 0.409375 0.0078125 0.01875
0 0.446875 0.421875 0.01484375 0.0296875
0 0.99375 0.49140625 0.01171875 0.03125
0 0.9671875 0.4921875 0.0171875 0.025
0 0.9453125 0.496875 0.01875 0.025
0 0.67734375 0.53671875 0.01328125 0.03359375
0 0.728125 0.54140625 0.01484375 0.0265625
0 0.49453125 0.5625 0.01484375 0.03046875