0 0.44296875 0.228125 0.0046875 0.03203125
0 0.4375 0.23125 0.00859375 0.0328125
0 0.4359375 0.29140625 0.0078125 0.03671875
0 0.4328125 0.3359375 0.009375 0.034375
0 0.428125 0.3859375 0.00703125 0.0328125
0 0.59140625 0.3921875 0.00859375 0.0328125
0 0.57890625 0.4203125 0.01015625 0.03671875
0 0.4265625 0.4234375 0.00703125 0.02890625
0 0.56640625 0.04921875 0.0109375 0.0328125
0 0.59453125 0.49921875 0.01015625 0.03671875
0 0.41953125 0.5015625 0.009375 0.03046875
0 0.5875 0.503125 0.009375 0.03671875
0 0.47890625 0.53984375 0.0125 0.034375
0 0.71015625 0.5546875 0.009375 0.0328125
0 0.43203125 0.62109375 0.0125 0.0265625
0 0.575 0.64140625 0.0125 0.03203125
0 0.4640625 0.10859375 0.0046875 0.03203125