0 0.30078125 0.06875 0.02734375 0.05703125
0 0.1828125 0.690625 0.0390625 0.02578125
0 0.340625 0.07109375 0.01953125 0.05390625
0 0.43203125 0.734375 0.01953125 0.04140625
0 0.3890625 0.76015625 0.02421875 0.034375
0 0.25625 0.76171875 0.03671875 0.03671875
0 0.3546875 0.79375 0.03125 0.03046875
0 0.29453125 0.88984375 0.02890625 0.03515625
0 0.87265625 0.94296875 0.04375 0.05546875
0 0.29296875 0.0125 0.02734375 0.025
0 0.27578125 0.17265625 0.0265625 0.03359375
0 0.3078125 0.24296875 0.02578125 0.04296875
0 0.2546875 0.24921875 0.03046875 0.03671875
0 0.14921875 0.2734375 0.03671875 0.0359375
0 0.43359375 0.3203125 0.021875 0.034375
0 0.49453125 0.33515625 0.028125 0.04296875
0 0.44921875 0.3515625 0.0234375 0.034375
0 0.090625 0.3640625 0.046875 0.03125
0 0.32421875 0.03671875 0.025 0.05625
0 0.3578125 0.03671875 0.025 0.05390625
0 0.10703125 0.396875 0.0390625 0.03203125
0 0.60859375 0.48984375 0.02578125 0.025
0 0.37421875 0.55078125 0.0234375 0.0328125
0 0.32109375 0.66640625 0.02734375 0.03515625