0 0.91640625 0.93671875 0.03515625 0.090625
0 0.88046875 0.90234375 0.03125 0.08203125
0 0.81015625 0.871875 0.03984375 0.11796875
0 0.834375 0.90546875 0.03203125 0.0984375
0 0.73671875 0.9203125 0.03125 0.078125
0 0.65546875 0.62578125 0.034375 0.10859375
0 0.90390625 0.6015625 0.02578125 0.09609375
0 0.85390625 0.6125 0.03828125 0.103125
0 0.8296875 0.6015625 0.03125 0.0953125
0 0.809375 0.575 0.0296875 0.09296875
0 0.83828125 0.3359375 0.0265625 0.10546875
0 0.6 0.47578125 0.02890625 0.09296875
0 0.48359375 0.265625 0.01796875 0.0859375
0 0.45234375 0.3140625 0.0296875 0.11015625
0 0.41640625 0.359375 0.03203125 0.096875
0 0.4296875 0.521875 0.028125 0.103125
0 0.42109375 0.60625 0.03984375 0.078125
0 0.0734375 0.3078125 0.04609375 0.103125
0 0.03125 0.33125 0.04296875 0.0953125
0 0.46015625 0.04609375 0.0234375 0.0921875
0 0.4203125 0.03203125 0.02734375 0.0640625
0 0.36953125 0.03359375 0.0265625 0.0671875
0 0.9109375 0.1140625 0.0203125 0.07421875