0 0.33046875 0.5 0.00859375 0.01796875
0 0.42890625 0.6328125 0.00859375 0.02265625
0 0.1390625 0.5828125 0.01484375 0.01796875
0 0.14453125 0.5390625 0.009375 0.01328125
0 0.1578125 0.5390625 0.015625 0.01484375
0 0.15703125 0.5578125 0.01171875 0.02734375
0 0.20625 0.1328125 0.0125 0.028125
0 0.1984375 0.1546875 0.01015625 0.03828125
0 0.26875 0.28515625 0.01796875 0.03203125
0 0.31875 0.0484375 0.01484375 0.02421875
0 0.66015625 0.2546875 0.01171875 0.03203125
0 0.65625 0.23359375 0.0125 0.0265625
0 0.77109375 0.31640625 0.0125 0.03125
0 0.7875 0.3109375 0.01328125 0.02421875