0 0.50546875 0.075 0.00625 0.0125
0 0.47421875 0.0890625 0.009375 0.01484375
0 0.4875 0.08984375 0.00703125 0.0171875
0 0.52890625 0.09921875 0.009375 0.015625
0 0.33203125 0.10390625 0.009375 0.01875
0 0.34296875 0.24453125 0.01015625 0.02109375
0 0.25546875 0.265625 0.01328125 0.01484375
0 0.703125 0.26953125 0.009375 0.015625
0 0.24453125 0.271875 0.00703125 0.0125
0 0.25234375 0.28125 0.0078125 0.01171875
0 0.27578125 0.40390625 0.0109375 0.01484375
0 0.259375 0.453125 0.01015625 0.01171875
0 0.24609375 0.46015625 0.009375 0.0140625
0 0.4484375 0.5140625 0.0078125 0.009375
0 0.18125 0.5546875 0.00859375 0.01171875
0 0.13515625 0.584375 0.0125 0.015625
0 0.9296875 0.02890625 0.01015625 0.01796875
0 0.65 0.65390625 0.0078125 0.0140625
0 0.60703125 0.69375 0.01328125 0.01875
0 0.52265625 0.03515625 0.00703125 0.0203125
0 0.490625 0.06171875 0.0109375 0.015625