0 0.73984375 0.18125 0.0125 0.0484375
0 0.7421875 0.19921875 0.009375 0.03046875
0 0.484375 0.31953125 0.009375 0.0453125
0 0.54296875 0.328125 0.00703125 0.02890625
0 0.4109375 0.3328125 0.0109375 0.0421875
0 0.5640625 0.3328125 0.00625 0.034375
0 0.54609375 0.33984375 0.00859375 0.04296875
0 0.4234375 0.34140625 0.00859375 0.0328125
0 0.425 0.36015625 0.0078125 0.02265625
0 0.5609375 0.0390625 0.0078125 0.0265625
0 0.32890625 0.39375 0.01171875 0.04296875
0 0.5453125 0.04296875 0.00859375 0.0453125
0 0.425 0.4484375 0.01015625 0.0390625
0 0.621875 0.45546875 0.015625 0.03046875
0 0.33828125 0.04921875 0.0125 0.0265625
0 0.7203125 0.50390625 0.01484375 0.040625
0 0.38125 0.5453125 0.0078125 0.034375
0 0.30390625 0.059375 0.009375 0.03671875
0 0.31875 0.059375 0.01015625 0.03671875
0 0.2953125 0.06015625 0.00703125 0.0421875
0 0.3125 0.7203125 0.0140625 0.0421875
0 0.3578125 0.75078125 0.01640625 0.04453125
0 0.475 0.82421875 0.0140625 0.0390625
0 0.44609375 0.82890625 0.0109375 0.03046875
0 0.42421875 0.89609375 0.0203125 0.028125
0 0.81796875 0.94609375 0.0296875 0.04453125
0 0.83046875 0.9625 0.02890625 0.03671875
0 0.3125 0.11640625 0.01875 0.02890625