0 0.9046875 0.75703125 0.0234375 0.04921875
0 0.9109375 0.4203125 0.015625 0.0421875
0 0.859375 0.26171875 0.015625 0.04140625
0 0.671875 0.19375 0.0078125 0.03125
0 0.67734375 0.2109375 0.009375 0.0390625
0 0.75859375 0.134375 0.0109375 0.03359375
0 0.6109375 0.1984375 0.0109375 0.03828125
0 0.525 0.28828125 0.00859375 0.040625
0 0.5390625 0.46171875 0.009375 0.0515625
0 0.49375 0.8703125 0.0140625 0.05546875
0 0.3609375 0.86640625 0.021875 0.0484375
0 0.3765625 0.48984375 0.01484375 0.0484375
0 0.3828125 0.33515625 0.0125 0.04453125
0 0.29609375 0.2765625 0.0109375 0.04140625
0 0.1109375 0.32578125 0.0125 0.04296875
0 0.121875 0.27421875 0.01171875 0.03984375
0 0.15703125 0.0265625 0.01171875 0.034375
0 0.15234375 0.0578125 0.01015625 0.03203125
0 0.38828125 0.06328125 0.0109375 0.0375
0 0.96015625 0.60703125 0.025 0.03671875
0 0.00546875 0.490625 0.0109375 0.04140625
0 0.39921875 0.15546875 0.009375 0.0359375
0 0.53828125 0.0625 0.0078125 0.034375