0 0.5609375 0.271875 0.00703125 0.0265625
0 0.56640625 0.2765625 0.00703125 0.028125
0 0.55390625 0.2796875 0.00703125 0.0265625
0 0.46953125 0.29140625 0.00859375 0.03203125
0 0.4359375 0.3125 0.009375 0.03046875
0 0.56796875 0.42109375 0.009375 0.0203125
0 0.490625 0.4234375 0.0109375 0.01875
0 0.65078125 0.4890625 0.009375 0.03671875
0 0.45078125 0.053125 0.00546875 0.028125
0 0.66953125 0.56953125 0.00859375 0.03046875
0 0.55859375 0.57265625 0.02578125 0.0140625
0 0.509375 0.58359375 0.00859375 0.03046875
0 0.48515625 0.59296875 0.0125 0.03828125
0 0.63046875 0.596875 0.0078125 0.0265625
0 0.6390625 0.59921875 0.0125 0.02265625
0 0.49296875 0.6 0.00859375 0.02890625
0 0.44375 0.0609375 0.00625 0.025
0 0.4765625 0.0609375 0.00703125 0.028125
0 0.47109375 0.7375 0.00859375 0.04296875
0 0.4578125 0.73828125 0.009375 0.0328125
0 0.465625 0.74296875 0.0078125 0.0265625
0 0.45234375 0.1078125 0.009375 0.0203125