0 0.453125 0.0109375 0.00859375 0.021875
0 0.3390625 0.1640625 0.009375 0.01640625
0 0.35 0.225 0.00859375 0.0140625
0 0.359375 0.23125 0.009375 0.015625
0 0.559375 0.4015625 0.01015625 0.0171875
0 0.39375 0.45703125 0.01171875 0.0109375
0 0.384375 0.47109375 0.0109375 0.009375
0 0.375 0.48203125 0.01015625 0.01640625
0 0.2359375 0.51953125 0.0125 0.0109375
0 0.1796875 0.53359375 0.0140625 0.00859375
0 0.0859375 0.5546875 0.0203125 0.0109375
0 0.0671875 0.5703125 0.02109375 0.0078125
0 0.08125 0.65625 0.0171875 0.01171875
0 0.06328125 0.6640625 0.01875 0.009375
0 0.4828125 0.66875 0.0125 0.0234375
0 0.36171875 0.69921875 0.01328125 0.015625
0 0.09140625 0.75703125 0.0171875 0.0125
0 0.44609375 0.8828125 0.01015625 0.0203125