0 0.50546875 0.1671875 0.00703125 0.028125
0 0.68046875 0.2140625 0.00703125 0.02890625
0 0.66484375 0.2203125 0.00703125 0.01875
0 0.46640625 0.02578125 0.00859375 0.01875
0 0.69609375 0.2671875 0.01015625 0.0265625
0 0.71640625 0.375 0.0109375 0.01640625
0 0.71875 0.38125 0.01015625 0.021875
0 0.4671875 0.41796875 0.00703125 0.034375
0 0.46640625 0.43046875 0.0078125 0.0328125
0 0.45078125 0.44453125 0.00703125 0.03046875
0 0.45703125 0.45390625 0.00859375 0.034375
0 0.41328125 0.490625 0.01015625 0.03671875
0 0.4234375 0.49375 0.01015625 0.025
0 0.6109375 0.05 0.0078125 0.0265625
0 0.603125 0.05078125 0.00625 0.025
0 0.56953125 0.52578125 0.00859375 0.03671875
0 0.5765625 0.53125 0.00703125 0.02890625
0 0.4734375 0.565625 0.00859375 0.028125
0 0.60859375 0.56796875 0.00703125 0.021875
0 0.459375 0.6578125 0.00546875 0.02421875
0 0.47109375 0.6640625 0.00625 0.021875
0 0.478125 0.67109375 0.0078125 0.025
0 0.4671875 0.67890625 0.0078125 0.02265625
0 0.475 0.68515625 0.0078125 0.02265625
0 0.3984375 0.728125 0.01015625 0.03828125
0 0.53046875 0.734375 0.00703125 0.021875
0 0.53046875 0.74140625 0.01015625 0.03203125
0 0.45625 0.77890625 0.01171875 0.02890625
0 0.46875 0.0921875 0.00625 0.02421875
0 0.4421875 0.98125 0.00859375 0.03203125
0 0.43359375 0.98203125 0.0109375 0.028125