0 0.61640625 0.1125 0.00625 0.01796875
0 0.14296875 0.11953125 0.0109375 0.01640625
0 0.92109375 0.1578125 0.01171875 0.021875
0 0.5171875 0.178125 0.00625 0.01875
0 0.93359375 0.18203125 0.01015625 0.015625
0 0.7578125 0.1921875 0.009375 0.0203125
0 0.1453125 0.27109375 0.01171875 0.01796875
0 0.9171875 0.30390625 0.01171875 0.01796875
0 0.92421875 0.315625 0.0125 0.01875
0 0.6828125 0.03359375 0.0078125 0.01875
0 0.68671875 0.51171875 0.00859375 0.01640625
0 0.89921875 0.53515625 0.015625 0.01875
0 0.89453125 0.059375 0.009375 0.02109375
0 0.1078125 0.665625 0.0109375 0.01328125
0 0.0546875 0.678125 0.0125 0.01328125
0 0.1453125 0.71015625 0.01328125 0.0125
0 0.6984375 0.75703125 0.01171875 0.01796875
0 0.11171875 0.803125 0.01796875 0.01171875