0 0.0671875 0.66953125 0.05625 0.02265625
0 0.075 0.7078125 0.0296875 0.0234375
0 0.346875 0.5921875 0.01796875 0.02734375
0 0.37265625 0.56875 0.021875 0.0296875
0 0.43359375 0.60390625 0.02265625 0.028125
0 0.475 0.63671875 0.01328125 0.03046875
0 0.49765625 0.67421875 0.02421875 0.0328125
0 0.57109375 0.3421875 0.02578125 0.04140625
0 0.45390625 0.2375 0.021875 0.0421875
0 0.5484375 0.2734375 0.02265625 0.02265625
0 0.59296875 0.29921875 0.01484375 0.02421875
0 0.5921875 0.0265625 0.01875 0.053125
0 0.4953125 0.034375 0.021875 0.0375