0 0.20234375 0.08515625 0.0109375 0.02890625
0 0.21640625 0.0921875 0.0140625 0.03046875
0 0.29765625 0.134375 0.01015625 0.02578125
0 0.29609375 0.15 0.009375 0.02890625
0 0.30234375 0.15078125 0.009375 0.03125
0 0.27109375 0.00703125 0.0109375 0.0140625
0 0.31796875 0.00625 0.00625 0.01171875
0 0.3234375 0.00625 0.0078125 0.01171875
0 0.28125 0.2390625 0.01015625 0.03046875
0 0.290625 0.25078125 0.0140625 0.02734375
0 0.184375 0.2625 0.0125 0.02890625
0 0.19375 0.26640625 0.009375 0.02109375
0 0.31015625 0.01015625 0.01015625 0.0203125
0 0.1984375 0.3125 0.0171875 0.028125
0 0.15546875 0.3390625 0.0109375 0.0234375
0 0.16328125 0.0203125 0.0109375 0.02578125
0 0.28984375 0.46328125 0.015625 0.02890625
0 0.21640625 0.4671875 0.0140625 0.025
0 0.2890625 0.503125 0.015625 0.02890625
0 0.30859375 0.509375 0.0125 0.0328125
0 0.1546875 0.034375 0.0109375 0.025
0 0.3125 0.59609375 0.0125 0.02734375
0 0.32734375 0.61875 0.015625 0.02890625
0 0.30078125 0.621875 0.0140625 0.02890625
0 0.31484375 0.70546875 0.02109375 0.021875
0 0.303125 0.75234375 0.01484375 0.028125
0 0.15703125 0.778125 0.02109375 0.03203125
0 0.14140625 0.79296875 0.02265625 0.02421875
0 0.16640625 0.83359375 0.02578125 0.03125
0 0.07421875 0.06171875 0.01484375 0.02109375
0 0.3109375 0.88671875 0.015625 0.025