0 0.19609375 0.18828125 0.00859375 0.01875
0 0.66171875 0.21953125 0.0078125 0.0203125
0 0.6546875 0.221875 0.00390625 0.01796875
0 0.65 0.22265625 0.00390625 0.01875
0 0.621875 0.246875 0.00859375 0.021875
0 0.621875 0.02578125 0.00390625 0.01171875
0 0.62109375 0.271875 0.00625 0.01796875
0 0.65078125 0.28515625 0.00859375 0.0203125
0 0.6625 0.3234375 0.00703125 0.0203125
0 0.67265625 0.33828125 0.003125 0.0140625
0 0.66875 0.33984375 0.0046875 0.01640625
0 0.69453125 0.3796875 0.0078125 0.021875
0 0.62265625 0.4078125 0.01171875 0.01640625
0 0.13984375 0.41953125 0.0125 0.01875
0 0.60234375 0.4234375 0.00625 0.0265625
0 0.7109375 0.43125 0.00546875 0.0203125
0 0.703125 0.4375 0.0046875 0.02265625
0 0.69140625 0.45078125 0.0046875 0.0203125
0 0.71953125 0.5453125 0.00546875 0.02890625
0 0.7234375 0.546875 0.00546875 0.0203125
0 0.16484375 0.60390625 0.0109375 0.02265625
0 0.17109375 0.6203125 0.01015625 0.02265625
0 0.21796875 0.65078125 0.01015625 0.0203125
0 0.21953125 0.6703125 0.01171875 0.0203125
0 0.58046875 0.70234375 0.00859375 0.0265625
0 0.0234375 0.709375 0.0140625 0.025
0 0.6390625 0.07265625 0.00546875 0.0203125
0 0.64296875 0.07421875 0.00546875 0.01875
0 0.67109375 0.83984375 0.00703125 0.0265625
0 0.759375 0.84453125 0.00546875 0.01640625
0 0.76953125 0.846875 0.009375 0.021875
0 0.215625 0.89140625 0.01171875 0.021875
0 0.20625 0.8984375 0.00703125 0.02265625
0 0.23359375 0.9171875 0.00859375 0.01875
0 0.2265625 0.93125 0.01171875 0.0203125
0 0.7921875 0.97265625 0.00703125 0.01171875
0 0.7921875 0.9859375 0.0078125 0.0125