0 0.46015625 0.96953125 0.03515625 0.05859375
0 0.565625 0.94140625 0.03046875 0.090625
0 0.46171875 0.79296875 0.034375 0.103125
0 0.1734375 0.62578125 0.04140625 0.0984375
0 0.1453125 0.53046875 0.03984375 0.090625
0 0.2421875 0.33125 0.02734375 0.096875
0 0.29140625 0.19296875 0.03515625 0.1015625
0 0.246875 0.21875 0.03984375 0.1
0 0.23515625 0.1921875 0.01875 0.09375
0 0.14453125 0.2640625 0.0328125 0.1109375
0 0.13203125 0.16875 0.03515625 0.08671875
0 0.075 0.26640625 0.04140625 0.09609375
0 0.4328125 0.234375 0.03515625 0.09609375
0 0.25625 0.103125 0.025 0.08515625
0 0.7984375 0.909375 0.03515625 0.1046875
0 0.79453125 0.765625 0.0375 0.10546875
0 0.90390625 0.91171875 0.0421875 0.09921875
0 0.8921875 0.7890625 0.04375 0.12109375
0 0.940625 0.9015625 0.03828125 0.084375
0 0.95625 0.61875 0.0390625 0.090625
0 0.93046875 0.68046875 0.03203125 0.06484375
0 0.878125 0.4796875 0.03203125 0.08515625
0 0.92578125 0.47890625 0.03046875 0.0953125
0 0.959375 0.50078125 0.03359375 0.090625
0 0.86640625 0.253125 0.02890625 0.10390625
0 0.8125 0.2546875 0.02265625 0.1015625
0 0.8390625 0.25078125 0.0296875 0.09296875
0 0.7359375 0.184375 0.025 0.11171875