0 0.76484375 0.09375 0.01484375 0.040625
0 0.67265625 0.23515625 0.01640625 0.040625
0 0.75390625 0.378125 0.015625 0.03046875
0 0.653125 0.428125 0.01484375 0.02421875
0 0.26640625 0.46171875 0.01328125 0.025
0 0.2578125 0.4671875 0.015625 0.028125
0 0.50703125 0.50390625 0.01328125 0.025
0 0.49296875 0.50546875 0.0109375 0.025
0 0.25625 0.50859375 0.01953125 0.01953125
0 0.48984375 0.521875 0.01484375 0.025
0 0.13984375 0.53359375 0.021875 0.01796875
0 0.15859375 0.5375 0.01875 0.02265625
0 0.190625 0.54140625 0.02421875 0.01875
0 0.28828125 0.565625 0.0265625 0.034375
0 0.12578125 0.56640625 0.0203125 0.01875
0 0.234375 0.5703125 0.01796875 0.02109375
0 0.66015625 0.578125 0.01875 0.02578125
0 0.32734375 0.58359375 0.01796875 0.01796875
0 0.1453125 0.59453125 0.01953125 0.02265625
0 0.6703125 0.6546875 0.01953125 0.02421875
0 0.25234375 0.6609375 0.01796875 0.02109375
0 0.2375 0.6796875 0.0109375 0.01953125
0 0.2515625 0.68828125 0.01953125 0.02890625
0 0.209375 0.69453125 0.01875 0.02421875
0 0.3734375 0.715625 0.01875 0.01953125
0 0.23515625 0.72578125 0.0171875 0.01796875
0 0.2078125 0.76953125 0.0203125 0.02421875