0 0.4890625 0.1484375 0.01171875 0.025
0 0.50859375 0.24296875 0.009375 0.03203125
0 0.49609375 0.2515625 0.01015625 0.034375
0 0.67890625 0.25703125 0.01171875 0.03671875
0 0.47578125 0.26953125 0.00859375 0.03671875
0 0.696875 0.27890625 0.01015625 0.03671875
0 0.4671875 0.309375 0.009375 0.03515625
0 0.5703125 0.4125 0.00859375 0.03515625
0 0.56484375 0.41484375 0.00859375 0.03515625
0 0.43984375 0.44609375 0.00859375 0.0421875
0 0.56328125 0.05078125 0.009375 0.02265625
0 0.44765625 0.059375 0.00703125 0.0328125
0 0.6234375 0.7078125 0.0140625 0.0484375
0 0.4859375 0.071875 0.00859375 0.03203125
0 0.42890625 0.86484375 0.0109375 0.034375
0 0.79375 0.9125 0.0140625 0.03828125
0 0.7828125 0.9171875 0.0125 0.02890625
0 0.54453125 0.92890625 0.0125 0.04296875
0 0.47421875 0.09765625 0.00859375 0.0328125
0 0.46171875 0.10703125 0.00546875 0.02890625