0 0.33203125 0.12109375 0.01171875 0.028125
0 0.5453125 0.009375 0.00625 0.01875
0 0.57734375 0.01875 0.0078125 0.025
0 0.55546875 0.06328125 0.00859375 0.02578125
0 0.540625 0.09140625 0.009375 0.0390625
0 0.52890625 0.10234375 0.01015625 0.03046875
0 0.54140625 0.23046875 0.009375 0.02421875
0 0.54375 0.221875 0.01015625 0.025
0 0.93359375 0.26875 0.0203125 0.01875
0 0.8078125 0.86953125 0.0234375 0.01328125
0 0.86953125 0.4375 0.01640625 0.025
0 0.92421875 0.4765625 0.0140625 0.02578125
0 0.90703125 0.4921875 0.01953125 0.01953125
0 0.93203125 0.51953125 0.01640625 0.01875
0 0.89296875 0.54453125 0.021875 0.02421875
0 0.97265625 0.5984375 0.01875 0.0125
0 0.9171875 0.61875 0.0140625 0.01796875
0 0.553125 0.9125 0.01171875 0.01875
0 0.55390625 0.94375 0.01328125 0.01484375
0 0.5640625 0.878125 0.0109375 0.02421875
0 0.5328125 0.81875 0.01171875 0.02109375
0 0.53203125 0.91171875 0.0125 0.021875
0 0.5203125 0.93203125 0.009375 0.01875
0 0.575 0.6328125 0.015625 0.01875
0 0.58984375 0.74765625 0.01796875 0.01796875
0 0.709375 0.6140625 0.0125 0.01640625
0 0.5515625 0.45078125 0.01171875 0.02109375
0 0.496875 0.3578125 0.009375 0.01640625
0 0.65625 0.253125 0.01171875 0.03125
0 0.64375 0.25703125 0.01015625 0.025