0 0.084375 0.15703125 0.0375 0.03359375
0 0.6484375 0.1921875 0.0203125 0.03828125
0 0.65 0.27265625 0.01875 0.03125
0 0.39140625 0.56796875 0.0171875 0.02265625
0 0.36953125 0.5921875 0.0203125 0.02578125
0 0.85703125 0.8546875 0.0390625 0.03125
0 0.225 0.8796875 0.0359375 0.0375
0 0.25625 0.88984375 0.0234375 0.034375
0 0.225 0.90390625 0.02890625 0.02734375
0 0.2578125 0.9171875 0.02265625 0.025
0 0.421875 0.925 0.02109375 0.03359375
0 0.21640625 0.93828125 0.01953125 0.02109375
0 0.25859375 0.94921875 0.0390625 0.03203125