0 0.4890625 0.11171875 0.0109375 0.03984375
0 0.48984375 0.1578125 0.0140625 0.0390625
0 0.52890625 0.16171875 0.0125 0.034375
0 0.5296875 0.1734375 0.0109375 0.03515625
0 0.49765625 0.184375 0.01796875 0.034375
0 0.52578125 0.19609375 0.0109375 0.0421875
0 0.43046875 0.0203125 0.01796875 0.040625
0 0.64921875 0.0265625 0.0125 0.040625
0 0.56015625 0.02890625 0.01796875 0.03984375
0 0.59375 0.42109375 0.01640625 0.03203125
0 0.7578125 0.60859375 0.02421875 0.03203125
0 0.63828125 0.06796875 0.02109375 0.0390625
0 0.6125 0.840625 0.01796875 0.0390625