0 0.37890625 0.1234375 0.01640625 0.04375
0 0.2484375 0.16171875 0.0109375 0.046875
0 0.53125 0.18359375 0.0125 0.04453125
0 0.61171875 0.215625 0.0125 0.0390625
0 0.62578125 0.2203125 0.01640625 0.03828125
0 0.51484375 0.221875 0.01484375 0.0453125
0 0.4921875 0.22890625 0.0109375 0.03359375
0 0.39765625 0.23125 0.01875 0.04453125
0 0.53515625 0.24921875 0.0109375 0.02890625
0 0.6171875 0.43671875 0.01796875 0.03359375
0 0.4 0.4375 0.01875 0.065625
0 0.31015625 0.62421875 0.0234375 0.05
0 0.0609375 0.64765625 0.04140625 0.05390625
0 0.24140625 0.66875 0.01875 0.03671875
0 0.13203125 0.6703125 0.03125 0.05703125
0 0.1859375 0.67265625 0.02421875 0.05703125
0 0.39609375 0.00703125 0.009375 0.0140625
0 0.115625 0.69296875 0.034375 0.05546875
0 0.159375 0.7 0.02734375 0.05703125
0 0.00546875 0.7765625 0.01015625 0.053125
0 0.06171875 0.78359375 0.02734375 0.040625
0 0.08359375 0.81484375 0.03984375 0.06640625
0 0.015625 0.85546875 0.03125 0.05390625
0 0.04140625 0.91171875 0.04140625 0.04765625
0 0.1296875 0.92265625 0.028125 0.065625