0 0.08203125 0.784375 0.0203125 0.0578125
0 0.35390625 0.84375 0.01875 0.05078125
0 0.37421875 0.73515625 0.0203125 0.05625
0 0.56015625 0.75546875 0.0125 0.059375
0 0.84140625 0.4671875 0.01640625 0.04140625
0 0.81953125 0.3671875 0.0109375 0.04140625
0 0.4734375 0.5453125 0.0109375 0.046875
0 0.4890625 0.29453125 0.0078125 0.046875
0 0.46953125 0.17109375 0.00625 0.034375
0 0.5390625 0.10390625 0.0078125 0.0328125
0 0.778125 0.24140625 0.01328125 0.034375
0 0.33671875 0.56796875 0.0125 0.04921875
0 0.02890625 0.3515625 0.0125 0.0421875
0 0.11171875 0.21640625 0.0109375 0.040625
0 0.33125 0.33359375 0.0078125 0.0390625
0 0.36015625 0.2140625 0.009375 0.0375
0 0.27734375 0.17421875 0.009375 0.03671875
0 0.36875 0.08984375 0.0078125 0.03515625
0 0.57109375 0.10078125 0.0125 0.03515625