0 0.44765625 0.98046875 0.0359375 0.0390625
0 0.5578125 0.9578125 0.03203125 0.084375
0 0.45078125 0.809375 0.03515625 0.10625
0 0.15234375 0.63671875 0.04296875 0.1015625
0 0.1234375 0.53828125 0.04140625 0.09375
0 0.2234375 0.33203125 0.028125 0.1
0 0.27421875 0.1890625 0.0359375 0.10546875
0 0.22890625 0.21640625 0.04140625 0.103125
0 0.21640625 0.1890625 0.01953125 0.096875
0 0.12265625 0.26328125 0.03359375 0.11484375
0 0.11015625 0.1640625 0.0359375 0.08984375
0 0.0515625 0.265625 0.0421875 0.09921875
0 0.4203125 0.23203125 0.0359375 0.09921875
0 0.23828125 0.096875 0.02578125 0.08828125
0 0.79765625 0.9296875 0.03671875 0.1078125
0 0.79375 0.78125 0.0390625 0.109375
0 0.90703125 0.93203125 0.04375 0.10234375
0 0.89453125 0.80546875 0.0453125 0.125
0 0.94453125 0.92109375 0.0390625 0.08671875
0 0.96015625 0.62890625 0.040625 0.09375
0 0.934375 0.69296875 0.0328125 0.0671875
0 0.88046875 0.4859375 0.0328125 0.08828125
0 0.92890625 0.48515625 0.03125 0.0984375
0 0.9640625 0.5078125 0.03515625 0.09375
0 0.86796875 0.2515625 0.03046875 0.10703125
0 0.8125 0.253125 0.0234375 0.10546875
0 0.83984375 0.24921875 0.03046875 0.0953125
0 0.73359375 0.18125 0.02578125 0.115625