0 0.4265625 0.13515625 0.025 0.0546875
0 0.59765625 0.01875 0.0125 0.02890625
0 0.45390625 0.20703125 0.0171875 0.025
0 0.51328125 0.22421875 0.0203125 0.03203125
0 0.61796875 0.0234375 0.0171875 0.0390625
0 0.45 0.26015625 0.01640625 0.04296875
0 0.3625 0.2859375 0.025 0.02890625
0 0.39609375 0.30859375 0.015625 0.0328125
0 0.4046875 0.31171875 0.02109375 0.034375
0 0.37265625 0.315625 0.01640625 0.03046875
0 0.35078125 0.35234375 0.02109375 0.021875
0 0.34140625 0.36015625 0.0140625 0.03046875
0 0.45546875 0.3703125 0.01875 0.034375
0 0.19921875 0.37578125 0.02265625 0.01796875
0 0.26640625 0.38203125 0.01953125 0.0328125
0 0.3671875 0.4 0.0171875 0.03046875
0 0.31875 0.41484375 0.01796875 0.04296875
0 0.22265625 0.415625 0.01796875 0.01875
0 0.24765625 0.42578125 0.0359375 0.03671875
0 0.18984375 0.46328125 0.02109375 0.040625
0 0.22421875 0.48125 0.02734375 0.0265625
0 0.52109375 0.5125 0.02109375 0.025
0 0.1265625 0.55546875 0.03203125 0.03203125
0 0.0984375 0.56484375 0.0234375 0.03046875
0 0.1 0.6125 0.03046875 0.0265625
0 0.06171875 0.61171875 0.0375 0.0328125
0 0.13671875 0.646875 0.03359375 0.0390625
0 0.52890625 0.06796875 0.01875 0.03671875
0 0.634375 0.00859375 0.01328125 0.01640625
0 0.35 0.940625 0.01796875 0.04453125
0 0.596875 0.0109375 0.0109375 0.021875
0 0.65859375 0.0109375 0.01171875 0.021875
0 0.60390625 0.11171875 0.0140625 0.0328125
0 0.58828125 0.01171875 0.0140625 0.02265625