0 0.2609375 0.1359375 0.0125 0.01875
0 0.22265625 0.16171875 0.01015625 0.015625
0 0.121875 0.21015625 0.0125 0.021875
0 0.23671875 0.2140625 0.0140625 0.0203125
0 0.38125 0.26796875 0.01171875 0.01328125
0 0.478125 0.26875 0.00859375 0.0171875
0 0.37421875 0.02890625 0.00625 0.0203125
0 0.475 0.30078125 0.009375 0.01640625
0 0.6375 0.30625 0.0078125 0.01796875
0 0.62578125 0.3125 0.01015625 0.009375
0 0.6296875 0.325 0.009375 0.01328125
0 0.63203125 0.33359375 0.0109375 0.0125
0 0.62734375 0.34296875 0.0109375 0.0125
0 0.4296875 0.35390625 0.0109375 0.01875
0 0.42734375 0.0359375 0.00859375 0.02109375