0 0.55234375 0.034375 0.0078125 0.0234375
0 0.5734375 0.05 0.0078125 0.021875
0 0.59140625 0.08359375 0.00703125 0.0203125
0 0.565625 0.0890625 0.0078125 0.01796875
0 0.56640625 0.11953125 0.00703125 0.021875
0 0.62734375 0.12421875 0.0078125 0.025
0 0.60625 0.1328125 0.00859375 0.0171875
0 0.62734375 0.13359375 0.00703125 0.02109375
0 0.72421875 0.13671875 0.01171875 0.0234375
0 0.57578125 0.14765625 0.00546875 0.0171875
0 0.55859375 0.16015625 0.00703125 0.021875
0 0.84140625 0.18828125 0.00859375 0.021875
0 0.8359375 0.19140625 0.0109375 0.0203125
0 0.86171875 0.2390625 0.0109375 0.02109375
0 0.79453125 0.2734375 0.0109375 0.01796875
0 0.4109375 0.30234375 0.00859375 0.02109375
0 0.40625 0.3203125 0.01015625 0.02109375
0 0.64140625 0.49765625 0.0125 0.0203125
0 0.171875 0.596875 0.01171875 0.0171875
0 0.66484375 0.00625 0.00859375 0.0125