0 0.26328125 0.13359375 0.009375 0.03515625
0 0.6875 0.13515625 0.0046875 0.03359375
0 0.24140625 0.13515625 0.0109375 0.04296875
0 0.6953125 0.13515625 0.01015625 0.04140625
0 0.71875 0.13671875 0.01171875 0.04140625
0 0.725 0.14140625 0.009375 0.03515625
0 0.271875 0.146875 0.0078125 0.02421875
0 0.7046875 0.14921875 0.0109375 0.03359375
0 0.71171875 0.159375 0.009375 0.0375
0 0.284375 0.171875 0.0078125 0.03671875
0 0.71875 0.17421875 0.01015625 0.046875
0 0.50859375 0.17734375 0.00703125 0.02578125
0 0.7015625 0.18515625 0.0125 0.0390625
0 0.71328125 0.18828125 0.01171875 0.04453125
0 0.66015625 0.19375 0.01015625 0.04453125
0 0.64921875 0.20625 0.009375 0.040625
0 0.2765625 0.21328125 0.0109375 0.0375
0 0.178125 0.25625 0.0125 0.03203125
0 0.1671875 0.25703125 0.009375 0.03203125
0 0.2125 0.27890625 0.015625 0.040625
0 0.20546875 0.284375 0.0125 0.04296875
0 0.16484375 0.31796875 0.01328125 0.040625
0 0.22734375 0.028125 0.01015625 0.040625
0 0.19140625 0.3265625 0.01171875 0.04453125
0 0.17890625 0.328125 0.0125 0.046875
0 0.24609375 0.03046875 0.01015625 0.03671875
0 0.153125 0.340625 0.0125 0.0375
0 0.1640625 0.3453125 0.0125 0.04296875
0 0.2328125 0.0328125 0.00859375 0.03671875
0 0.1609375 0.37578125 0.0140625 0.03515625
0 0.14296875 0.38046875 0.01328125 0.04453125
0 0.12109375 0.3828125 0.0140625 0.040625
0 0.15078125 0.39296875 0.0140625 0.03359375
0 0.12890625 0.4046875 0.0140625 0.03671875
0 0.1640625 0.41015625 0.01796875 0.04140625
0 0.17421875 0.43125 0.0140625 0.040625
0 0.15703125 0.44453125 0.0140625 0.040625
0 0.12421875 0.4453125 0.015625 0.046875
0 0.134375 0.45078125 0.01484375 0.05
0 0.1125 0.4828125 0.01796875 0.040625
0 0.09921875 0.5125 0.01640625 0.03515625
0 0.11796875 0.525 0.01640625 0.0390625
0 0.128125 0.53203125 0.01171875 0.04296875
0 0.1390625 0.5359375 0.01796875 0.05
0 0.11015625 0.55703125 0.01640625 0.0390625
0 0.1015625 0.5578125 0.01484375 0.03515625
0 0.1125 0.6 0.01875 0.04296875
0 0.0875 0.63359375 0.0171875 0.0375
0 0.1296875 0.640625 0.01640625 0.04453125
0 0.20234375 0.0609375 0.0140625 0.03515625
0 0.08203125 0.73125 0.0125 0.02578125
0 0.20234375 0.071875 0.0125 0.03671875
0 0.021875 0.78203125 0.02421875 0.0375
0 0.0671875 0.7890625 0.0140625 0.03359375
0 0.01015625 0.85859375 0.0203125 0.03515625
0 0.0390625 0.8734375 0.021875 0.0375
0 0.00859375 0.87421875 0.0171875 0.0390625
0 0.81015625 0.9140625 0.01796875 0.04609375
0 0.03203125 0.91875 0.02265625 0.03359375
0 0.29140625 0.090625 0.00703125 0.03203125
0 0.0375 0.95546875 0.0125 0.02734375
0 0.2734375 0.10625 0.00859375 0.0375
0 0.30859375 0.1125 0.0109375 0.04140625
0 0.28359375 0.11328125 0.009375 0.0375
0 0.31015625 0.1203125 0.00859375 0.04140625
0 0.26953125 0.12265625 0.0109375 0.040625
0 0.70390625 0.12265625 0.01015625 0.03203125
0 0.31640625 0.1296875 0.009375 0.040625