0 0.66171875 0.1671875 0.0046875 0.0203125
0 0.21796875 0.18125 0.0078125 0.02265625
0 0.60078125 0.20078125 0.00546875 0.0203125
0 0.27109375 0.35703125 0.00859375 0.021875
0 0.69375 0.47734375 0.00390625 0.0203125
0 0.7 0.478125 0.0078125 0.02265625
0 0.6125 0.4984375 0.00546875 0.01875
0 0.61875 0.5015625 0.0046875 0.021875
0 0.625 0.503125 0.003125 0.01875
0 0.63359375 0.5046875 0.00703125 0.0203125
0 0.62109375 0.534375 0.00546875 0.02265625
0 0.6171875 0.53515625 0.00390625 0.021875
0 0.6125 0.53515625 0.00390625 0.02421875
0 0.228125 0.64765625 0.0109375 0.0265625
0 0.69453125 0.71484375 0.00546875 0.01484375
0 0.734375 0.8796875 0.0109375 0.0328125
0 0.7234375 0.9828125 0.0109375 0.02890625
0 0.58203125 0.12421875 0.009375 0.01796875