0 0.33828125 0.95546875 0.00703125 0.01484375
0 0.14140625 0.165625 0.00625 0.01875
0 0.334375 0.19453125 0.0046875 0.01484375
0 0.34765625 0.2140625 0.0046875 0.015625
0 0.86015625 0.5734375 0.00703125 0.0203125
0 0.3671875 0.5765625 0.0046875 0.0109375
0 0.88828125 0.6015625 0.00703125 0.01171875
0 0.3734375 0.63046875 0.00390625 0.01171875
0 0.7078125 0.73046875 0.00859375 0.009375
0 0.77734375 0.74140625 0.00703125 0.00859375
0 0.79765625 0.74921875 0.00859375 0.00625
0 0.79765625 0.75625 0.00703125 0.00625
0 0.41796875 0.79375 0.00546875 0.01015625
0 0.425 0.8015625 0.00390625 0.00859375
0 0.0328125 0.80625 0.01171875 0.015625
0 0.175 0.809375 0.00625 0.00703125
0 0.8984375 0.828125 0.009375 0.009375
0 0.12265625 0.8625 0.009375 0.015625
0 0.0625 0.8796875 0.00703125 0.01640625
0 0.0703125 0.8796875 0.00703125 0.01328125
0 0.0171875 0.884375 0.00703125 0.0140625
0 0.02578125 0.88671875 0.00859375 0.01171875
0 0.15078125 0.88828125 0.00703125 0.01484375