0 0.30546875 0.03046875 0.0125 0.01796875
0 0.0171875 0.0375 0.034375 0.0515625
0 0.31171875 0.03828125 0.01640625 0.05234375
0 0.9859375 0.79296875 0.028125 0.02421875
0 0.59921875 0.821875 0.01953125 0.02265625
0 0.5203125 0.04765625 0.0125 0.0359375
0 0.634375 0.91640625 0.025 0.0296875
0 0.74921875 0.934375 0.02734375 0.05
0 0.47890625 0.0546875 0.015625 0.03984375
0 0.34609375 0.06015625 0.0265625 0.04453125
0 0.64921875 0.9953125 0.02265625 0.009375
0 0.3078125 0.08984375 0.0109375 0.0375
0 0.1171875 0.09140625 0.028125 0.04296875
0 0.43671875 0.09296875 0.0171875 0.03984375
0 0.37421875 0.11171875 0.015625 0.04453125
0 0.609375 0.13515625 0.01328125 0.04765625
0 0.6421875 0.146875 0.0140625 0.04140625
0 0.63125 0.14765625 0.0140625 0.03515625
0 0.409375 0.165625 0.01484375 0.04140625
0 0.478125 0.17421875 0.009375 0.02421875
0 0.490625 0.184375 0.01484375 0.0359375
0 0.26796875 0.00859375 0.0234375 0.0171875
0 0.7203125 0.41875 0.0296875 0.0390625
0 0.1203125 0.5453125 0.03125 0.04296875
0 0.59609375 0.54609375 0.01796875 0.0296875
0 0.69375 0.54609375 0.02890625 0.028125
0 0.68046875 0.603125 0.02265625 0.02109375
0 0.65390625 0.60625 0.02421875 0.028125
0 0.20625 0.0265625 0.02421875 0.046875