0 0.38828125 0.09921875 0.00859375 0.02734375
0 0.40078125 0.13203125 0.00703125 0.0296875
0 0.41953125 0.13203125 0.009375 0.02890625
0 0.446875 0.1359375 0.0109375 0.0265625
0 0.49296875 0.13984375 0.0078125 0.021875
0 0.4359375 0.15078125 0.0078125 0.03046875
0 0.7515625 0.1578125 0.00859375 0.0296875
0 0.49140625 0.16796875 0.00859375 0.0296875
0 0.51484375 0.1796875 0.0125 0.034375
0 0.49609375 0.2015625 0.0140625 0.0265625
0 0.52421875 0.240625 0.00859375 0.03125
0 0.94140625 0.24921875 0.015625 0.03359375
0 0.5 0.278125 0.01328125 0.04375
0 0.36640625 0.02890625 0.00546875 0.02265625
0 0.803125 0.2875 0.0125 0.03125
0 0.55 0.296875 0.01328125 0.02734375
0 0.46796875 0.32421875 0.0109375 0.03125
0 0.5421875 0.334375 0.0125 0.0375
0 0.6015625 0.415625 0.015625 0.04296875
0 0.525 0.47890625 0.01640625 0.04375
0 0.54375 0.48671875 0.01484375 0.0515625
0 0.3953125 0.0734375 0.0078125 0.02890625
0 0.2796875 0.075 0.009375 0.02890625
0 0.38984375 0.0859375 0.00546875 0.02578125