0 0.25625 0.08828125 0.02265625 0.040625
0 0.090625 0.71171875 0.03671875 0.02109375
0 0.08828125 0.72578125 0.03671875 0.02421875
0 0.05078125 0.88515625 0.0390625 0.03828125
0 0.125 0.83125 0.02734375 0.0296875
0 0.1671875 0.8 0.02890625 0.02890625
0 0.2640625 0.83515625 0.01640625 0.025
0 0.18984375 0.66328125 0.02578125 0.021875
0 0.215625 0.665625 0.0265625 0.02265625
0 0.2046875 0.6390625 0.01875 0.0125
0 0.221875 0.640625 0.021875 0.0140625
0 0.25078125 0.6125 0.0171875 0.0296875
0 0.29921875 0.6265625 0.01875 0.0140625
0 0.3 0.640625 0.0171875 0.015625
0 0.396875 0.540625 0.01640625 0.0203125
0 0.41796875 0.52578125 0.01875 0.0203125
0 0.69296875 0.31640625 0.01953125 0.0265625
0 0.71171875 0.31015625 0.0171875 0.025
0 0.64921875 0.465625 0.02109375 0.0328125
0 0.665625 0.4875 0.0171875 0.0171875
0 0.978125 0.33828125 0.03984375 0.0203125
0 0.978125 0.4546875 0.028125 0.02265625
0 0.9859375 0.44296875 0.02734375 0.0265625
0 0.81796875 0.42265625 0.00859375 0.0140625
0 0.83515625 0.41796875 0.0140625 0.015625
0 0.88203125 0.6109375 0.0203125 0.02734375
0 0.52265625 0.725 0.015625 0.025
0 0.53125 0.66640625 0.01328125 0.0171875
0 0.446875 0.70078125 0.01484375 0.02421875
0 0.4109375 0.715625 0.021875 0.02890625
0 0.39296875 0.7828125 0.01484375 0.0296875