0 0.50625 0.12890625 0.0078125 0.034375
0 0.50078125 0.13046875 0.0078125 0.03828125
0 0.3015625 0.18671875 0.00625 0.02890625
0 0.29140625 0.19921875 0.0078125 0.03046875
0 0.22734375 0.00703125 0.0078125 0.0140625
0 0.24609375 0.0078125 0.0078125 0.015625
0 0.34140625 0.21796875 0.0078125 0.025
0 0.2359375 0.00859375 0.00859375 0.0171875
0 0.65703125 0.29765625 0.00703125 0.025
0 0.26015625 0.0109375 0.00859375 0.02109375
0 0.3125 0.31328125 0.009375 0.0265625
0 0.6734375 0.3484375 0.0078125 0.02890625
0 0.36328125 0.409375 0.0078125 0.028125
0 0.70625 0.41796875 0.0109375 0.0265625
0 0.74140625 0.425 0.00859375 0.02265625
0 0.73046875 0.44921875 0.009375 0.01875
0 0.775 0.4546875 0.01171875 0.02421875
0 0.7234375 0.459375 0.009375 0.025
0 0.796875 0.47265625 0.01484375 0.02265625
0 0.784375 0.47734375 0.01171875 0.02109375
0 0.77734375 0.4984375 0.01328125 0.02421875
0 0.746875 0.5 0.01328125 0.02109375
0 0.73515625 0.50234375 0.00859375 0.01953125
0 0.79296875 0.503125 0.0125 0.025
0 0.7390625 0.51953125 0.009375 0.028125
0 0.7734375 0.52109375 0.01015625 0.02421875
0 0.7859375 0.52265625 0.01171875 0.02421875
0 0.73828125 0.534375 0.0109375 0.034375
0 0.27734375 0.0359375 0.0078125 0.0265625
0 0.4203125 0.59921875 0.0078125 0.02421875
0 0.42265625 0.615625 0.0078125 0.02109375
0 0.3703125 0.6984375 0.0078125 0.02265625
0 0.39453125 0.7 0.00703125 0.02421875
0 0.36171875 0.72578125 0.0078125 0.02265625
0 0.346875 0.75625 0.0078125 0.02109375
0 0.3921875 0.75625 0.01015625 0.02265625
0 0.3171875 0.784375 0.01171875 0.025
0 0.078125 0.88671875 0.02109375 0.01953125
0 0.00546875 0.94296875 0.01015625 0.0265625