0 0.42578125 0.1484375 0.00625 0.0234375
0 0.96328125 0.20390625 0.01171875 0.0171875
0 0.9484375 0.215625 0.0140625 0.01953125
0 0.3890625 0.01328125 0.0109375 0.02578125
0 0.82109375 0.3078125 0.01171875 0.0140625
0 0.6265625 0.3109375 0.0125 0.025
0 0.2125 0.01796875 0.01796875 0.02890625
0 0.2625 0.03046875 0.0125 0.02734375
0 0.01015625 0.4328125 0.0203125 0.01953125
0 0.1453125 0.53046875 0.0140625 0.01953125
0 0.27421875 0.6359375 0.0140625 0.01171875
0 0.296875 0.6609375 0.0109375 0.0171875
0 0.84296875 0.6984375 0.01640625 0.021875
0 0.8359375 0.71796875 0.01640625 0.01953125
0 0.0375 0.77578125 0.01796875 0.01796875
0 0.08125 0.8265625 0.0203125 0.01796875
0 0.03203125 0.87421875 0.028125 0.025
0 0.09453125 0.8828125 0.01640625 0.02890625
0 0.1046875 0.8921875 0.01640625 0.01953125
0 0.0140625 0.9390625 0.015625 0.025
0 0.0296875 0.94609375 0.025 0.0171875
0 0.94296875 0.0921875 0.02109375 0.025
0 0.38203125 0.00390625 0.0109375 0.0078125