0 0.86328125 0.2234375 0.00859375 0.0203125
0 0.78515625 0.246875 0.01328125 0.03125
0 0.44375 0.25078125 0.0109375 0.02734375
0 0.1046875 0.25703125 0.01875 0.0296875
0 0.47578125 0.2640625 0.01015625 0.02890625
0 0.08125 0.2640625 0.021875 0.02578125
0 0.815625 0.265625 0.0125 0.02890625
0 0.58046875 0.26796875 0.009375 0.02734375
0 0.25625 0.2703125 0.01171875 0.01640625
0 0.22265625 0.2734375 0.01640625 0.025
0 0.24921875 0.275 0.0171875 0.02734375
0 0.91953125 0.2765625 0.015625 0.02734375
0 0.40390625 0.2765625 0.0109375 0.0296875
0 0.21328125 0.278125 0.01015625 0.0171875
0 0.86796875 0.2796875 0.01171875 0.02890625
0 0.63359375 0.28125 0.01171875 0.02578125
0 0.1203125 0.2875 0.01953125 0.0296875
0 0.21328125 0.28828125 0.0140625 0.02734375
0 0.0828125 0.290625 0.01953125 0.03046875
0 0.23203125 0.29609375 0.01484375 0.02578125
0 0.4859375 0.29609375 0.01171875 0.03046875
0 0.8640625 0.3 0.01015625 0.025
0 0.34609375 0.30546875 0.009375 0.01875
0 0.59453125 0.3078125 0.01015625 0.025
0 0.30078125 0.321875 0.0125 0.02890625
0 0.834375 0.3296875 0.0140625 0.03515625
0 0.11796875 0.33515625 0.0140625 0.0265625
0 0.85234375 0.33984375 0.0140625 0.02265625
0 0.84375 0.340625 0.009375 0.01796875
0 0.2671875 0.34921875 0.015625 0.0265625
0 0.65859375 0.35625 0.0109375 0.025
0 0.1078125 0.35703125 0.01953125 0.03203125
0 0.70859375 0.3671875 0.01484375 0.0296875
0 0.275 0.3703125 0.0125 0.02734375
0 0.2125 0.3734375 0.01875 0.0265625
0 0.19921875 0.41953125 0.01484375 0.03125
0 0.6484375 0.4640625 0.015625 0.0265625
0 0.81875 0.4703125 0.0140625 0.025
0 0.8 0.4875 0.0171875 0.02890625
0 0.80546875 0.50625 0.01640625 0.02734375
0 0.803125 0.6078125 0.01953125 0.02734375
0 0.86171875 0.6328125 0.015625 0.02578125
0 0.83671875 0.7375 0.02109375 0.0296875
0 0.86875 0.8109375 0.0140625 0.0296875