0 0.44296875 0.0453125 0.01640625 0.065625
0 0.465625 0.05703125 0.01953125 0.05703125
0 0.5234375 0.20546875 0.02578125 0.05859375
0 0.62734375 0.3234375 0.02734375 0.0546875
0 0.2359375 0.43203125 0.02265625 0.0453125
0 0.36015625 0.753125 0.021875 0.02734375
0 0.38359375 0.79453125 0.02265625 0.03671875
0 0.35625 0.6890625 0.01953125 0.02421875
0 0.3859375 0.71328125 0.02109375 0.03828125
0 0.79921875 0.29921875 0.02421875 0.05390625
0 0.8125 0.30234375 0.021875 0.05625
0 0.825 0.27421875 0.01640625 0.040625