0 0.48984375 0.6796875 0.01015625 0.02578125
0 0.46171875 0.703125 0.0140625 0.02421875
0 0.47265625 0.71875 0.0140625 0.025
0 0.415625 0.72421875 0.00859375 0.01484375
0 0.4609375 0.725 0.01171875 0.0234375
0 0.40546875 0.740625 0.0109375 0.0234375
0 0.43984375 0.76328125 0.0203125 0.02109375
0 0.50703125 0.06953125 0.00859375 0.02421875
0 0.79921875 0.953125 0.02578125 0.021875
0 0.7796875 0.9953125 0.021875 0.009375
0 0.4640625 0.12265625 0.0109375 0.03359375
0 0.47265625 0.1234375 0.00859375 0.03203125
0 0.54453125 0.15625 0.0140625 0.02265625
0 0.45 0.16328125 0.01328125 0.0328125
0 0.4328125 0.2203125 0.01015625 0.02109375
0 0.4640625 0.228125 0.01015625 0.03515625
0 0.43359375 0.0234375 0.00859375 0.0296875
0 0.49453125 0.46640625 0.0125 0.02734375
0 0.4703125 0.5 0.01171875 0.02578125
0 0.48828125 0.028125 0.01015625 0.0171875
0 0.471875 0.55 0.01015625 0.02890625
0 0.5140625 0.57578125 0.01484375 0.028125