0 0.7890625 0.1015625 0.01015625 0.03828125
0 0.59609375 0.1171875 0.00859375 0.0453125
0 0.5875 0.11953125 0.0171875 0.05234375
0 0.51796875 0.13125 0.01484375 0.046875
0 0.5015625 0.1390625 0.0125 0.034375
0 0.46171875 0.18671875 0.01171875 0.05078125
0 0.63203125 0.34765625 0.01328125 0.0546875
0 0.60703125 0.3578125 0.01171875 0.046875
0 0.60234375 0.3953125 0.01171875 0.05078125
0 0.63046875 0.403125 0.02265625 0.046875
0 0.646875 0.41015625 0.01171875 0.03671875
0 0.66640625 0.4234375 0.01328125 0.04921875
0 0.64453125 0.42421875 0.01640625 0.03671875
0 0.58828125 0.428125 0.01484375 0.05625
0 0.378125 0.43359375 0.01484375 0.0453125
0 0.6234375 0.44296875 0.0125 0.0453125
0 0.6484375 0.44765625 0.0109375 0.046875
0 0.64140625 0.44921875 0.00859375 0.04375
0 0.69140625 0.459375 0.01328125 0.04765625
0 0.63203125 0.465625 0.01328125 0.05234375
0 0.61328125 0.48671875 0.015625 0.0640625
0 0.4265625 0.48828125 0.0171875 0.053125
0 0.68125 0.48828125 0.021875 0.06171875
0 0.18984375 0.5 0.01875 0.04140625
0 0.38984375 0.50625 0.0125 0.0421875
0 0.640625 0.5125 0.01484375 0.04375
0 0.41328125 0.52734375 0.01953125 0.04921875
0 0.375 0.5296875 0.01640625 0.05078125
0 0.4390625 0.54921875 0.0125 0.046875
0 0.35546875 0.55 0.015625 0.0421875
0 0.1546875 0.58359375 0.02578125 0.06015625
0 0.4109375 0.63046875 0.01953125 0.05078125
0 0.07890625 0.67421875 0.03515625 0.0578125
0 0.47890625 0.70625 0.01328125 0.04765625
0 0.40390625 0.721875 0.01640625 0.04921875
0 0.38671875 0.725 0.0125 0.03125
0 0.41796875 0.73125 0.0125 0.04140625
0 0.31796875 0.7359375 0.0171875 0.04765625
0 0.35625 0.746875 0.015625 0.046875
0 0.3890625 0.7546875 0.0234375 0.06015625