0 0.45703125 0.97578125 0.01484375 0.01640625
0 0.62421875 0.97890625 0.0125 0.01328125
0 0.52109375 0.98203125 0.01015625 0.01875
0 0.6359375 0.9921875 0.0125 0.01328125
0 0.95859375 0.1453125 0.0171875 0.0234375
0 0.5203125 0.45 0.00703125 0.0203125
0 0.62265625 0.45078125 0.01015625 0.0140625
0 0.60703125 0.459375 0.01015625 0.015625
0 0.5515625 0.490625 0.01171875 0.015625
0 0.68359375 0.58828125 0.009375 0.0140625
0 0.6984375 0.6125 0.01484375 0.01640625
0 0.22265625 0.6453125 0.01171875 0.01640625
0 0.7078125 0.85703125 0.0125 0.01875