0 0.5375 0.328125 0.015625 0.04453125
0 0.846875 0.484375 0.0296875 0.03828125
0 0.8984375 0.50390625 0.0359375 0.03515625
0 0.8859375 0.51953125 0.03359375 0.03359375
0 0.7359375 0.5234375 0.01953125 0.03515625
0 0.9359375 0.59921875 0.03515625 0.04765625
0 0.75703125 0.68359375 0.021875 0.03828125
0 0.86484375 0.69921875 0.03125 0.0359375
0 0.95 0.71953125 0.04375 0.03359375
0 0.584375 0.80625 0.02421875 0.0390625
0 0.66796875 0.87421875 0.0390625 0.03828125
0 0.7 0.884375 0.0234375 0.03359375