0 0.0421875 0.16328125 0.01953125 0.02578125
0 0.00703125 0.20703125 0.01328125 0.01875
0 0.02421875 0.20078125 0.015625 0.02265625
0 0.0125 0.1921875 0.01875 0.0265625
0 0.0328125 0.19375 0.01796875 0.021875
0 0.03671875 0.2203125 0.0140625 0.02109375
0 0.05 0.215625 0.01328125 0.0234375
0 0.12265625 0.1984375 0.015625 0.01875
0 0.11484375 0.1890625 0.01171875 0.02578125
0 0.2046875 0.178125 0.01640625 0.025
0 0.215625 0.184375 0.0125 0.02109375
0 0.1765625 0.21171875 0.01328125 0.021875
0 0.1515625 0.23828125 0.0171875 0.02265625
0 0.0703125 0.39765625 0.02109375 0.021875
0 0.06015625 0.409375 0.01953125 0.0203125
0 0.16328125 0.4140625 0.01640625 0.02265625
0 0.165625 0.36875 0.01328125 0.021875
0 0.12890625 0.496875 0.0171875 0.01640625
0 0.4859375 0.21796875 0.009375 0.02265625
0 0.5015625 0.221875 0.00703125 0.02109375
0 0.49609375 0.2125 0.00859375 0.02109375
0 0.509375 0.2640625 0.00859375 0.01796875
0 0.5390625 0.41953125 0.0109375 0.0125