0 0.3625 0.19375 0.01171875 0.0296875
0 0.3734375 0.19453125 0.0109375 0.0296875
0 0.3546875 0.196875 0.00859375 0.03125
0 0.35703125 0.2125 0.0109375 0.03359375
0 0.55 0.25859375 0.009375 0.0328125
0 0.53515625 0.265625 0.00859375 0.03359375
0 0.54296875 0.2828125 0.00703125 0.02890625
0 0.5640625 0.29921875 0.0078125 0.02890625
0 0.55234375 0.3078125 0.00703125 0.02734375
0 0.5625 0.3296875 0.0109375 0.02734375
0 0.53828125 0.34453125 0.00859375 0.02734375
0 0.57578125 0.34609375 0.009375 0.02578125
0 0.52890625 0.353125 0.009375 0.02578125
0 0.565625 0.3578125 0.0109375 0.025
0 0.5109375 0.3640625 0.0109375 0.02734375
0 0.55390625 0.3640625 0.0078125 0.02734375
0 0.58359375 0.371875 0.009375 0.02734375
0 0.5453125 0.3734375 0.0078125 0.02734375
0 0.5734375 0.38046875 0.0078125 0.0234375
0 0.53359375 0.3828125 0.0078125 0.02890625
0 0.56328125 0.3890625 0.00625 0.02578125
0 0.5234375 0.396875 0.0078125 0.02578125
0 0.55390625 0.396875 0.00625 0.02578125
0 0.471875 0.3984375 0.0078125 0.0234375
0 0.54453125 0.4078125 0.0078125 0.02734375
0 0.45625 0.409375 0.00859375 0.03515625
0 0.503125 0.4109375 0.0109375 0.02734375
0 0.596875 0.4109375 0.01015625 0.025
0 0.49296875 0.41953125 0.00703125 0.02890625
0 0.53046875 0.42109375 0.00703125 0.021875
0 0.47890625 0.428125 0.0078125 0.02578125
0 0.578125 0.428125 0.00859375 0.02578125
0 0.5203125 0.43203125 0.00703125 0.0234375
0 0.56953125 0.434375 0.00859375 0.025
0 0.51015625 0.4390625 0.00859375 0.0234375
0 0.6078125 0.440625 0.01015625 0.025
0 0.5625 0.44375 0.0078125 0.0234375
0 0.46171875 0.44453125 0.0078125 0.02734375
0 0.50078125 0.446875 0.0078125 0.02578125
0 0.4046875 0.4515625 0.009375 0.025
0 0.5984375 0.4515625 0.01015625 0.021875
0 0.55390625 0.4546875 0.0078125 0.0234375
0 0.59140625 0.4578125 0.01015625 0.025
0 0.365625 0.45859375 0.00859375 0.0234375
0 0.54453125 0.459375 0.0078125 0.021875
0 0.48828125 0.4609375 0.00625 0.025
0 0.4390625 0.46484375 0.0078125 0.02578125
0 0.58203125 0.46484375 0.009375 0.02109375
0 0.534375 0.46875 0.00703125 0.0234375
0 0.4734375 0.4703125 0.00703125 0.0234375
0 0.571875 0.47421875 0.0078125 0.02109375
0 0.52265625 0.478125 0.0109375 0.02109375
0 0.61875 0.478125 0.0125 0.0234375
0 0.56328125 0.4828125 0.0078125 0.0234375
0 0.4125 0.48671875 0.0078125 0.02109375
0 0.6109375 0.48671875 0.01171875 0.02109375
0 0.603125 0.4890625 0.01171875 0.0296875
0 0.51171875 0.48984375 0.0078125 0.02578125
0 0.5546875 0.49140625 0.00859375 0.021875
0 0.44609375 0.496875 0.0078125 0.025
0 0.54453125 0.50078125 0.0078125 0.021875
0 0.4984375 0.5015625 0.00625 0.02109375
0 0.5921875 0.5015625 0.00859375 0.021875
0 0.48671875 0.50859375 0.00703125 0.021875
0 0.58359375 0.51015625 0.00625 0.0234375
0 0.53515625 0.5125 0.0078125 0.025
0 0.63046875 0.51640625 0.0078125 0.025
0 0.57421875 0.5171875 0.009375 0.02109375
0 0.42578125 0.51796875 0.00703125 0.0234375
0 0.62421875 0.51953125 0.0125 0.0234375
0 0.52421875 0.5234375 0.00859375 0.02109375
0 0.56484375 0.5265625 0.00859375 0.021875
0 0.61484375 0.5265625 0.01171875 0.01953125
0 0.45703125 0.53046875 0.009375 0.021875
0 0.51171875 0.53203125 0.0078125 0.02734375
0 0.60546875 0.53515625 0.01015625 0.02109375
0 0.55625 0.5375 0.00859375 0.02109375
0 0.59609375 0.54296875 0.01171875 0.0234375
0 0.54765625 0.54375 0.0078125 0.021875
0 0.49921875 0.54609375 0.00859375 0.025
0 0.58671875 0.5546875 0.009375 0.02109375
0 0.640625 0.55546875 0.01328125 0.021875
0 0.43203125 0.55625 0.00859375 0.025
0 0.5328125 0.5609375 0.0078125 0.01953125
0 0.63125 0.5609375 0.0109375 0.02109375
0 0.57734375 0.56328125 0.00859375 0.01953125
0 0.66015625 0.5671875 0.0125 0.021875
0 0.6234375 0.56796875 0.01171875 0.01796875
0 0.03671875 0.56875 0.0296875 0.0234375
0 0.56796875 0.5703125 0.00859375 0.02109375
0 0.521875 0.5703125 0.00703125 0.02109375
0 0.61640625 0.575 0.01015625 0.01953125
0 0.55859375 0.57890625 0.009375 0.021875
0 0.46796875 0.57890625 0.00859375 0.02734375
0 0.609375 0.58046875 0.009375 0.01796875
0 0.509375 0.58203125 0.00859375 0.01796875
0 0.59921875 0.5875 0.009375 0.021875
0 0.6515625 0.58984375 0.01171875 0.0234375
0 0.546875 0.59140625 0.00859375 0.02109375
0 0.0375 0.5953125 0.02734375 0.025
0 0.44609375 0.5984375 0.01171875 0.021875
0 0.590625 0.59921875 0.009375 0.0234375
0 0.6375 0.6046875 0.0109375 0.01953125
0 0.53359375 0.6046875 0.0078125 0.025
0 0.58125 0.60859375 0.00703125 0.021875
0 0.521875 0.6109375 0.00859375 0.02890625
0 0.48046875 0.61328125 0.00859375 0.02109375
0 0.57109375 0.61796875 0.0125 0.021875
0 0.5578125 0.6328125 0.0078125 0.02109375
0 0.60546875 0.6328125 0.0109375 0.02109375
0 0.45234375 0.634375 0.009375 0.021875
0 0.54765625 0.6421875 0.009375 0.0171875
0 0.4859375 0.646875 0.00859375 0.01953125
0 0.5375 0.64921875 0.0078125 0.021875
0 0.5828125 0.6578125 0.01171875 0.02109375
0 0.5234375 0.6625 0.0078125 0.0234375
0 0.45859375 0.67265625 0.01015625 0.01953125
0 0.49921875 0.6890625 0.01015625 0.021875
0 0.47421875 0.7046875 0.01015625 0.021875
0 0.4328125 0.71484375 0.0109375 0.01796875
0 0.46640625 0.73984375 0.01171875 0.02109375
0 0.48125 0.7734375 0.01328125 0.02109375
0 0.41640625 0.78359375 0.0109375 0.03125