0 0.3046875 0.01875 0.015625 0.0375
0 0.32421875 0.01484375 0.0171875 0.0296875
0 0.3578125 0.01875 0.01796875 0.0375
0 0.384375 0.0171875 0.0140625 0.034375
0 0.40625 0.01328125 0.0125 0.0265625
0 0.28125 0.29296875 0.01875 0.0484375
0 0.26953125 0.30703125 0.02109375 0.0515625
0 0.2171875 0.39453125 0.0140625 0.0265625
0 0.25390625 0.4109375 0.0265625 0.0546875
0 0.265625 0.378125 0.02421875 0.04375
0 0.26171875 0.46796875 0.02578125 0.05078125
0 0.2984375 0.43671875 0.02421875 0.05546875
0 0.3515625 0.3671875 0.01875 0.05390625
0 0.3796875 0.38515625 0.0234375 0.05078125
0 0.375 0.3328125 0.021875 0.0546875
0 0.3890625 0.34296875 0.01640625 0.05703125
0 0.415625 0.34921875 0.0203125 0.04609375
0 0.43359375 0.33125 0.0203125 0.04296875
0 0.43984375 0.36640625 0.01796875 0.05
0 0.425 0.428125 0.01953125 0.053125
0 0.44921875 0.409375 0.02421875 0.0609375
0 0.45546875 0.415625 0.0140625 0.04296875
0 0.2125 0.684375 0.03515625 0.0484375
0 0.20625 0.65234375 0.03203125 0.03671875
0 0.31875 0.6734375 0.025 0.04375
0 0.4046875 0.78671875 0.02578125 0.05
0 0.3796875 0.90390625 0.02265625 0.05078125
0 0.4046875 0.90078125 0.02421875 0.04609375
0 0.53125 0.8546875 0.0140625 0.02578125
0 0.54609375 0.86015625 0.0125 0.03046875
0 0.5609375 0.84296875 0.02578125 0.0359375
0 0.53515625 0.83203125 0.02265625 0.03046875
0 0.62421875 0.84921875 0.02265625 0.0578125
0 0.6671875 0.9859375 0.02265625 0.02421875
0 0.76328125 0.96015625 0.02890625 0.03828125
0 0.75859375 0.93359375 0.028125 0.0359375
0 0.6828125 0.84140625 0.025 0.053125
0 0.6578125 0.84140625 0.02265625 0.0390625
0 0.58359375 0.7046875 0.02265625 0.04765625
0 0.640625 0.72421875 0.02734375 0.05703125
0 0.65859375 0.7171875 0.01875 0.046875
0 0.61171875 0.70078125 0.02421875 0.05390625
0 0.634375 0.66640625 0.025 0.05234375
0 0.62734375 0.6078125 0.01875 0.0515625
0 0.63515625 0.5328125 0.0203125 0.0484375
0 0.53671875 0.5046875 0.02109375 0.05078125
0 0.5578125 0.50078125 0.01953125 0.05390625
0 0.53203125 0.45546875 0.01875 0.06015625
0 0.5734375 0.459375 0.015625 0.0515625
0 0.596875 0.459375 0.0203125 0.0640625
0 0.59453125 0.4 0.01875 0.04765625
0 0.6234375 0.4203125 0.0203125 0.05390625
0 0.7578125 0.23046875 0.02421875 0.05625
0 0.77109375 0.22421875 0.021875 0.0546875
0 0.896875 0.1953125 0.025 0.059375
0 0.84609375 0.2546875 0.025 0.06171875
0 0.871875 0.2484375 0.0265625 0.0546875
0 0.8765625 0.28359375 0.02421875 0.0578125
0 0.91171875 0.3140625 0.02421875 0.05
0 0.509375 0.3421875 0.01953125 0.0546875
0 0.52890625 0.2828125 0.0171875 0.059375
0 0.5328125 0.346875 0.0171875 0.0640625
0 0.54296875 0.33515625 0.0140625 0.04453125
0 0.5609375 0.321875 0.0171875 0.065625
0 0.59921875 0.26484375 0.0203125 0.05625
0 0.41015625 0.13515625 0.0171875 0.065625
0 0.4484375 0.16484375 0.01640625 0.0609375
0 0.459375 0.20234375 0.01640625 0.05703125
0 0.50859375 0.2484375 0.0265625 0.05
0 0.484375 0.22265625 0.0234375 0.05
0 0.471875 0.209375 0.0140625 0.05703125
0 0.53671875 0.22421875 0.015625 0.06171875
0 0.47265625 0.17265625 0.0171875 0.03359375
0 0.48828125 0.190625 0.015625 0.05
0 0.50546875 0.184375 0.01875 0.0484375
0 0.50703125 0.21328125 0.0203125 0.053125
0 0.5 0.1375 0.01875 0.04921875
0 0.515625 0.14140625 0.01484375 0.0609375
0 0.52734375 0.121875 0.01640625 0.0546875
0 0.53984375 0.121875 0.0125 0.0546875
0 0.55546875 0.13203125 0.015625 0.059375
0 0.56953125 0.1203125 0.015625 0.059375
0 0.54921875 0.21015625 0.01328125 0.0515625
0 0.53203125 0.196875 0.01640625 0.05625
0 0.5484375 0.1796875 0.015625 0.03046875
0 0.5625 0.1734375 0.01640625 0.05234375
0 0.61796875 0.19921875 0.01875 0.0546875
0 0.61640625 0.165625 0.01640625 0.04921875
0 0.6171875 0.13203125 0.01484375 0.0421875
0 0.584375 0.203125 0.01796875 0.0546875
0 0.59921875 0.19453125 0.0140625 0.05
0 0.5890625 0.16953125 0.015625 0.028125
0 0.59609375 0.11875 0.0125 0.0421875
0 0.59921875 0.1421875 0.015625 0.05234375
0 0.58125 0.1203125 0.0140625 0.03359375
0 0.48671875 0.03984375 0.01796875 0.06953125
0 0.43125 0.146875 0.01796875 0.05703125
0 0.415625 0.0671875 0.01875 0.05234375
0 0.43046875 0.05234375 0.01640625 0.05078125
0 0.58359375 0.16015625 0.01640625 0.04140625
0 0.4265625 0.11171875 0.015625 0.0421875
0 0.440625 0.12109375 0.01640625 0.046875
0 0.46796875 0.0515625 0.0140625 0.04375
0 0.45078125 0.09296875 0.01796875 0.0640625
0 0.46484375 0.08515625 0.01484375 0.0625
0 0.44921875 0.03515625 0.015625 0.0609375
0 0.42265625 0.021875 0.01484375 0.04375
0 0.4328125 0.01328125 0.0125 0.0265625
0 0.9265625 0.94609375 0.03828125 0.0421875