0 0.384375 0.10078125 0.01484375 0.04921875
0 0.70625 0.27578125 0.01015625 0.05390625
0 0.69609375 0.27578125 0.0109375 0.0578125
0 0.4875 0.3546875 0.01875 0.03984375
0 0.17578125 0.3984375 0.01796875 0.03984375
0 0.1640625 0.4171875 0.0203125 0.06640625
0 0.48984375 0.47421875 0.01484375 0.04765625
0 0.12734375 0.5359375 0.015625 0.05234375
0 0.13984375 0.5390625 0.0171875 0.04375
0 0.1484375 0.5875 0.01875 0.05078125
0 0.209375 0.78984375 0.0234375 0.03359375
0 0.21015625 0.81953125 0.02109375 0.03125
0 0.21171875 0.8546875 0.02265625 0.03671875