0 0.3296875 0.14375 0.009375 0.0546875
0 0.00859375 0.1578125 0.0171875 0.0546875
0 0.2296875 0.165625 0.01015625 0.02734375
0 0.25234375 0.1703125 0.01328125 0.05390625
0 0.3125 0.17421875 0.0109375 0.034375
0 0.2984375 0.178125 0.0140625 0.03125
0 0.23203125 0.184375 0.015625 0.03125
0 0.34140625 0.1859375 0.0109375 0.040625
0 0.2390625 0.21015625 0.01171875 0.02890625
0 0.45703125 0.0234375 0.01328125 0.04453125
0 0.51875 0.0234375 0.00703125 0.046875
0 0.5140625 0.0296875 0.009375 0.05390625
0 0.60546875 0.0296875 0.015625 0.05234375
0 0.5359375 0.0375 0.0109375 0.0484375
0 0.5453125 0.03828125 0.0140625 0.03515625
0 0.115625 0.42421875 0.01640625 0.02734375
0 0.39296875 0.4296875 0.015625 0.071875
0 0.571875 0.49375 0.025 0.0640625
0 0.4734375 0.05234375 0.0109375 0.05234375
0 0.1328125 0.053125 0.01875 0.05078125
0 0.10390625 0.0609375 0.01875 0.05390625
0 0.39609375 0.64609375 0.01875 0.065625
0 0.75390625 0.6703125 0.02734375 0.05859375
0 0.45234375 0.07421875 0.0125 0.0484375
0 0.27421875 0.8859375 0.028125 0.065625
0 0.43359375 0.09765625 0.0078125 0.05625
0 0.38046875 0.09765625 0.0125 0.05234375
0 0.44765625 0.09765625 0.01171875 0.05
0 0.6875 0.98984375 0.01953125 0.01953125
0 0.18828125 0.103125 0.01484375 0.0578125
0 0.3328125 0.109375 0.00859375 0.040625
0 0.32421875 0.1171875 0.00859375 0.03515625
0 0.09140625 0.11953125 0.02421875 0.05390625
0 0.13984375 0.1203125 0.01953125 0.05
0 0.23828125 0.12421875 0.01328125 0.0546875
0 0.3421875 0.12734375 0.01015625 0.0484375