0 0.3203125 0.25 0.01171875 0.03046875
0 0.3078125 0.253125 0.0109375 0.0265625
0 0.4953125 0.25703125 0.00859375 0.02890625
0 0.48203125 0.2703125 0.009375 0.03046875
0 0.30625 0.27421875 0.009375 0.0203125
0 0.4921875 0.28515625 0.00703125 0.0265625
0 0.51328125 0.29296875 0.00703125 0.028125
0 0.503125 0.3046875 0.00703125 0.028125
0 0.51328125 0.321875 0.00703125 0.0265625
0 0.5296875 0.33515625 0.0078125 0.028125
0 0.49296875 0.34375 0.00703125 0.028125
0 0.51875 0.346875 0.00625 0.0265625
0 0.48515625 0.35 0.00859375 0.02890625
0 0.540625 0.35546875 0.009375 0.028125
0 0.51015625 0.3578125 0.0078125 0.025
0 0.53046875 0.36640625 0.00703125 0.02421875
0 0.503125 0.36875 0.00703125 0.0265625
0 0.4703125 0.37109375 0.00859375 0.02421875
0 0.521875 0.3796875 0.00703125 0.0265625
0 0.49296875 0.38203125 0.0078125 0.028125
0 0.5140625 0.38984375 0.00703125 0.02265625
0 0.55625 0.38984375 0.0078125 0.025
0 0.48359375 0.4 0.00625 0.02421875
0 0.5046875 0.40703125 0.01015625 0.021875
0 0.54140625 0.4109375 0.0078125 0.028125
0 0.41015625 0.4140625 0.00625 0.025
0 0.43515625 0.41640625 0.00859375 0.02265625
0 0.56875 0.41640625 0.009375 0.025
0 0.46640625 0.41875 0.00859375 0.025
0 0.5328125 0.41875 0.0078125 0.025
0 0.49296875 0.421875 0.0078125 0.0265625
0 0.56015625 0.42734375 0.009375 0.0203125
0 0.4578125 0.428125 0.00625 0.02890625
0 0.41796875 0.43046875 0.01484375 0.03515625
0 0.525 0.43046875 0.00703125 0.021875
0 0.48515625 0.43515625 0.00703125 0.028125
0 0.5546875 0.43671875 0.0109375 0.025
0 0.4453125 0.4421875 0.009375 0.0265625
0 0.4765625 0.44453125 0.00703125 0.02265625
0 0.51875 0.44453125 0.00859375 0.02265625
0 0.58359375 0.44609375 0.0078125 0.02421875
0 0.54765625 0.44609375 0.00625 0.021875
0 0.5109375 0.4515625 0.0078125 0.02265625
0 0.4671875 0.453125 0.00703125 0.025
0 0.57734375 0.4578125 0.00859375 0.01875
0 0.5390625 0.45859375 0.0078125 0.02421875
0 0.56953125 0.46484375 0.009375 0.021875
0 0.50234375 0.46640625 0.00859375 0.02421875
0 0.45546875 0.4703125 0.00703125 0.021875
0 0.53125 0.471875 0.0078125 0.02265625
0 0.490625 0.47734375 0.00859375 0.02265625
0 0.56015625 0.478125 0.009375 0.02265625
0 0.59765625 0.47890625 0.00703125 0.021875
0 0.52265625 0.48203125 0.00859375 0.0203125
0 0.44140625 0.4828125 0.0078125 0.0265625
0 0.59140625 0.4859375 0.0078125 0.0203125
0 0.5515625 0.48828125 0.00703125 0.021875
0 0.375 0.4890625 0.0109375 0.021875
0 0.48125 0.4890625 0.00703125 0.0265625
0 0.41015625 0.49140625 0.00859375 0.02421875
0 0.5140625 0.49375 0.00859375 0.02265625
0 0.58515625 0.4953125 0.009375 0.01796875
0 0.5453125 0.4984375 0.0109375 0.021875
0 0.50703125 0.50546875 0.0078125 0.01875
0 0.57734375 0.50546875 0.00859375 0.01875
0 0.47109375 0.509375 0.009375 0.021875
0 0.33828125 0.51015625 0.0125 0.02265625
0 0.5375 0.5109375 0.00703125 0.021875
0 0.609375 0.51328125 0.0125 0.021875
0 0.459375 0.51484375 0.009375 0.0203125
0 0.56875 0.5171875 0.00859375 0.02421875
0 0.49765625 0.51953125 0.00703125 0.01875
0 0.4203125 0.52109375 0.00703125 0.02421875
0 0.63046875 0.52109375 0.0125 0.02421875
0 0.38671875 0.521875 0.01015625 0.0203125
0 0.603125 0.52265625 0.0109375 0.0203125
0 0.53046875 0.525 0.0078125 0.0203125
0 0.56015625 0.52890625 0.0078125 0.0203125
0 0.59765625 0.5296875 0.009375 0.01875
0 0.4875 0.53359375 0.01015625 0.021875
0 0.51953125 0.534375 0.0078125 0.02265625
0 0.590625 0.54140625 0.009375 0.01875
0 0.553125 0.5421875 0.0109375 0.01875
0 0.625 0.54375 0.0109375 0.02421875
0 0.475 0.546875 0.009375 0.01796875
0 0.40234375 0.5484375 0.00859375 0.0203125
0 0.51015625 0.54921875 0.00703125 0.02421875
0 0.584375 0.54921875 0.0078125 0.0203125
0 0.43359375 0.55 0.009375 0.01875
0 0.54375 0.55078125 0.00859375 0.0203125
0 0.575 0.56015625 0.00859375 0.01875
0 0.61328125 0.5625 0.009375 0.0203125
0 0.53515625 0.5625 0.009375 0.021875
0 0.5 0.56640625 0.009375 0.01875
0 0.56875 0.5765625 0.009375 0.021875
0 0.4890625 0.58125 0.0078125 0.0203125
0 0.45078125 0.58203125 0.009375 0.02421875
0 0.5265625 0.5828125 0.01171875 0.01640625
0 0.56171875 0.58515625 0.009375 0.02265625
0 0.4140625 0.5859375 0.0109375 0.02421875
0 0.5140625 0.59453125 0.0125 0.01875
0 0.5546875 0.596875 0.00859375 0.01875
0 0.5859375 0.6 0.0109375 0.01875
0 0.50390625 0.60625 0.009375 0.01875
0 0.54140625 0.61640625 0.00703125 0.02265625
0 0.42890625 0.6171875 0.01171875 0.01875
0 0.4640625 0.61953125 0.0109375 0.0203125
0 0.53125 0.6203125 0.0078125 0.025
0 0.565625 0.6265625 0.009375 0.02265625
0 0.5234375 0.63671875 0.009375 0.0203125
0 0.47265625 0.6484375 0.01015625 0.0203125
0 0.43984375 0.65078125 0.01171875 0.01796875
0 0.5109375 0.65390625 0.01015625 0.02265625
0 0.52734375 0.6640625 0.0109375 0.01640625
0 0.44921875 0.68046875 0.009375 0.0203125
0 0.5609375 0.68515625 0.0125 0.02265625
0 0.48984375 0.68671875 0.00859375 0.02265625
0 0.47109375 0.7109375 0.01171875 0.01875
0 0.51640625 0.721875 0.0109375 0.01796875
0 0.50234375 0.74375 0.00859375 0.0203125