0 0.5203125 0.11796875 0.01484375 0.0359375
0 0.5515625 0.1375 0.015625 0.0328125
0 0.4703125 0.14375 0.0140625 0.03359375
0 0.465625 0.2265625 0.01953125 0.03125
0 0.51328125 0.25703125 0.0203125 0.03203125
0 0.41171875 0.26015625 0.01328125 0.028125
0 0.390625 0.26875 0.01171875 0.03203125
0 0.37890625 0.275 0.015625 0.03125
0 0.36796875 0.2828125 0.0171875 0.03125
0 0.5125 0.0046875 0.01875 0.009375
0 0.4390625 0.3546875 0.01328125 0.025
0 0.453125 0.390625 0.01875 0.01953125
0 0.4796875 0.40703125 0.01484375 0.0265625
0 0.3296875 0.4109375 0.01796875 0.01953125
0 0.40234375 0.46796875 0.01640625 0.02890625
0 0.465625 0.471875 0.01875 0.0203125
0 0.02265625 0.58984375 0.0359375 0.021875
0 0.4125 0.60078125 0.01484375 0.01875
0 0.98515625 0.603125 0.0296875 0.0140625
0 0.07578125 0.603125 0.03046875 0.0140625
0 0.27578125 0.60546875 0.01953125 0.0171875
0 0.2171875 0.728125 0.02734375 0.0234375
0 0.171875 0.825 0.028125 0.03125