0 0.9078125 0.9703125 0.04765625 0.059375
0 0.9359375 0.98828125 0.02421875 0.0234375
0 0.8703125 0.953125 0.034375 0.09375
0 0.82421875 0.94921875 0.02265625 0.0671875
0 0.8453125 0.93046875 0.03125 0.09453125
0 0.90546875 0.8796875 0.0359375 0.12109375
0 0.95546875 0.9140625 0.05234375 0.09296875
0 0.94453125 0.834375 0.03515625 0.1046875
0 0.9703125 0.721875 0.04296875 0.10078125
0 0.7046875 0.8765625 0.03515625 0.10625
0 0.7828125 0.77734375 0.03046875 0.10703125
0 0.803125 0.8125 0.0359375 0.1203125
0 0.81328125 0.67890625 0.03984375 0.1046875
0 0.8453125 0.63515625 0.03515625 0.11015625
0 0.93671875 0.5828125 0.03125 0.1
0 0.93046875 0.52578125 0.03515625 0.0984375
0 0.7984375 0.55234375 0.02890625 0.08828125
0 0.7890625 0.490625 0.0265625 0.09140625
0 0.7578125 0.4734375 0.03828125 0.1078125
0 0.63671875 0.92578125 0.0375 0.128125
0 0.58046875 0.68828125 0.0328125 0.134375
0 0.540625 0.5765625 0.03046875 0.11796875
0 0.40625 0.34375 0.04453125 0.10703125
0 0.33125 0.3 0.02890625 0.12109375
0 0.3171875 0.28125 0.0296875 0.0875
0 0.28125 0.25859375 0.03203125 0.10625
0 0.259375 0.203125 0.03515625 0.11328125
0 0.3109375 0.084375 0.03359375 0.09453125
0 0.21640625 0.125 0.03125 0.09609375
0 0.16953125 0.0390625 0.03671875 0.078125
0 0.1078125 0.11171875 0.04375 0.10078125
0 0.0953125 0.190625 0.0328125 0.103125
0 0.115625 0.20546875 0.04140625 0.08828125
0 0.12734375 0.30703125 0.03984375 0.11328125
0 0.1078125 0.27578125 0.0203125 0.10703125
0 0.01484375 0.19765625 0.0296875 0.1109375
0 0.02578125 0.40859375 0.05078125 0.090625
0 0.02734375 0.446875 0.03984375 0.09765625
0 0.08125 0.41171875 0.03984375 0.11171875
0 0.04453125 0.33515625 0.03046875 0.10078125
0 0.053125 0.27578125 0.0453125 0.09453125
0 0.0109375 0.08671875 0.021875 0.11171875