0 0.2625 0.12421875 0.0078125 0.02109375
0 0.25859375 0.12578125 0.00703125 0.021875
0 0.65859375 0.13984375 0.0046875 0.025
0 0.3015625 0.1921875 0.00703125 0.015625
0 0.25390625 0.2375 0.00859375 0.02890625
0 0.20546875 0.31953125 0.0078125 0.02890625
0 0.284375 0.325 0.01015625 0.02890625
0 0.1953125 0.3265625 0.01015625 0.02890625
0 0.296875 0.38203125 0.00859375 0.021875
0 0.27265625 0.4265625 0.0109375 0.03046875
0 0.253125 0.50390625 0.0078125 0.01953125
0 0.26015625 0.515625 0.009375 0.02109375
0 0.25 0.52890625 0.01015625 0.025
0 0.17421875 0.546875 0.00859375 0.03046875
0 0.19453125 0.5640625 0.00859375 0.0234375
0 0.22734375 0.5828125 0.0109375 0.03359375
0 0.8515625 0.63046875 0.0109375 0.025
0 0.9484375 0.6734375 0.0109375 0.0359375
0 0.128125 0.91171875 0.009375 0.01796875
0 0.125 0.928125 0.01171875 0.021875
0 0.7140625 0.9375 0.00703125 0.03046875
0 0.70625 0.94296875 0.0078125 0.025
0 0.0609375 0.98359375 0.0125 0.02734375
0 0.5984375 0.03125 0.00703125 0.0234375