0 0.18515625 0.1390625 0.01953125 0.025
0 0.2671875 0.13828125 0.01171875 0.025
0 0.36484375 0.028125 0.00546875 0.02578125
0 0.36015625 0.0890625 0.0109375 0.02578125
0 0.36484375 0.17734375 0.01015625 0.015625
0 0.3578125 0.3203125 0.00703125 0.02265625
0 0.35390625 0.35078125 0.0125 0.025
0 0.44140625 0.234375 0.01015625 0.0265625
0 0.403125 0.98671875 0.015625 0.015625
0 0.41640625 0.96875 0.009375 0.021875
0 0.40390625 0.946875 0.01171875 0.02265625
0 0.38671875 0.94453125 0.01328125 0.0171875
0 0.4375 0.8875 0.01015625 0.025
0 0.4625 0.87734375 0.01328125 0.0234375
0 0.603125 0.70234375 0.0109375 0.01640625
0 0.71875 0.60625 0.0125 0.01796875
0 0.625 0.2640625 0.00859375 0.021875
0 0.634375 0.26015625 0.00625 0.0265625
0 0.64140625 0.159375 0.009375 0.01875
0 0.653125 0.0640625 0.0078125 0.02578125
0 0.70078125 0.034375 0.009375 0.015625
0 0.7828125 0.01875 0.009375 0.0171875