0 0.6859375 0.15 0.0125 0.02421875
0 0.56015625 0.0171875 0.00625 0.02421875
0 0.43984375 0.02109375 0.00625 0.02890625
0 0.58203125 0.225 0.00625 0.0265625
0 0.49140625 0.2640625 0.00703125 0.025
0 0.48671875 0.28359375 0.0078125 0.03203125
0 0.48046875 0.3296875 0.01171875 0.03828125
0 0.63359375 0.0359375 0.0078125 0.03203125
0 0.47421875 0.37734375 0.0109375 0.0390625
0 0.64609375 0.43984375 0.0109375 0.034375
0 0.76953125 0.4546875 0.0078125 0.03671875
0 0.5078125 0.459375 0.01171875 0.028125
0 0.7625 0.459375 0.0078125 0.03515625
0 0.46875 0.49765625 0.00625 0.028125
0 0.6140625 0.49921875 0.01015625 0.0390625
0 0.4625 0.50234375 0.00703125 0.02265625
0 0.4578125 0.5125 0.00859375 0.03515625
0 0.465625 0.51953125 0.009375 0.03203125
0 0.63359375 0.53515625 0.0125 0.03828125
0 0.61328125 0.540625 0.0109375 0.03828125
0 0.64921875 0.63203125 0.0109375 0.03828125
0 0.52421875 0.67734375 0.0125 0.01875
0 0.52421875 0.7046875 0.0125 0.03671875
0 0.8203125 0.75390625 0.0125 0.03828125
0 0.48359375 0.8078125 0.01171875 0.03203125
0 0.459375 0.90625 0.01171875 0.03828125