0 0.57421875 0.3859375 0.01328125 0.0203125
0 0.9046875 0.42265625 0.02265625 0.0203125
0 0.9046875 0.43984375 0.0203125 0.01875
0 0.178125 0.746875 0.01328125 0.01875
0 0.8609375 0.76484375 0.0140625 0.01796875
0 0.35859375 0.79921875 0.009375 0.021875
0 0.27734375 0.8125 0.01484375 0.02265625
0 0.1859375 0.815625 0.0109375 0.0203125
0 0.78671875 0.83515625 0.01796875 0.0203125
0 0.51640625 0.8375 0.0140625 0.02265625
0 0.06171875 0.8453125 0.01640625 0.025
0 0.7578125 0.86171875 0.0125 0.01796875
0 0.73515625 0.86328125 0.0140625 0.0203125
0 0.91484375 0.8640625 0.01796875 0.0203125
0 0.76953125 0.8703125 0.01328125 0.02265625
0 0.36875 0.87265625 0.01015625 0.0265625
0 0.4953125 0.8765625 0.0125 0.01796875
0 0.759375 0.8890625 0.0109375 0.01875
0 0.30625 0.8921875 0.01171875 0.02265625
0 0.77890625 0.915625 0.01171875 0.01875
0 0.79375 0.9203125 0.0140625 0.02421875