0 0.34921875 0.20390625 0.0171875 0.0515625
0 0.22578125 0.24296875 0.03359375 0.06015625
0 0.72890625 0.34609375 0.03671875 0.0359375
0 0.21484375 0.353125 0.0390625 0.0515625
0 0.87109375 0.3546875 0.0375 0.04453125
0 0.84453125 0.35859375 0.04140625 0.05078125
0 0.50546875 0.38125 0.01875 0.04375
0 0.74765625 0.41015625 0.02578125 0.03828125
0 0.33828125 0.04375 0.02421875 0.06875
0 0.27265625 0.43828125 0.02890625 0.0421875
0 0.77109375 0.44921875 0.025 0.040625
0 0.7484375 0.45703125 0.02734375 0.034375
0 0.1125 0.46953125 0.0375 0.04609375
0 0.7265625 0.4703125 0.03359375 0.04453125
0 0.7671875 0.49296875 0.03125 0.040625
0 0.565625 0.49921875 0.02734375 0.04296875
0 0.7046875 0.503125 0.0375 0.03984375
0 0.73984375 0.50390625 0.03359375 0.04453125
0 0.36328125 0.0515625 0.0234375 0.06484375
0 0.66953125 0.534375 0.03671875 0.04296875
0 0.27734375 0.575 0.02890625 0.03515625
0 0.0625 0.58125 0.046875 0.04453125
0 0.0296875 0.60546875 0.0578125 0.0484375
0 0.6546875 0.6234375 0.0296875 0.04921875
0 0.17578125 0.7328125 0.0546875 0.03359375
0 0.1734375 0.7625 0.0453125 0.0359375