0 0.55390625 0.23828125 0.00390625 0.01796875
0 0.546875 0.25234375 0.00625 0.01796875
0 0.5578125 0.25703125 0.0046875 0.01171875
0 0.5609375 0.275 0.00390625 0.01875
0 0.565625 0.27890625 0.00390625 0.01796875
0 0.63046875 0.40625 0.00546875 0.01796875
0 0.65625 0.45234375 0.00625 0.01640625
0 0.71328125 0.45703125 0.00703125 0.02265625
0 0.63203125 0.47578125 0.00390625 0.01796875
0 0.63984375 0.05390625 0.00390625 0.01875
0 0.71171875 0.54296875 0.00625 0.02265625
0 0.66484375 0.59140625 0.00703125 0.0203125
0 0.575 0.6203125 0.0078125 0.0203125
0 0.653125 0.62578125 0.00703125 0.025
0 0.59375 0.63359375 0.00625 0.0203125
0 0.7609375 0.6921875 0.01015625 0.03203125
0 0.7921875 0.85 0.00703125 0.0125
0 0.740625 0.87265625 0.00703125 0.0265625
0 0.75 0.87578125 0.0078125 0.02265625
0 0.66328125 0.91015625 0.01171875 0.0203125
0 0.690625 0.93515625 0.00546875 0.0125
0 0.68125 0.9453125 0.00703125 0.03046875
0 0.63359375 0.10234375 0.00625 0.01640625