0 0.446875 0.08984375 0.0125 0.02734375
0 0.4671875 0.1921875 0.01015625 0.034375
0 0.453125 0.2015625 0.0109375 0.0375
0 0.65234375 0.20703125 0.0125 0.03984375
0 0.43203125 0.22109375 0.009375 0.03984375
0 0.671875 0.23046875 0.0109375 0.03984375
0 0.42265625 0.26484375 0.01015625 0.03828125
0 0.534375 0.37578125 0.009375 0.03828125
0 0.52890625 0.37890625 0.009375 0.03828125
0 0.39296875 0.4125 0.009375 0.0453125
0 0.4015625 0.00546875 0.0078125 0.0109375
0 0.5921875 0.696875 0.015625 0.05234375
0 0.44296875 0.01171875 0.009375 0.0234375
0 0.38125 0.8671875 0.01171875 0.0375
0 0.7765625 0.91875 0.015625 0.04140625
0 0.76484375 0.9234375 0.0140625 0.03203125
0 0.50625 0.93671875 0.0140625 0.046875
0 0.43046875 0.034375 0.009375 0.0359375
0 0.41640625 0.04453125 0.00625 0.03203125