0 0.103125 0.3671875 0.0078125 0.01484375
0 0.08515625 0.36875 0.00859375 0.01796875
0 0.09453125 0.37109375 0.00859375 0.01640625
0 0.08125 0.39453125 0.009375 0.01796875
0 0.46171875 0.6625 0.00703125 0.028125
0 0.46875 0.66875 0.00625 0.01484375
0 0.47265625 0.6734375 0.00859375 0.01328125
0 0.48671875 0.67578125 0.00703125 0.02890625
0 0.45078125 0.67734375 0.00546875 0.01640625
0 0.46015625 0.6875 0.00546875 0.01640625
0 0.4640625 0.690625 0.00546875 0.02109375
0 0.47265625 0.69375 0.00859375 0.02109375
0 0.48046875 0.70234375 0.00625 0.02578125