0 0.01875 0.559375 0.01640625 0.0296875
0 0.05078125 0.571875 0.021875 0.05703125
0 0.0171875 0.6109375 0.01953125 0.02421875
0 0.1703125 0.65078125 0.0171875 0.02421875
0 0.27265625 0.56484375 0.0171875 0.0203125
0 0.27109375 0.6046875 0.01640625 0.028125
0 0.43359375 0.48046875 0.01328125 0.034375
0 0.76953125 0.08828125 0.01953125 0.04375
0 0.584375 0.1359375 0.0109375 0.021875
0 0.6 0.09453125 0.009375 0.034375
0 0.59453125 0.10390625 0.01015625 0.02109375
0 0.58203125 0.115625 0.01171875 0.021875
0 0.609375 0.12734375 0.00859375 0.015625