0 0.7828125 0.66875 0.015625 0.0203125
0 0.63671875 0.67265625 0.0140625 0.015625
0 0.7015625 0.76953125 0.01875 0.02734375
0 0.75703125 0.79375 0.0203125 0.025
0 0.73671875 0.815625 0.01484375 0.01875
0 0.61640625 0.8484375 0.01328125 0.0234375
0 0.7421875 0.8484375 0.009375 0.015625
0 0.75390625 0.86796875 0.01328125 0.0203125
0 0.3140625 0.121875 0.01953125 0.03359375
0 0.3265625 0.125 0.0203125 0.03046875
0 0.30234375 0.128125 0.021875 0.034375
0 0.34140625 0.19609375 0.02109375 0.0296875
0 0.384375 0.209375 0.0171875 0.02109375
0 0.32890625 0.2109375 0.021875 0.0296875
0 0.31640625 0.215625 0.0203125 0.0328125
0 0.278125 0.284375 0.0234375 0.0265625
0 0.23125 0.30625 0.01875 0.02578125
0 0.48125 0.3515625 0.01875 0.0234375
0 0.31015625 0.371875 0.0203125 0.0203125
0 0.47109375 0.39296875 0.01640625 0.0296875
0 0.346875 0.40546875 0.01953125 0.015625
0 0.31953125 0.45703125 0.01484375 0.01875
0 0.39296875 0.4640625 0.01328125 0.0203125
0 0.4125 0.59453125 0.0171875 0.0234375
0 0.12265625 0.0640625 0.028125 0.04296875
0 0.76796875 0.64765625 0.021875 0.025
0 0.640625 0.65390625 0.021875 0.03125