0 0.20546875 0.6671875 0.02109375 0.00859375
0 0.36796875 0.0671875 0.0078125 0.02421875
0 0.7140625 0.0703125 0.009375 0.02421875
0 0.1125 0.7484375 0.021875 0.0109375
0 0.11640625 0.7578125 0.01796875 0.0125
0 0.79296875 0.0765625 0.00859375 0.01328125
0 0.35625 0.07734375 0.01015625 0.021875
0 0.62109375 0.7921875 0.0125 0.0171875
0 0.6640625 0.08125 0.0078125 0.0203125
0 0.2390625 0.8078125 0.01484375 0.01015625
0 0.7828125 0.08125 0.00859375 0.0171875
0 0.60078125 0.08203125 0.0078125 0.021875
0 0.2 0.82734375 0.0171875 0.0140625
0 0.7171875 0.009375 0.00625 0.01796875
0 0.6234375 0.09140625 0.00625 0.02109375
0 0.6171875 0.0953125 0.0046875 0.0125
0 0.35859375 0.10625 0.009375 0.02421875
0 0.72578125 0.11015625 0.01015625 0.02109375
0 0.30546875 0.01171875 0.0109375 0.02109375
0 0.73828125 0.11328125 0.0078125 0.021875
0 0.6078125 0.115625 0.0078125 0.02265625
0 0.5703125 0.12109375 0.00546875 0.01875
0 0.2828125 0.01328125 0.0109375 0.0203125
0 0.5609375 0.128125 0.00625 0.0203125
0 0.56875 0.13359375 0.00625 0.0234375
0 0.56328125 0.13515625 0.00625 0.02265625
0 0.6109375 0.13671875 0.00859375 0.021875
0 0.58828125 0.14453125 0.009375 0.021875
0 0.59140625 0.15390625 0.00625 0.021875
0 0.515625 0.15546875 0.00625 0.01875
0 0.6484375 0.1703125 0.00859375 0.01875
0 0.71796875 0.1828125 0.009375 0.01875
0 0.3765625 0.1859375 0.00625 0.0140625
0 0.75078125 0.190625 0.01171875 0.0234375
0 0.590625 0.1984375 0.0078125 0.0125
0 0.32421875 0.0203125 0.01015625 0.025
0 0.784375 0.2078125 0.0109375 0.0203125
0 0.29453125 0.02109375 0.00859375 0.0203125
0 0.428125 0.221875 0.009375 0.0265625
0 0.40234375 0.22265625 0.0078125 0.01953125
0 0.41171875 0.225 0.0078125 0.01875
0 0.3796875 0.228125 0.0078125 0.01328125
0 0.5625 0.234375 0.00625 0.01875
0 0.571875 0.23671875 0.00625 0.01875
0 0.578125 0.23671875 0.0046875 0.01875
0 0.5671875 0.23984375 0.00625 0.0125
0 0.8171875 0.025 0.009375 0.01875
0 0.5734375 0.025 0.00625 0.025
0 0.75 0.2578125 0.01015625 0.01953125
0 0.13828125 0.26171875 0.0109375 0.01171875
0 0.81015625 0.2640625 0.0109375 0.01796875
0 0.82109375 0.26796875 0.01328125 0.0171875
0 0.809375 0.27109375 0.01484375 0.01640625
0 0.3359375 0.02734375 0.0078125 0.02421875
0 0.578125 0.02734375 0.0046875 0.01953125
0 0.3203125 0.02734375 0.00859375 0.0203125
0 0.815625 0.28046875 0.0125 0.02109375
0 0.40546875 0.28046875 0.01015625 0.015625
0 0.80078125 0.284375 0.01484375 0.02265625
0 0.56953125 0.02890625 0.0046875 0.01796875
0 0.19765625 0.28671875 0.01328125 0.0203125
0 0.4140625 0.28671875 0.00859375 0.0171875
0 0.5203125 0.296875 0.01015625 0.0203125
0 0.43046875 0.303125 0.0078125 0.01875
0 0.84921875 0.3046875 0.0109375 0.0140625
0 0.86328125 0.30859375 0.0140625 0.01953125
0 0.690625 0.03203125 0.01171875 0.0234375
0 0.81328125 0.03203125 0.009375 0.01953125
0 0.8671875 0.32734375 0.015625 0.02109375
0 0.36171875 0.32734375 0.01015625 0.0171875
0 0.875 0.33125 0.01328125 0.01875
0 0.34140625 0.03359375 0.0078125 0.0203125
0 0.85078125 0.3375 0.0140625 0.0203125
0 0.57734375 0.03515625 0.00546875 0.01953125
0 0.81875 0.35390625 0.01171875 0.0171875
0 0.84921875 0.35546875 0.01484375 0.0203125
0 0.88125 0.36328125 0.01484375 0.01875
0 0.89921875 0.384375 0.01640625 0.01796875
0 0.8703125 0.39140625 0.015625 0.0203125
0 0.31640625 0.0390625 0.01015625 0.02421875
0 0.903125 0.3953125 0.015625 0.015625
0 0.8921875 0.3984375 0.0140625 0.0171875
0 0.8796875 0.4046875 0.01328125 0.01484375
0 0.7046875 0.41875 0.01171875 0.0125
0 0.715625 0.421875 0.0078125 0.009375
0 0.75078125 0.04296875 0.0078125 0.02109375
0 0.703125 0.428125 0.009375 0.01328125
0 0.71171875 0.4328125 0.009375 0.0140625
0 0.8125 0.0484375 0.01015625 0.01796875
0 0.89453125 0.4828125 0.01640625 0.01796875
0 0.39375 0.51171875 0.01015625 0.015625
0 0.38125 0.52578125 0.0125 0.0140625
0 0.3609375 0.53125 0.01015625 0.0140625
0 0.98359375 0.53359375 0.02265625 0.015625
0 0.384375 0.5390625 0.009375 0.0140625
0 0.35546875 0.54296875 0.01015625 0.0140625
0 0.96328125 0.559375 0.02109375 0.0125
0 0.97578125 0.571875 0.0203125 0.0140625
0 0.41875 0.58671875 0.0140625 0.01484375
0 0.40625 0.59375 0.009375 0.009375
0 0.55625 0.00625 0.0046875 0.0125
0 0.596875 0.06015625 0.00703125 0.025
0 0.8109375 0.06171875 0.0078125 0.01328125
0 0.7140625 0.0625 0.009375 0.02265625
0 0.18828125 0.64921875 0.01640625 0.01171875
0 0.69921875 0.065625 0.01015625 0.02265625