0 0.07578125 0.0765625 0.021875 0.0765625
0 0.18125 0.77109375 0.028125 0.0984375
0 0.16015625 0.7828125 0.03046875 0.0921875
0 0.96953125 0.7859375 0.02265625 0.0890625
0 0.2796875 0.78984375 0.02890625 0.09921875
0 0.515625 0.00859375 0.0125 0.0171875
0 0.0546875 0.08046875 0.01796875 0.0765625
0 0.09453125 0.8125 0.02734375 0.0953125
0 0.59609375 0.8625 0.03125 0.0984375
0 0.52578125 0.00859375 0.0078125 0.0171875
0 0.4890625 0.10078125 0.0203125 0.0703125
0 0.46953125 0.1015625 0.021875 0.06875
0 0.93046875 0.13359375 0.01953125 0.06953125
0 0.95078125 0.134375 0.02578125 0.07421875
0 0.75234375 0.13828125 0.01484375 0.0625
0 0.3875 0.13984375 0.01875 0.0765625
0 0.771875 0.140625 0.0171875 0.06875
0 0.1859375 0.175 0.0171875 0.0765625
0 0.1234375 0.2171875 0.02109375 0.0671875
0 0.0890625 0.21796875 0.0203125 0.06953125
0 0.11171875 0.2296875 0.0171875 0.05703125
0 0.08125 0.23828125 0.01875 0.05859375
0 0.60546875 0.02578125 0.01875 0.0515625
0 0.58515625 0.02578125 0.0203125 0.0515625
0 0.6015625 0.259375 0.01953125 0.0765625
0 0.5484375 0.26484375 0.02578125 0.06875
0 0.7375 0.27109375 0.0125 0.07578125
0 0.74609375 0.28203125 0.01640625 0.0796875
0 0.7515625 0.29296875 0.02421875 0.08515625
0 0.49296875 0.29765625 0.015625 0.0734375
0 0.62734375 0.3 0.0234375 0.07734375
0 0.49921875 0.3015625 0.01953125 0.0765625
0 0.55546875 0.33828125 0.01796875 0.08203125
0 0.5734375 0.35 0.0203125 0.0828125
0 0.29296875 0.03671875 0.02109375 0.07109375
0 0.58828125 0.42421875 0.0171875 0.0765625
0 0.6 0.43125 0.01875 0.0859375
0 0.478125 0.0453125 0.01796875 0.0578125
0 0.18671875 0.49609375 0.02421875 0.0796875
0 0.16875 0.49921875 0.0265625 0.07421875
0 0.3703125 0.50234375 0.0171875 0.08046875
0 0.3828125 0.51015625 0.01640625 0.084375
0 0.75703125 0.534375 0.01875 0.0765625
0 0.78125 0.5359375 0.021875 0.08828125
0 0.50078125 0.56015625 0.02265625 0.08046875
0 0.4890625 0.00625 0.01484375 0.0125
0 0.88359375 0.62578125 0.01875 0.08125
0 0.78671875 0.63671875 0.021875 0.09375
0 0.88828125 0.6375 0.02265625 0.090625
0 0.80390625 0.6453125 0.02265625 0.08515625
0 0.0953125 0.06640625 0.01796875 0.06796875
0 0.5875 0.69296875 0.0265625 0.084375