0 0.4515625 0.1640625 0.00859375 0.02109375
0 0.99375 0.203125 0.0109375 0.02578125
0 0.71328125 0.0234375 0.0109375 0.025
0 0.33359375 0.40234375 0.01640625 0.02578125
0 0.79375 0.40859375 0.0140625 0.025
0 0.3 0.41953125 0.0125 0.02734375
0 0.26875 0.4390625 0.0125 0.025
0 0.2875 0.45078125 0.0140625 0.0265625
0 0.28046875 0.45703125 0.0109375 0.0234375
0 0.27265625 0.47265625 0.0125 0.021875
0 0.95625 0.47890625 0.01484375 0.03125
0 0.8515625 0.4796875 0.015625 0.02265625
0 0.25703125 0.52109375 0.015625 0.02578125
0 0.240625 0.55390625 0.01171875 0.02734375
0 0.096875 0.765625 0.02109375 0.02734375
0 0.3046875 0.91015625 0.021875 0.02734375