0 0.90859375 0.42421875 0.01484375 0.05078125
0 0.7890625 0.22578125 0.0125 0.0421875
0 0.71328125 0.296875 0.0140625 0.05
0 0.70234375 0.2984375 0.009375 0.04140625
0 0.6375 0.28125 0.01171875 0.04296875
0 0.68984375 0.06640625 0.01328125 0.0359375
0 0.521875 0.1015625 0.009375 0.03984375
0 0.36484375 0.18984375 0.02109375 0.04453125
0 0.328125 0.07734375 0.01328125 0.040625
0 0.5015625 0.71171875 0.0171875 0.0609375
0 0.50703125 0.42421875 0.009375 0.046875
0 0.36640625 0.50625 0.0171875 0.05546875
0 0.28359375 0.7328125 0.028125 0.05234375
0 0.034375 0.390625 0.0171875 0.04609375
0 0.21640625 0.3921875 0.01484375 0.05
0 0.06484375 0.0796875 0.0109375 0.03828125
0 0.065625 0.0265625 0.01171875 0.03515625