0 0.54140625 0.76875 0.0328125 0.0296875
0 0.34296875 0.07890625 0.01953125 0.040625
0 0.5171875 0.79765625 0.01328125 0.02890625
0 0.5296875 0.08828125 0.0140625 0.04140625
0 0.65703125 0.90703125 0.02265625 0.0328125
0 0.6578125 0.940625 0.01875 0.02734375
0 0.54375 0.97109375 0.01796875 0.04921875
0 0.36953125 0.1109375 0.01875 0.04140625
0 0.4171875 0.1203125 0.01953125 0.0296875
0 0.79921875 0.12890625 0.03125 0.03359375
0 0.3578125 0.21953125 0.02109375 0.040625
0 0.375 0.02734375 0.0171875 0.04296875
0 0.33515625 0.28671875 0.0140625 0.02734375
0 0.54609375 0.3609375 0.015625 0.0265625
0 0.56015625 0.39921875 0.01796875 0.02890625
0 0.34765625 0.50703125 0.021875 0.02421875