0 0.78671875 0.16484375 0.009375 0.0359375
0 0.31875 0.24140625 0.0078125 0.03046875
0 0.31640625 0.25078125 0.00859375 0.03515625
0 0.12578125 0.003125 0.0109375 0.00625
0 0.2953125 0.43125 0.009375 0.03046875
0 0.846875 0.51953125 0.0109375 0.04453125
0 0.83359375 0.5203125 0.0140625 0.040625
0 0.85625 0.5296875 0.0125 0.04296875
0 0.2234375 0.72734375 0.01640625 0.03359375
0 0.1546875 0.80859375 0.01796875 0.025
0 0.05703125 0.81953125 0.015625 0.028125
0 0.93203125 0.84609375 0.01875 0.03359375
0 0.0390625 0.86171875 0.01953125 0.028125
0 0.109375 0.8875 0.01640625 0.0265625
0 0.12890625 0.8890625 0.01953125 0.01796875
0 0.1890625 0.89765625 0.01796875 0.0234375
0 0.03359375 0.9703125 0.0140625 0.025
0 0.046875 0.98671875 0.01640625 0.0265625
0 0.32265625 0.06328125 0.009375 0.03203125
0 0.31484375 0.0703125 0.0078125 0.0265625
0 0.30078125 0.07265625 0.00859375 0.03046875
0 0.29296875 0.07578125 0.0078125 0.028125