0 0.51171875 0.865625 0.01796875 0.05703125
0 0.28125 0.8796875 0.02265625 0.053125
0 0.06796875 0.4953125 0.0171875 0.0421875
0 0.3828125 0.59609375 0.015625 0.04921875
0 0.53515625 0.55078125 0.0125 0.05078125
0 0.40546875 0.29140625 0.0125 0.03828125
0 0.2625 0.49765625 0.0140625 0.046875
0 0.91328125 0.5578125 0.0140625 0.046875
0 0.8078125 0.34921875 0.01328125 0.04296875
0 0.73828125 0.403125 0.01328125 0.0484375
0 0.72890625 0.41640625 0.0109375 0.04296875
0 0.665625 0.3890625 0.01015625 0.04140625
0 0.546875 0.20546875 0.009375 0.040625
0 0.35 0.1765625 0.01171875 0.040625
0 0.1234375 0.1765625 0.01328125 0.03671875
0 0.115625 0.1140625 0.00859375 0.0359375
0 0.0546875 0.3328125 0.01640625 0.0453125