0 0.546875 0.128125 0.00625 0.025
0 0.59375 0.20703125 0.00625 0.02265625
0 0.68046875 0.28203125 0.00625 0.0328125
0 0.44921875 0.30234375 0.0078125 0.03828125
0 0.44140625 0.30625 0.0078125 0.034375
0 0.70703125 0.38515625 0.0109375 0.034375
0 0.40859375 0.390625 0.01171875 0.025
0 0.42734375 0.39140625 0.009375 0.0328125
0 0.7 0.39375 0.0078125 0.025
0 0.41875 0.40703125 0.0078125 0.034375
0 0.4109375 0.4140625 0.0125 0.0328125
0 0.40703125 0.4375 0.009375 0.03515625
0 0.42109375 0.44453125 0.0125 0.03828125
0 0.40234375 0.5421875 0.0125 0.040625
0 0.41875 0.57265625 0.0109375 0.0328125
0 0.40625 0.57578125 0.01328125 0.0265625
0 0.4015625 0.58359375 0.00859375 0.03046875
0 0.4234375 0.590625 0.00703125 0.034375
0 0.40234375 0.596875 0.01015625 0.03203125
0 0.41640625 0.61015625 0.0109375 0.0328125
0 0.4 0.6140625 0.0109375 0.03515625
0 0.6625 0.74375 0.01328125 0.03828125
0 0.67265625 0.7484375 0.00625 0.02421875
0 0.54921875 0.85703125 0.01171875 0.02890625