0 0.971875 0.1625 0.0109375 0.03125
0 0.82265625 0.4609375 0.01015625 0.02734375
0 0.9453125 0.01015625 0.009375 0.0203125
0 0.23203125 0.60859375 0.009375 0.02578125
0 0.275 0.621875 0.01015625 0.02578125
0 0.22421875 0.678125 0.00859375 0.01875
0 0.9390625 0.02890625 0.009375 0.02578125
0 0.95 0.03046875 0.00703125 0.02265625
0 0.234375 0.74765625 0.009375 0.02421875
0 0.20625 0.7765625 0.01171875 0.02734375
0 0.26015625 0.79296875 0.00859375 0.02578125
0 0.93671875 0.0734375 0.00703125 0.0203125