0 0.41484375 0.37578125 0.01171875 0.03046875
0 0.40234375 0.41484375 0.01328125 0.03515625
0 0.40625 0.446875 0.01484375 0.02578125
0 0.41953125 0.4875 0.01484375 0.02734375
0 0.43984375 0.44609375 0.01640625 0.0421875
0 0.434375 0.42109375 0.0125 0.0328125
0 0.6734375 0.2078125 0.01640625 0.053125
0 0.9109375 0.3171875 0.021875 0.06640625
0 0.9265625 0.3203125 0.0390625 0.05546875
0 0.93125 0.3015625 0.028125 0.04609375
0 0.6671875 0.02578125 0.01796875 0.04921875
0 0.38671875 0.0984375 0.01484375 0.04921875