0 0.775 0.153125 0.01328125 0.0375
0 0.690625 0.28203125 0.01484375 0.0375
0 0.4390625 0.0359375 0.01171875 0.03203125
0 0.76484375 0.4125 0.0140625 0.02734375
0 0.67265625 0.45859375 0.01328125 0.021875
0 0.31796875 0.48984375 0.0125 0.02265625
0 0.3109375 0.49453125 0.0140625 0.02578125
0 0.5390625 0.52890625 0.0125 0.02265625
0 0.52578125 0.5296875 0.01015625 0.02265625
0 0.30859375 0.5328125 0.01796875 0.01796875
0 0.52265625 0.54453125 0.01328125 0.02265625
0 0.20234375 0.55546875 0.0203125 0.01640625
0 0.21953125 0.559375 0.0171875 0.02109375
0 0.24921875 0.5625 0.021875 0.0171875
0 0.33828125 0.58515625 0.02421875 0.03125
0 0.1890625 0.5859375 0.01875 0.0171875
0 0.2890625 0.58984375 0.01640625 0.01875
0 0.67890625 0.596875 0.0171875 0.0234375
0 0.37421875 0.6015625 0.01640625 0.01640625
0 0.2078125 0.61171875 0.01796875 0.02109375
0 0.68828125 0.66640625 0.01796875 0.021875
0 0.30546875 0.67265625 0.01640625 0.01875
0 0.29140625 0.6890625 0.01015625 0.01796875
0 0.3046875 0.696875 0.01796875 0.0265625
0 0.265625 0.703125 0.0171875 0.021875
0 0.41640625 0.72265625 0.0171875 0.01796875
0 0.2890625 0.73203125 0.015625 0.01640625
0 0.2640625 0.771875 0.01875 0.021875