0 0.78671875 0.95625 0.0203125 0.025
0 0.75 0.96015625 0.02109375 0.025
0 0.16640625 0.9609375 0.01796875 0.02265625
0 0.3078125 0.98515625 0.01953125 0.021875
0 0.753125 0.10546875 0.01484375 0.034375
0 0.7625 0.10859375 0.0140625 0.034375
0 0.05859375 0.1140625 0.021875 0.03203125
0 0.0203125 0.15234375 0.0203125 0.0171875
0 0.140625 0.27734375 0.0203125 0.025
0 0.22578125 0.28203125 0.01796875 0.025
0 0.22109375 0.38203125 0.0171875 0.02265625
0 0.21171875 0.39921875 0.015625 0.02109375
0 0.33671875 0.41640625 0.015625 0.02578125
0 0.1890625 0.43828125 0.01953125 0.0171875
0 0.546875 0.440625 0.009375 0.021875
0 0.7578125 0.06484375 0.0171875 0.03984375
0 0.53359375 0.675 0.0125 0.02109375
0 0.65703125 0.68359375 0.01953125 0.01875
0 0.79140625 0.7 0.01953125 0.0171875
0 0.74296875 0.778125 0.015625 0.01875
0 0.7296875 0.7953125 0.01875 0.02265625
0 0.7171875 0.80234375 0.01640625 0.0203125
0 0.84765625 0.8625 0.021875 0.01875
0 0.80390625 0.8984375 0.01796875 0.0234375
0 0.86953125 0.90234375 0.02421875 0.03125
0 0.8453125 0.9296875 0.021875 0.0265625
0 0.8625 0.93359375 0.02421875 0.0203125