0 0.42890625 0.225 0.00546875 0.028125
0 0.46015625 0.26015625 0.0078125 0.03046875
0 0.4375 0.26796875 0.00859375 0.025
0 0.47421875 0.2703125 0.00703125 0.03828125
0 0.478125 0.28515625 0.00859375 0.02890625
0 0.59296875 0.32109375 0.00703125 0.03515625
0 0.4578125 0.36328125 0.01171875 0.034375
0 0.48203125 0.3703125 0.0078125 0.0328125
0 0.48359375 0.38984375 0.00703125 0.01875
0 0.453125 0.39453125 0.00703125 0.03515625
0 0.44765625 0.42734375 0.00546875 0.028125
0 0.484375 0.43828125 0.00625 0.03203125
0 0.45 0.43984375 0.00625 0.034375
0 0.465625 0.484375 0.01171875 0.03671875
0 0.72578125 0.51484375 0.0109375 0.0390625
0 0.540625 0.56484375 0.01171875 0.03515625
0 0.5578125 0.5671875 0.01015625 0.0203125
0 0.559375 0.58203125 0.01015625 0.03203125
0 0.52421875 0.5859375 0.0078125 0.03515625
0 0.540625 0.59296875 0.0078125 0.028125
0 0.5328125 0.59453125 0.00703125 0.02890625
0 0.821875 0.69921875 0.021875 0.0328125
0 0.4265625 0.70703125 0.01171875 0.03515625
0 0.80859375 0.7234375 0.01328125 0.03828125
0 0.64765625 0.74140625 0.0125 0.03515625
0 0.678125 0.778125 0.021875 0.025
0 0.68828125 0.82578125 0.01015625 0.040625
0 0.871875 0.91015625 0.02734375 0.0390625
0 0.4265625 0.11171875 0.00625 0.025