0 0.90859375 0.4859375 0.025 0.04765625
0 0.796875 0.29375 0.01328125 0.03828125
0 0.728125 0.35703125 0.01328125 0.046875
0 0.7171875 0.3609375 0.01015625 0.03984375
0 0.69921875 0.13671875 0.0125 0.0328125
0 0.51953125 0.76796875 0.015625 0.06171875
0 0.53359375 0.48125 0.0125 0.04375
0 0.65703125 0.34375 0.0109375 0.0421875
0 0.54609375 0.17109375 0.00625 0.03671875
0 0.315625 0.78125 0.0140625 0.05234375
0 0.39765625 0.55078125 0.01875 0.0484375
0 0.26171875 0.4484375 0.009375 0.046875
0 0.4 0.2515625 0.0125 0.04296875
0 0.3609375 0.146875 0.0125 0.03828125
0 0.125 0.14765625 0.01015625 0.03515625
0 0.08828125 0.44140625 0.0125 0.04296875