0 0.578125 0.109375 0.01015625 0.01796875
0 0.63984375 0.01015625 0.00859375 0.0203125
0 0.53828125 0.16875 0.009375 0.01796875
0 0.52421875 0.26796875 0.00859375 0.02265625
0 0.44375 0.28359375 0.01015625 0.01328125
0 0.41796875 0.3203125 0.0078125 0.01015625
0 0.36640625 0.37421875 0.00546875 0.01171875
0 0.61484375 0.0390625 0.01015625 0.02109375
0 0.3046875 0.44140625 0.0140625 0.015625
0 0.2171875 0.55546875 0.00625 0.0078125
0 0.20703125 0.55859375 0.00546875 0.009375
0 0.19453125 0.5875 0.01328125 0.01171875
0 0.184375 0.61953125 0.01171875 0.01015625
0 0.21171875 0.621875 0.01328125 0.009375
0 0.1828125 0.634375 0.0125 0.0125
0 0.528125 0.63671875 0.009375 0.01640625
0 0.5046875 0.671875 0.01015625 0.0140625
0 0.225 0.696875 0.0109375 0.0140625
0 0.98359375 0.0078125 0.0234375 0.015625
0 0.140625 0.88671875 0.01171875 0.0125