0 0.71796875 0.671875 0.0421875 0.046875
0 0.81640625 0.69921875 0.0359375 0.04296875
0 0.6671875 0.7609375 0.02265625 0.03359375
0 0.6296875 0.7734375 0.0359375 0.05546875
0 0.315625 0.8265625 0.02734375 0.03125
0 0.734375 0.83828125 0.034375 0.0625
0 0.64375 0.86796875 0.015625 0.0328125
0 0.72265625 0.92265625 0.0421875 0.04609375
0 0.72890625 0.965625 0.04375 0.06015625
0 0.8484375 0.97578125 0.05078125 0.046875
0 0.578125 0.09921875 0.02578125 0.075
0 0.64140625 0.14296875 0.02578125 0.0703125
0 0.4296875 0.15625 0.03203125 0.0671875
0 0.38359375 0.16796875 0.028125 0.08203125
0 0.61953125 0.171875 0.028125 0.0703125
0 0.5296875 0.20234375 0.01328125 0.03984375
0 0.521875 0.215625 0.01640625 0.0703125
0 0.60390625 0.02265625 0.0234375 0.0453125
0 0.73671875 0.246875 0.02578125 0.05703125
0 0.6203125 0.2484375 0.01953125 0.08359375
0 0.64375 0.2484375 0.021875 0.06640625
0 0.6625 0.2546875 0.025 0.084375
0 0.59453125 0.27265625 0.0234375 0.06484375
0 0.546875 0.2765625 0.0234375 0.07890625
0 0.58203125 0.30859375 0.02265625 0.06484375
0 0.6234375 0.3265625 0.02734375 0.0625
0 0.68828125 0.41015625 0.0390625 0.05234375
0 0.54375 0.421875 0.021875 0.06171875
0 0.77265625 0.42890625 0.03515625 0.05078125
0 0.39296875 0.43203125 0.0265625 0.04921875
0 0.4328125 0.0453125 0.02109375 0.075
0 0.66796875 0.45625 0.0203125 0.0390625
0 0.58359375 0.4671875 0.0265625 0.05234375
0 0.6921875 0.471875 0.0328125 0.04296875
0 0.78828125 0.665625 0.034375 0.05390625