0 0.34765625 0.86171875 0.03359375 0.09453125
0 0.3515625 0.74375 0.046875 0.0859375
0 0.35859375 0.77421875 0.03828125 0.078125
0 0.84609375 0.53046875 0.034375 0.10546875
0 0.9328125 0.534375 0.034375 0.1015625
0 0.96875 0.5390625 0.04140625 0.1015625
0 0.87265625 0.39765625 0.02421875 0.07109375
0 0.909375 0.4109375 0.03203125 0.0890625
0 0.88984375 0.403125 0.028125 0.0953125
0 0.80078125 0.2765625 0.025 0.109375
0 0.82734375 0.3078125 0.03125 0.1046875
0 0.9125 0.23515625 0.02890625 0.10546875
0 0.93046875 0.25 0.02734375 0.09609375
0 0.97265625 0.1859375 0.0375 0.11484375
0 0.90703125 0.1359375 0.03515625 0.0859375
0 0.68203125 0.09921875 0.02265625 0.11328125
0 0.59453125 0.096875 0.021875 0.1109375
0 0.42421875 0.0453125 0.02265625 0.08671875
0 0.40859375 0.034375 0.0203125 0.06875
0 0.36953125 0.09765625 0.02734375 0.0953125
0 0.3859375 0.19375 0.02265625 0.0984375
0 0.375 0.17109375 0.0140625 0.09296875
0 0.31328125 0.24140625 0.02421875 0.0953125
0 0.2921875 0.240625 0.02265625 0.0953125
0 0.2828125 0.2140625 0.01796875 0.096875
0 0.24296875 0.14140625 0.0234375 0.09140625
0 0.20859375 0.24609375 0.0375 0.07890625
0 0.03046875 0.39453125 0.04140625 0.10703125
0 0.06796875 0.58359375 0.03359375 0.090625
0 0.02734375 0.83203125 0.05390625 0.11640625
0 0.87890625 0.9765625 0.03359375 0.0453125