0 0.8421875 0.10390625 0.0140625 0.0390625
0 0.671875 0.134375 0.01328125 0.0265625
0 0.7109375 0.15234375 0.0125 0.01875
0 0.7109375 0.20078125 0.01484375 0.040625
0 0.70234375 0.20390625 0.0125 0.040625
0 0.81328125 0.22734375 0.01875 0.046875
0 0.63125 0.2546875 0.0171875 0.0296875
0 0.95078125 0.2796875 0.01484375 0.04453125
0 0.95546875 0.29140625 0.01640625 0.02890625
0 0.0484375 0.03046875 0.01875 0.02890625
0 0.9140625 0.29609375 0.0203125 0.03984375
0 0.60390625 0.2984375 0.0125 0.04375
0 0.653125 0.3046875 0.0140625 0.04921875
0 0.81796875 0.30859375 0.0171875 0.04609375
0 0.83984375 0.32109375 0.01953125 0.05078125
0 0.790625 0.38984375 0.01796875 0.05078125
0 0.73828125 0.40390625 0.0234375 0.0421875
0 0.72421875 0.4765625 0.0265625 0.059375
0 0.95625 0.5140625 0.03046875 0.06015625