0 0.98984375 0.5234375 0.0203125 0.09609375
0 0.82578125 0.61953125 0.034375 0.0828125
0 0.884375 0.34921875 0.03828125 0.09453125
0 0.91015625 0.3796875 0.03515625 0.11171875
0 0.753125 0.0234375 0.02734375 0.04609375
0 0.6125 0.04375 0.02578125 0.08671875
0 0.5859375 0.03046875 0.02265625 0.06015625
0 0.43125 0.03203125 0.025 0.0640625
0 0.3765625 0.165625 0.0265625 0.115625
0 0.353125 0.14453125 0.03046875 0.10625
0 0.0078125 0.3546875 0.015625 0.10859375
0 0.203125 0.0421875 0.0375 0.084375
0 0.02578125 0.828125 0.0515625 0.0921875
0 0.0875 0.490625 0.040625 0.11171875
0 0.0046875 0.52265625 0.009375 0.0984375