0 0.7203125 0.65234375 0.034375 0.12265625
0 0.75546875 0.68203125 0.03046875 0.09765625
0 0.57109375 0.1453125 0.03828125 0.103125
0 0.8625 0.18671875 0.03515625 0.10234375
0 0.82734375 0.0453125 0.02890625 0.090625
0 0.95234375 0.36875 0.03828125 0.09375
0 0.93125 0.2125 0.0359375 0.0953125
0 0.9625 0.1953125 0.03203125 0.103125
0 0.98828125 0.29921875 0.0234375 0.0953125
0 0.94296875 0.03671875 0.0296875 0.0734375
0 0.98203125 0.01015625 0.0265625 0.0203125
0 0.50703125 0.01171875 0.0234375 0.0234375