0 0.51953125 0.125 0.00859375 0.03671875
0 0.51015625 0.12734375 0.00546875 0.021875
0 0.415625 0.14296875 0.0078125 0.0234375
0 0.5375 0.14296875 0.01484375 0.0234375
0 0.42890625 0.14453125 0.00859375 0.03984375
0 0.396875 0.21328125 0.01015625 0.03671875
0 0.3859375 0.2203125 0.00859375 0.0359375
0 0.2390625 0.221875 0.01171875 0.03828125
0 0.55546875 0.0078125 0.00859375 0.01484375
0 0.3515625 0.321875 0.01328125 0.025
0 0.39609375 0.4234375 0.01015625 0.021875
0 0.54921875 0.021875 0.00703125 0.0359375
0 0.51796875 0.02578125 0.0078125 0.04140625
0 0.50703125 0.0265625 0.00625 0.03671875
0 0.36640625 0.53203125 0.0109375 0.03984375
0 0.35703125 0.53203125 0.01171875 0.02578125
0 0.52421875 0.03203125 0.00703125 0.03125
0 0.34765625 0.81953125 0.0109375 0.0328125
0 0.35546875 0.83984375 0.0125 0.03046875
0 0.296875 0.903125 0.01328125 0.03046875
0 0.4953125 0.0921875 0.0078125 0.02890625
0 0.50078125 0.09453125 0.00546875 0.03046875