0 0.81484375 0.76875 0.0375 0.10703125
0 0.9265625 0.628125 0.0328125 0.11640625
0 0.98515625 0.55859375 0.02890625 0.09453125
0 0.871875 0.61640625 0.02890625 0.07734375
0 0.89765625 0.60546875 0.03203125 0.1
0 0.903125 0.45546875 0.03671875 0.11484375
0 0.890625 0.41875 0.02734375 0.0984375
0 0.94765625 0.3328125 0.03203125 0.1125
0 0.88203125 0.31484375 0.03671875 0.10703125
0 0.453125 0.05078125 0.0296875 0.10078125
0 0.29375 0.1125 0.03046875 0.109375
0 0.27265625 0.08984375 0.025 0.1140625
0 0.23515625 0.1671875 0.02890625 0.1
0 0.2046875 0.146875 0.02890625 0.09140625
0 0.1578125 0.1140625 0.03671875 0.109375
0 0.16171875 0.03671875 0.0265625 0.0734375
0 0.2125 0.26171875 0.0375 0.10390625
0 0.1953125 0.22578125 0.025 0.11015625
0 0.125 0.3921875 0.04765625 0.1140625
0 0.13515625 0.321875 0.03515625 0.096875
0 0.11171875 0.30546875 0.02734375 0.07421875
0 0.1046875 0.2578125 0.040625 0.05859375
0 0.03671875 0.25859375 0.0390625 0.09375
0 0.184375 0.5140625 0.03671875 0.11015625
0 0.153125 0.49609375 0.03203125 0.09140625
0 0.58828125 0.70859375 0.03125 0.1109375
0 0.584375 0.63828125 0.02578125 0.1
0 0.5671875 0.61953125 0.0328125 0.10625
0 0.65 0.303125 0.0296875 0.1359375
0 0.58671875 0.25625 0.03046875 0.1234375
0 0.66875 0.2296875 0.02578125 0.1015625
0 0.3265625 0.01015625 0.03203125 0.01953125