0 0.42265625 0.1140625 0.0109375 0.03203125
0 0.7296875 0.11484375 0.01015625 0.02109375
0 0.40546875 0.1234375 0.00859375 0.03515625
0 0.4140625 0.128125 0.0078125 0.0265625
0 0.46484375 0.21171875 0.00859375 0.03515625
0 0.4578125 0.22265625 0.0078125 0.0296875
0 0.50625 0.23515625 0.01015625 0.03515625
0 0.2046875 0.28515625 0.01171875 0.025
0 0.19453125 0.2859375 0.01484375 0.0296875
0 0.5421875 0.31484375 0.01171875 0.03515625
0 0.34765625 0.01328125 0.0140625 0.0265625
0 0.49609375 0.3234375 0.009375 0.0265625
0 0.5390625 0.33671875 0.00859375 0.03046875
0 0.55859375 0.36171875 0.00859375 0.03359375
0 0.51484375 0.3734375 0.01171875 0.0296875
0 0.553125 0.38046875 0.0109375 0.03203125
0 0.6015625 0.390625 0.0109375 0.0296875
0 0.59296875 0.39765625 0.00859375 0.03046875
0 0.61484375 0.41640625 0.0078125 0.025
0 0.5671875 0.4171875 0.009375 0.03203125
0 0.60625 0.4328125 0.00859375 0.03046875
0 0.74453125 0.45703125 0.01640625 0.025
0 0.6453125 0.46953125 0.0109375 0.025
0 0.59140625 0.475 0.01015625 0.028125
0 0.74296875 0.50703125 0.01796875 0.03046875
0 0.73203125 0.52109375 0.01015625 0.01953125
0 0.6453125 0.52734375 0.01328125 0.02109375
0 0.63984375 0.540625 0.0078125 0.025
0 0.66796875 0.54921875 0.01171875 0.0265625
0 0.6546875 0.55390625 0.01015625 0.0234375
0 0.66953125 0.58515625 0.009375 0.02265625
0 0.65703125 0.590625 0.00859375 0.025
0 0.8703125 0.60625 0.01328125 0.01953125
0 0.68671875 0.61171875 0.01015625 0.01953125
0 0.68203125 0.625 0.0125 0.02109375
0 0.0546875 0.628125 0.0171875 0.02109375
0 0.7109375 0.64609375 0.01015625 0.01796875
0 0.72109375 0.6515625 0.01328125 0.0296875
0 0.64453125 0.6734375 0.0125 0.025
0 0.74453125 0.6734375 0.0125 0.025
0 0.65234375 0.70625 0.01171875 0.0234375
0 0.6640625 0.728125 0.01015625 0.0234375
0 0.6765625 0.7578125 0.0109375 0.0234375
0 0.39375 0.05859375 0.01171875 0.0359375
0 0.409375 0.0640625 0.01171875 0.03359375
0 0.384375 0.06640625 0.0125 0.040625
0 0.8359375 0.921875 0.0171875 0.02265625
0 0.76328125 0.94375 0.0171875 0.02109375
0 0.7671875 0.9640625 0.01484375 0.01796875
0 0.7828125 0.984375 0.01484375 0.025
0 0.63046875 0.0921875 0.01015625 0.01640625