0 0.00625 0.2125 0.0125 0.028125
0 0.453125 0.45 0.015625 0.021875
0 0.81484375 0.4546875 0.01953125 0.02265625
0 0.43828125 0.4546875 0.0109375 0.02734375
0 0.8859375 0.45625 0.0203125 0.0203125
0 0.30546875 0.46796875 0.01640625 0.0265625
0 0.33203125 0.47421875 0.0109375 0.01953125
0 0.365625 0.47734375 0.01328125 0.021875
0 0.47734375 0.4796875 0.0125 0.02578125
0 0.3796875 0.48125 0.0109375 0.02578125
0 0.34609375 0.48359375 0.0125 0.02421875
0 0.45078125 0.4921875 0.0109375 0.0234375
0 0.47109375 0.51484375 0.01328125 0.02578125
0 0.49296875 0.5203125 0.00859375 0.01953125
0 0.38125 0.52265625 0.01484375 0.021875
0 0.20703125 0.575 0.01796875 0.021875
0 0.53828125 0.59375 0.0140625 0.01875