0 0.70234375 0.8375 0.01796875 0.0453125
0 0.890625 0.56171875 0.01484375 0.0453125
0 0.78671875 0.2046875 0.0109375 0.0359375
0 0.69375 0.125 0.0078125 0.03359375
0 0.5921875 0.08515625 0.01015625 0.034375
0 0.471875 0.3046875 0.0109375 0.04375
0 0.35859375 0.95859375 0.01484375 0.0609375
0 0.1046875 0.378125 0.015625 0.04375
0 0.159375 0.0109375 0.01015625 0.021875
0 0.375 0.6171875 0.0125 0.05078125
0 0.32578125 0.3765625 0.0109375 0.04296875
0 0.3421875 0.30703125 0.01328125 0.04609375
0 0.28515625 0.23359375 0.00859375 0.04140625
0 0.44140625 0.1828125 0.0109375 0.03671875
0 0.38125 0.06484375 0.0109375 0.0359375
0 0.25703125 0.02421875 0.0109375 0.03125
0 0.23359375 0.07109375 0.0078125 0.03125
0 0.884375 0.375 0.01328125 0.04375