0 0.7421875 0.10078125 0.01796875 0.034375
0 0.87578125 0.10390625 0.0171875 0.03984375
0 0.8125 0.1765625 0.01875 0.0390625
0 0.02578125 0.2328125 0.015625 0.01796875
0 0.0171875 0.26328125 0.0140625 0.01171875
0 0.23046875 0.30546875 0.01015625 0.021875
0 0.61953125 0.38671875 0.01015625 0.0265625
0 0.0078125 0.39375 0.01484375 0.02890625
0 0.42109375 0.44296875 0.01640625 0.025
0 0.4390625 0.48828125 0.01328125 0.03125
0 0.4265625 0.49140625 0.01171875 0.0234375
0 0.85390625 0.0515625 0.01640625 0.04375