0 0.94375 0.95625 0.0375 0.0875
0 0.90546875 0.92421875 0.03359375 0.08984375
0 0.828125 0.890625 0.04296875 0.128125
0 0.85546875 0.92734375 0.034375 0.10625
0 0.7484375 0.94375 0.03359375 0.084375
0 0.6609375 0.6234375 0.0375 0.11796875
0 0.9296875 0.59765625 0.028125 0.1046875
0 0.8765625 0.609375 0.0421875 0.11171875
0 0.85 0.596875 0.03359375 0.10390625
0 0.82734375 0.56875 0.03203125 0.10078125
0 0.859375 0.30859375 0.02890625 0.11484375
0 0.60078125 0.4609375 0.03125 0.10078125
0 0.47421875 0.23203125 0.01953125 0.09375
0 0.440625 0.28515625 0.03203125 0.11953125
0 0.4015625 0.334375 0.03515625 0.10546875
0 0.415625 0.5109375 0.03046875 0.11171875
0 0.40703125 0.60234375 0.04296875 0.084375
0 0.0296875 0.278125 0.05 0.11171875
0 0.4484375 0.021875 0.025 0.04375
0 0.3515625 0.00859375 0.0296875 0.0171875
0 0.9375 0.0671875 0.021875 0.08046875