0 0.36796875 0.2046875 0.01171875 0.02890625
0 0.37890625 0.20625 0.0109375 0.02890625
0 0.3609375 0.2078125 0.00859375 0.03046875
0 0.3625 0.2234375 0.0109375 0.0328125
0 0.55078125 0.26875 0.009375 0.03203125
0 0.53671875 0.275 0.00859375 0.0328125
0 0.54453125 0.2921875 0.00703125 0.028125
0 0.56484375 0.30859375 0.0078125 0.028125
0 0.553125 0.31640625 0.00703125 0.0265625
0 0.56328125 0.33828125 0.0109375 0.0265625
0 0.5390625 0.35234375 0.00859375 0.0265625
0 0.57578125 0.35390625 0.009375 0.025
0 0.53046875 0.36015625 0.009375 0.025
0 0.56640625 0.36484375 0.0109375 0.02421875
0 0.5125 0.37109375 0.0109375 0.0265625
0 0.5546875 0.37109375 0.0078125 0.0265625
0 0.58359375 0.37890625 0.009375 0.0265625
0 0.54609375 0.3796875 0.0078125 0.0265625
0 0.57421875 0.38671875 0.0078125 0.02265625
0 0.534375 0.38984375 0.0078125 0.028125
0 0.5640625 0.39609375 0.00625 0.025
0 0.525 0.40390625 0.0078125 0.025
0 0.5546875 0.40390625 0.00625 0.025
0 0.475 0.4046875 0.0078125 0.02265625
0 0.5453125 0.4140625 0.0078125 0.0265625
0 0.459375 0.415625 0.00859375 0.034375
0 0.50546875 0.4171875 0.0109375 0.0265625
0 0.59609375 0.4171875 0.01015625 0.02421875
0 0.4953125 0.425 0.00703125 0.028125
0 0.53203125 0.42734375 0.00703125 0.021875
0 0.48203125 0.434375 0.0078125 0.025
0 0.57890625 0.434375 0.00859375 0.025
0 0.521875 0.4375 0.00703125 0.02265625
0 0.5703125 0.43984375 0.00859375 0.02421875
0 0.5125 0.44453125 0.00859375 0.02265625
0 0.60703125 0.44609375 0.01015625 0.02421875
0 0.56328125 0.44921875 0.0078125 0.02265625
0 0.46484375 0.45 0.0078125 0.0265625
0 0.503125 0.4515625 0.0078125 0.025
0 0.409375 0.45625 0.009375 0.02421875
0 0.59765625 0.45625 0.01015625 0.021875
0 0.5546875 0.459375 0.0078125 0.02265625
0 0.59140625 0.4625 0.01015625 0.02421875
0 0.37109375 0.46328125 0.00859375 0.02265625
0 0.5453125 0.4640625 0.0078125 0.021875
0 0.49140625 0.465625 0.00625 0.02421875
0 0.4421875 0.46953125 0.0078125 0.025
0 0.58203125 0.46953125 0.009375 0.0203125
0 0.5359375 0.4734375 0.00703125 0.02265625
0 0.4765625 0.475 0.00703125 0.02265625
0 0.57265625 0.478125 0.0078125 0.0203125
0 0.52421875 0.48203125 0.0109375 0.0203125
0 0.6171875 0.48203125 0.0125 0.02265625
0 0.5640625 0.4875 0.0078125 0.02265625
0 0.41640625 0.49140625 0.0078125 0.0203125
0 0.61015625 0.49140625 0.01171875 0.0203125
0 0.603125 0.49296875 0.01171875 0.02890625
0 0.51328125 0.49375 0.0078125 0.025
0 0.55546875 0.4953125 0.00859375 0.021875
0 0.45 0.50078125 0.0078125 0.02421875
0 0.5453125 0.5046875 0.0078125 0.021875
0 0.5 0.5046875 0.00625 0.0203125
0 0.5921875 0.50546875 0.00859375 0.021875
0 0.4890625 0.51171875 0.00703125 0.021875
0 0.58359375 0.5140625 0.00625 0.02265625
0 0.5359375 0.515625 0.0078125 0.02421875
0 0.62890625 0.51953125 0.0078125 0.02421875
0 0.575 0.5203125 0.009375 0.0203125
0 0.4296875 0.521875 0.00703125 0.02265625
0 0.6234375 0.52265625 0.0125 0.02265625
0 0.52578125 0.5265625 0.00859375 0.0203125
0 0.56484375 0.5296875 0.00859375 0.021875
0 0.6140625 0.5296875 0.01171875 0.01875
0 0.46015625 0.53359375 0.009375 0.021875
0 0.5140625 0.53515625 0.0078125 0.0265625
0 0.6046875 0.53828125 0.01015625 0.0203125
0 0.55703125 0.540625 0.00859375 0.0203125
0 0.59609375 0.5453125 0.01171875 0.02265625
0 0.5484375 0.54609375 0.0078125 0.021875
0 0.5015625 0.54921875 0.00859375 0.02421875
0 0.58671875 0.55703125 0.009375 0.0203125
0 0.6390625 0.5578125 0.0125 0.021875
0 0.4359375 0.559375 0.00859375 0.02421875
0 0.53359375 0.5625 0.0078125 0.01875
0 0.6296875 0.56328125 0.0109375 0.0203125
0 0.57734375 0.565625 0.00859375 0.01875
0 0.65859375 0.56953125 0.0125 0.021875
0 0.621875 0.56953125 0.01171875 0.01796875
0 0.05078125 0.57109375 0.02890625 0.02265625
0 0.56875 0.57265625 0.00859375 0.0203125
0 0.5234375 0.57265625 0.00703125 0.0203125
0 0.615625 0.5765625 0.01015625 0.01875
0 0.55859375 0.58046875 0.009375 0.021875
0 0.47109375 0.58046875 0.00859375 0.0265625
0 0.60859375 0.5828125 0.009375 0.01796875
0 0.51171875 0.58359375 0.00859375 0.01796875
0 0.59921875 0.58984375 0.009375 0.021875
0 0.65 0.59140625 0.01171875 0.02265625
0 0.54765625 0.59296875 0.00859375 0.0203125
0 0.0515625 0.596875 0.0265625 0.02421875
0 0.44921875 0.6 0.01171875 0.021875
0 0.590625 0.6 0.009375 0.02265625
0 0.6359375 0.60625 0.0109375 0.01875
0 0.534375 0.60625 0.0078125 0.02421875
0 0.58125 0.61015625 0.00703125 0.021875
0 0.5234375 0.61171875 0.00859375 0.028125
0 0.4828125 0.6140625 0.00859375 0.0203125
0 0.571875 0.61875 0.0125 0.021875
0 0.55859375 0.63359375 0.0078125 0.0203125
0 0.6046875 0.63359375 0.0109375 0.0203125
0 0.45625 0.63515625 0.009375 0.021875
0 0.5484375 0.64296875 0.009375 0.01640625
0 0.48828125 0.646875 0.00859375 0.01875
0 0.5390625 0.64921875 0.0078125 0.021875
0 0.5828125 0.65703125 0.01171875 0.0203125
0 0.525 0.6625 0.0078125 0.02265625
0 0.4625 0.671875 0.01015625 0.01875
0 0.5015625 0.68828125 0.01015625 0.021875
0 0.47734375 0.70390625 0.01015625 0.021875
0 0.43671875 0.71328125 0.0109375 0.01796875
0 0.46953125 0.7375 0.01171875 0.0203125
0 0.48359375 0.7703125 0.0125 0.0203125
0 0.42109375 0.78046875 0.0109375 0.03046875