0 0.49765625 0.16171875 0.00703125 0.028125
0 0.6765625 0.209375 0.00703125 0.0296875
0 0.6609375 0.215625 0.00703125 0.01953125
0 0.4578125 0.0171875 0.00859375 0.01953125
0 0.6921875 0.26328125 0.01015625 0.02734375
0 0.7125 0.3734375 0.0109375 0.0171875
0 0.715625 0.38046875 0.01015625 0.021875
0 0.45859375 0.41796875 0.00703125 0.03515625
0 0.45703125 0.4296875 0.0078125 0.03359375
0 0.44140625 0.44453125 0.00703125 0.03125
0 0.4484375 0.45390625 0.00859375 0.03515625
0 0.40390625 0.49140625 0.01015625 0.0375
0 0.4140625 0.49453125 0.01015625 0.02578125
0 0.60546875 0.0421875 0.0078125 0.02734375
0 0.59765625 0.04296875 0.00625 0.02578125
0 0.5625 0.528125 0.00859375 0.0375
0 0.5703125 0.5328125 0.00703125 0.0296875
0 0.46484375 0.56875 0.00859375 0.028125
0 0.603125 0.5703125 0.00703125 0.021875
0 0.45 0.6625 0.00546875 0.025
0 0.4625 0.66875 0.00625 0.021875
0 0.46953125 0.67578125 0.0078125 0.02578125
0 0.45859375 0.68359375 0.0078125 0.0234375
0 0.46640625 0.690625 0.0078125 0.0234375
0 0.38828125 0.734375 0.01015625 0.0390625
0 0.5234375 0.740625 0.00703125 0.021875
0 0.5234375 0.7484375 0.01015625 0.03203125
0 0.44765625 0.7859375 0.01171875 0.0296875
0 0.46015625 0.08515625 0.00625 0.025
0 0.4328125 0.98828125 0.00859375 0.0234375
0 0.42265625 0.9890625 0.0109375 0.021875