0 0.43671875 0.99296875 0.01640625 0.0140625
0 0.61640625 0.9953125 0.01328125 0.009375
0 0.50546875 0.9953125 0.0109375 0.009375
0 0.97734375 0.096875 0.01875 0.02578125
0 0.5046875 0.4265625 0.0078125 0.021875
0 0.615625 0.42734375 0.0109375 0.015625
0 0.5984375 0.4359375 0.0109375 0.01640625
0 0.53828125 0.4703125 0.0125 0.01640625
0 0.68125 0.57578125 0.01015625 0.015625
0 0.696875 0.60234375 0.01640625 0.0171875
0 0.184375 0.6375 0.0125 0.0171875
0 0.70703125 0.86640625 0.01328125 0.0203125