0 0.590625 0.95234375 0.025 0.03671875
0 0.6046875 0.85625 0.02109375 0.040625
0 0.54296875 0.7265625 0.01875 0.03046875
0 0.55546875 0.6984375 0.0234375 0.03359375
0 0.55078125 0.59609375 0.01875 0.0265625
0 0.59296875 0.584375 0.0203125 0.04296875
0 0.565625 0.5140625 0.01953125 0.03046875
0 0.5203125 0.41875 0.01015625 0.009375
0 0.50859375 0.390625 0.0171875 0.028125
0 0.43203125 0.540625 0.009375 0.01328125
0 0.44375 0.540625 0.0171875 0.03125
0 0.60625 0.11953125 0.01328125 0.021875
0 0.60390625 0.1484375 0.01171875 0.025
0 0.6390625 0.0796875 0.025 0.05703125
0 0.6140625 0.0875 0.0171875 0.0546875
0 0.48046875 0.07421875 0.015625 0.0453125
0 0.49375 0.06640625 0.0171875 0.0515625
0 0.465625 0.21484375 0.015625 0.03828125
0 0.465625 0.2015625 0.01875 0.03828125
0 0.44453125 0.96875 0.01953125 0.02890625