0 0.40546875 0.13515625 0.0109375 0.021875
0 0.47421875 0.13828125 0.009375 0.0234375
0 0.4828125 0.20625 0.01015625 0.0203125
0 0.49765625 0.21953125 0.0109375 0.03203125
0 0.41640625 0.3125 0.0078125 0.02734375
0 0.58359375 0.48515625 0.00546875 0.02734375
0 0.58671875 0.490625 0.00625 0.01953125
0 0.61796875 0.596875 0.00703125 0.01484375
0 0.61796875 0.6078125 0.00546875 0.0234375
0 0.53515625 0.6828125 0.00546875 0.025
0 0.53984375 0.6828125 0.00703125 0.01953125
0 0.64765625 0.696875 0.00859375 0.021875
0 0.65078125 0.70625 0.01015625 0.021875
0 0.065625 0.76953125 0.0109375 0.02578125
0 0.0578125 0.7765625 0.0078125 0.025
0 0.0875 0.78359375 0.0125 0.02734375
0 0.62421875 0.90390625 0.00859375 0.021875
0 0.6296875 0.91328125 0.0078125 0.021875
0 0.4625 0.084375 0.00625 0.01953125
0 0.4046875 0.096875 0.00625 0.01796875