0 0.92734375 0.8703125 0.01796875 0.053125
0 0.95078125 0.4640625 0.01796875 0.04609375
0 0.88359375 0.28203125 0.0140625 0.04609375
0 0.69140625 0.2125 0.01015625 0.0453125
0 0.68125 0.20390625 0.009375 0.04609375
0 0.77109375 0.13203125 0.0109375 0.03671875
0 0.61640625 0.19765625 0.0125 0.040625
0 0.5296875 0.04765625 0.009375 0.03984375
0 0.51640625 0.30546875 0.01015625 0.04453125
0 0.7109375 0.021875 0.01015625 0.034375
0 0.53125 0.515625 0.0140625 0.05390625
0 0.0515625 0.34609375 0.01484375 0.04609375
0 0.26171875 0.290625 0.0109375 0.04609375
0 0.34765625 0.54453125 0.0203125 0.05234375
0 0.3609375 0.36328125 0.0140625 0.0421875
0 0.3765625 0.1359375 0.01171875 0.04140625
0 0.3625 0.040625 0.0109375 0.0375
0 0.0984375 0.0421875 0.01640625 0.028125
0 0.1078125 0.0125 0.01328125 0.02421875