0 0.009375 0.21796875 0.01875 0.0265625
0 0.44453125 0.44765625 0.01484375 0.02109375
0 0.79453125 0.4515625 0.01953125 0.021875
0 0.43046875 0.45234375 0.0109375 0.0265625
0 0.86328125 0.45390625 0.0203125 0.0203125
0 0.3015625 0.465625 0.015625 0.02578125
0 0.32734375 0.47109375 0.0109375 0.01875
0 0.36015625 0.47421875 0.0125 0.02109375
0 0.46796875 0.4765625 0.0125 0.025
0 0.3734375 0.478125 0.0109375 0.025
0 0.34140625 0.48046875 0.0125 0.0234375
0 0.4421875 0.48828125 0.0109375 0.02265625
0 0.4625 0.51015625 0.0125 0.025
0 0.4828125 0.51640625 0.00859375 0.01875
0 0.375 0.51796875 0.0140625 0.02109375
0 0.20625 0.56875 0.0171875 0.02109375
0 0.5265625 0.5875 0.01328125 0.01796875