0 0.06953125 0.05 0.0234375 0.08203125
0 0.18125 0.7875 0.0296875 0.10390625
0 0.159375 0.8 0.0328125 0.09765625
0 0.28671875 0.8078125 0.03046875 0.1046875
0 0.04765625 0.0546875 0.01953125 0.08125
0 0.08984375 0.83125 0.02890625 0.10078125
0 0.621875 0.884375 0.0328125 0.10390625
0 0.50859375 0.0765625 0.021875 0.075
0 0.48671875 0.07734375 0.02265625 0.0734375
0 0.9765625 0.1109375 0.02109375 0.07421875
0 0.99140625 0.1109375 0.0171875 0.078125
0 0.78671875 0.115625 0.01640625 0.06640625
0 0.40078125 0.1171875 0.01953125 0.08125
0 0.80859375 0.11796875 0.01796875 0.0734375
0 0.1875 0.1546875 0.01796875 0.08125
0 0.1203125 0.19921875 0.021875 0.071875
0 0.08359375 0.2 0.021875 0.07421875
0 0.10859375 0.2125 0.01796875 0.0609375
0 0.07578125 0.221875 0.01953125 0.0625
0 0.63125 0.01171875 0.0203125 0.0234375
0 0.609375 0.01171875 0.021875 0.0234375
0 0.62734375 0.24453125 0.02109375 0.08203125
0 0.57109375 0.25 0.02734375 0.0734375
0 0.77109375 0.25703125 0.01328125 0.08046875
0 0.78046875 0.26875 0.0171875 0.084375
0 0.78671875 0.2796875 0.025 0.08984375
0 0.51171875 0.284375 0.01640625 0.078125
0 0.6546875 0.28671875 0.025 0.0828125
0 0.51875 0.2890625 0.02109375 0.08203125
0 0.578125 0.328125 0.01953125 0.08671875
0 0.59765625 0.33984375 0.021875 0.0875
0 0.3 0.02265625 0.021875 0.0453125
0 0.61328125 0.41953125 0.01875 0.08203125
0 0.62578125 0.4265625 0.01953125 0.090625
0 0.4953125 0.0234375 0.01875 0.046875
0 0.1875 0.49609375 0.02578125 0.084375
0 0.16796875 0.49921875 0.028125 0.07890625
0 0.38203125 0.50234375 0.01875 0.08515625
0 0.3953125 0.51015625 0.01796875 0.0890625
0 0.7921875 0.5359375 0.0203125 0.08203125
0 0.8171875 0.5375 0.0234375 0.09375
0 0.52109375 0.5640625 0.0234375 0.08515625
0 0.9265625 0.63359375 0.0203125 0.0859375
0 0.8234375 0.64453125 0.0234375 0.09921875
0 0.93125 0.6453125 0.0234375 0.09609375
0 0.8421875 0.65390625 0.0234375 0.08984375
0 0.090625 0.0390625 0.01953125 0.07265625
0 0.6125 0.70390625 0.028125 0.0890625