0 0.74609375 0.01484375 0.00625 0.021875
0 0.75 0.15546875 0.00625 0.02890625
0 0.759375 0.15546875 0.00703125 0.02890625
0 0.74765625 0.1671875 0.00703125 0.0265625
0 0.7296875 0.20078125 0.00703125 0.028125
0 0.75546875 0.20078125 0.0078125 0.025
0 0.75 0.203125 0.00625 0.028125
0 0.73671875 0.21171875 0.00625 0.025
0 0.7421875 0.2125 0.0078125 0.03203125
0 0.7578125 0.22421875 0.0078125 0.02421875
0 0.74609375 0.23515625 0.00859375 0.021875
0 0.74140625 0.23671875 0.0078125 0.02421875
0 0.73203125 0.24296875 0.0078125 0.02421875
0 0.725 0.25859375 0.00625 0.028125
0 0.76640625 0.26640625 0.0078125 0.025
0 0.746875 0.26640625 0.0078125 0.02265625
0 0.75859375 0.2671875 0.00703125 0.02421875
0 0.73046875 0.27109375 0.00703125 0.02421875
0 0.725 0.271875 0.00859375 0.02265625
0 0.72265625 0.30234375 0.0078125 0.025
0 0.73828125 0.30390625 0.00703125 0.02421875
0 0.74609375 0.30546875 0.00859375 0.0265625
0 0.74921875 0.33125 0.00859375 0.025
0 0.7578125 0.33359375 0.0078125 0.028125
0 0.7296875 0.340625 0.0078125 0.02421875
0 0.73828125 0.35 0.00859375 0.028125
0 0.7609375 0.35 0.009375 0.0203125
0 0.74140625 0.3546875 0.0078125 0.0265625
0 0.7296875 0.3640625 0.00859375 0.025
0 0.375 0.39453125 0.00625 0.025
0 0.76015625 0.4 0.01015625 0.028125
0 0.72421875 0.41015625 0.009375 0.02890625
0 0.715625 0.42734375 0.00546875 0.028125
0 0.365625 0.4328125 0.00703125 0.028125
0 0.72109375 0.44140625 0.0078125 0.028125
0 0.36015625 0.4453125 0.0078125 0.03046875
0 0.7390625 0.4578125 0.0078125 0.02265625
0 0.71796875 0.46484375 0.01171875 0.025
0 0.31171875 0.46640625 0.009375 0.02890625
0 0.7421875 0.46875 0.00859375 0.021875
0 0.6953125 0.47109375 0.00625 0.025
0 0.365625 0.475 0.00703125 0.02890625
0 0.38046875 0.478125 0.00703125 0.02265625
0 0.6796875 0.48125 0.0078125 0.01875
0 0.2234375 0.48203125 0.01171875 0.02265625
0 0.1796875 0.484375 0.01171875 0.02421875
0 0.28515625 0.48828125 0.0046875 0.01875
0 0.371875 0.49140625 0.0046875 0.02265625
0 0.7140625 0.5015625 0.00859375 0.025
0 0.37109375 0.503125 0.00390625 0.01875
0 0.27890625 0.503125 0.00859375 0.02421875
0 0.253125 0.50546875 0.01015625 0.02421875
0 0.34765625 0.51015625 0.00625 0.025
0 0.659375 0.51328125 0.009375 0.0265625
0 0.1296875 0.51796875 0.0125 0.02265625
0 0.34140625 0.5265625 0.00546875 0.02265625
0 0.7015625 0.52890625 0.0078125 0.028125
0 0.72890625 0.5296875 0.00859375 0.02421875
0 0.7078125 0.53046875 0.00859375 0.028125
0 0.64453125 0.55 0.009375 0.021875
0 0.3578125 0.55078125 0.0078125 0.02265625
0 0.07265625 0.56015625 0.0125 0.021875
0 0.0046875 0.56328125 0.009375 0.025
0 0.646875 0.56953125 0.0078125 0.02265625
0 0.071875 0.5765625 0.01328125 0.0265625
0 0.6375 0.58671875 0.00546875 0.02421875
0 0.6421875 0.61015625 0.00703125 0.02265625
0 0.6578125 0.6359375 0.009375 0.025
0 0.64296875 0.64140625 0.00625 0.02421875
0 0.64765625 0.65703125 0.00703125 0.01640625
0 0.75 0.065625 0.0078125 0.025
0 0.64609375 0.66875 0.00703125 0.0203125
0 0.68828125 0.67421875 0.009375 0.02265625
0 0.68359375 0.678125 0.0125 0.02421875
0 0.67578125 0.7515625 0.01015625 0.0203125
0 0.746875 0.7546875 0.0125 0.025
0 0.69296875 0.76796875 0.0125 0.02265625
0 0.7 0.76796875 0.009375 0.02265625
0 0.71796875 0.78203125 0.01015625 0.021875
0 0.80703125 0.80234375 0.00546875 0.0203125
0 0.728125 0.80546875 0.01328125 0.0203125
0 0.796875 0.815625 0.01171875 0.0125
0 0.77890625 0.815625 0.0125 0.01796875
0 0.82734375 0.8171875 0.01484375 0.01796875
0 0.778125 0.825 0.01328125 0.0203125
0 0.8625 0.82734375 0.0171875 0.01484375
0 0.87734375 0.83984375 0.01171875 0.01640625
0 0.8609375 0.85 0.01640625 0.01875
0 0.88046875 0.8703125 0.0125 0.01484375
0 0.74609375 0.0875 0.00859375 0.025
0 0.98359375 0.8765625 0.01328125 0.01640625
0 0.75390625 0.08984375 0.0078125 0.02421875
0 0.74609375 0.096875 0.00859375 0.02890625
0 0.753125 0.10625 0.0078125 0.025
0 0.74609375 0.109375 0.00859375 0.025