0 0.22265625 0.31640625 0.01875 0.021875
0 0.34921875 0.28515625 0.00859375 0.02421875
0 0.3578125 0.3015625 0.00859375 0.01953125
0 0.36640625 0.28515625 0.01015625 0.021875
0 0.38046875 0.28125 0.00859375 0.02109375
0 0.40859375 0.284375 0.0125 0.0234375
0 0.41484375 0.275 0.01015625 0.02109375
0 0.421875 0.28515625 0.00859375 0.0234375
0 0.44609375 0.26640625 0.0125 0.03203125
0 0.5546875 0.20390625 0.01015625 0.028125
0 0.56015625 0.21953125 0.01015625 0.02109375
0 0.62109375 0.1578125 0.00859375 0.02890625
0 0.70078125 0.17421875 0.01171875 0.01484375
0 0.74921875 0.1890625 0.0125 0.021875
0 0.9140625 0.103125 0.01953125 0.02421875
0 0.88515625 0.11484375 0.01796875 0.0234375
0 0.8078125 0.1578125 0.01171875 0.025
0 0.82265625 0.1671875 0.0140625 0.0234375
0 0.8046875 0.3640625 0.01328125 0.0171875
0 0.70078125 0.38515625 0.01484375 0.01484375
0 0.64453125 0.4359375 0.0125 0.02109375
0 0.62734375 0.57890625 0.01328125 0.01640625
0 0.59921875 0.6140625 0.01015625 0.0203125
0 0.01015625 0.57265625 0.01953125 0.01640625
0 0.00625 0.60234375 0.0125 0.01640625
0 0.15 0.5515625 0.01796875 0.01640625
0 0.3 0.5265625 0.0140625 0.01953125
0 0.275 0.60390625 0.0125 0.01328125
0 0.26328125 0.8359375 0.0125 0.01328125
0 0.25625 0.884375 0.0171875 0.01484375
0 0.34921875 0.84921875 0.0125 0.0171875