0 0.9046875 0.80703125 0.0234375 0.05078125
0 0.97734375 0.65 0.0296875 0.04296875
0 0.53828125 0.49375 0.0109375 0.053125
0 0.525 0.309375 0.00859375 0.040625
0 0.6140625 0.2125 0.009375 0.03671875
0 0.6765625 0.21640625 0.0078125 0.04296875
0 0.6828125 0.22890625 0.0109375 0.040625
0 0.7609375 0.1515625 0.009375 0.034375
0 0.53828125 0.075 0.0109375 0.034375
0 0.39609375 0.1609375 0.00859375 0.03984375
0 0.384375 0.07265625 0.0078125 0.03671875
0 0.37890625 0.36015625 0.0109375 0.040625
0 0.290625 0.2953125 0.01171875 0.040625
0 0.10078125 0.346875 0.0125 0.04296875
0 0.340625 0.93046875 0.0171875 0.0546875
0 0.48828125 0.94375 0.01875 0.059375
0 0.371875 0.521875 0.0125 0.046875
0 0.1421875 0.07109375 0.0109375 0.03046875
0 0.14921875 0.0375 0.00859375 0.034375
0 0.86484375 0.2828125 0.0125 0.04140625
0 0.9203125 0.446875 0.015625 0.04296875