0 0.434375 0.184375 0.01484375 0.0390625
0 0.3171875 0.21875 0.01015625 0.0421875
0 0.57109375 0.23828125 0.01171875 0.03984375
0 0.64453125 0.2671875 0.01171875 0.03515625
0 0.65703125 0.27109375 0.01484375 0.034375
0 0.55703125 0.27265625 0.01328125 0.040625
0 0.53671875 0.27890625 0.01015625 0.03046875
0 0.4515625 0.28125 0.0171875 0.03984375
0 0.575 0.29765625 0.01015625 0.02578125
0 0.39140625 0.03125 0.01328125 0.03203125
0 0.64921875 0.465625 0.01640625 0.03046875
0 0.45390625 0.46640625 0.0171875 0.059375
0 0.37265625 0.634375 0.02109375 0.04453125
0 0.1484375 0.65546875 0.0375 0.0484375
0 0.3109375 0.675 0.0171875 0.03359375
0 0.2125 0.6765625 0.028125 0.0515625
0 0.2609375 0.678125 0.021875 0.0515625
0 0.45 0.06953125 0.00859375 0.03203125
0 0.19765625 0.69609375 0.03046875 0.04921875
0 0.2375 0.703125 0.02421875 0.0515625
0 0.08671875 0.77109375 0.0328125 0.04765625
0 0.14921875 0.778125 0.02421875 0.0359375
0 0.16875 0.80625 0.0359375 0.06015625
0 0.09921875 0.8421875 0.04453125 0.0484375
0 0.065625 0.865625 0.03671875 0.04609375
0 0.13046875 0.89296875 0.0375 0.04296875
0 0.21015625 0.903125 0.025 0.059375