0 0.2203125 0.14765625 0.0140625 0.02265625
0 0.76015625 0.15078125 0.0109375 0.03515625
0 0.20859375 0.1515625 0.0171875 0.03125
0 0.46875 0.23046875 0.015625 0.03125
0 0.61171875 0.2953125 0.01171875 0.02890625
0 0.62109375 0.3015625 0.0140625 0.02890625
0 0.5984375 0.303125 0.0125 0.0296875
0 0.18671875 0.48515625 0.0203125 0.02265625
0 0.3265625 0.50234375 0.0109375 0.0296875
0 0.20859375 0.54609375 0.01796875 0.0203125
0 0.52265625 0.61875 0.0171875 0.02421875
0 0.13125 0.80078125 0.0265625 0.0171875
0 0.1265625 0.815625 0.02578125 0.01796875
0 0.0796875 0.8390625 0.028125 0.0203125
0 0.17578125 0.8421875 0.02578125 0.025
0 0.1640625 0.84765625 0.021875 0.01875
0 0.240625 0.971875 0.0203125 0.02265625