0 0.7046875 0.12734375 0.0109375 0.02109375
0 0.646875 0.325 0.0109375 0.0203125
0 0.853125 0.36640625 0.01015625 0.02265625
0 0.22890625 0.5828125 0.00625 0.01328125
0 0.23359375 0.5890625 0.0078125 0.0109375
0 0.88515625 0.05546875 0.0078125 0.01328125
0 0.8703125 0.06015625 0.009375 0.01875
0 0.3109375 0.74296875 0.00546875 0.01484375
0 0.8734375 0.06953125 0.0078125 0.01171875
0 0.3171875 0.7515625 0.00625 0.0109375
0 0.23359375 0.778125 0.00625 0.0109375
0 0.24140625 0.78671875 0.009375 0.01171875
0 0.5546875 0.9390625 0.0125 0.01328125