0 0.58359375 0.13984375 0.00390625 0.01640625
0 0.5796875 0.13984375 0.00390625 0.01640625
0 0.58828125 0.15390625 0.00390625 0.01640625
0 0.5921875 0.15546875 0.00390625 0.01640625
0 0.596875 0.1578125 0.00390625 0.01640625
0 0.6015625 0.159375 0.003125 0.01640625
0 0.32109375 0.26171875 0.00703125 0.021875
0 0.64375 0.27421875 0.00546875 0.0125
0 0.54375 0.3546875 0.0125 0.02421875
0 0.66015625 0.41171875 0.00625 0.021875
0 0.11171875 0.5203125 0.009375 0.0203125
0 0.1734375 0.5640625 0.00859375 0.02421875
0 0.6703125 0.6421875 0.00546875 0.01796875
0 0.7125 0.6515625 0.00703125 0.021875
0 0.703125 0.653125 0.00625 0.01875
0 0.7 0.65703125 0.00546875 0.01640625
0 0.6953125 0.66640625 0.00546875 0.0203125
0 0.65 0.671875 0.00625 0.01875
0 0.64765625 0.69609375 0.00703125 0.0140625
0 0.65859375 0.70390625 0.00703125 0.01875
0 0.70546875 0.725 0.00546875 0.02265625
0 0.71171875 0.725 0.00546875 0.0203125
0 0.65390625 0.7625 0.00859375 0.01796875
0 0.02890625 0.803125 0.01328125 0.025
0 0.6484375 0.8328125 0.009375 0.01640625
0 0.61484375 0.83671875 0.01171875 0.021875
0 0.665625 0.921875 0.00625 0.02421875
0 0.778125 0.95390625 0.0078125 0.02421875
0 0.7671875 0.96953125 0.00859375 0.02265625
0 0.753125 0.97734375 0.009375 0.025
0 0.6421875 0.1203125 0.0046875 0.01875
0 0.64765625 0.1234375 0.00390625 0.01796875