0 0.753125 0.1453125 0.01171875 0.0140625
0 0.634375 0.13125 0.0109375 0.01796875
0 0.2671875 0.484375 0.01171875 0.01171875
0 0.21796875 0.33828125 0.0125 0.0125
0 0.175 0.16328125 0.01171875 0.01640625
0 0.16328125 0.15703125 0.01171875 0.01640625
0 0.02421875 0.43515625 0.015625 0.01171875
0 0.0203125 0.425 0.0234375 0.0140625
0 0.0703125 0.18125 0.0109375 0.0109375
0 0.05078125 0.2484375 0.01875 0.01796875
0 0.03125 0.26796875 0.0203125 0.01640625
0 0.03828125 0.27734375 0.01171875 0.01015625
0 0.065625 0.2609375 0.01796875 0.0140625
0 0.04765625 0.20703125 0.01328125 0.015625
0 0.05390625 0.215625 0.00859375 0.00859375
0 0.3109375 0.13359375 0.0125 0.0203125