0 0.7671875 0.91171875 0.0390625 0.103125
0 0.7453125 0.86796875 0.034375 0.103125
0 0.81171875 0.94921875 0.03203125 0.1015625
0 0.8765625 0.76953125 0.040625 0.10859375
0 0.90703125 0.63515625 0.03671875 0.10859375
0 0.92734375 0.66875 0.03359375 0.09765625
0 0.721875 0.13125 0.028125 0.0984375
0 0.61875 0.2390625 0.03203125 0.096875
0 0.57109375 0.2765625 0.02265625 0.1078125
0 0.40390625 0.21640625 0.0296875 0.103125
0 0.3921875 0.04921875 0.028125 0.09765625
0 0.20390625 0.19921875 0.03828125 0.1078125
0 0.9484375 0.07265625 0.034375 0.1
0 0.78203125 0.37421875 0.03671875 0.0734375
0 0.88359375 0.3984375 0.03046875 0.05546875
0 0.9625 0.33984375 0.0296875 0.08671875