0 0.45 0.29375 0.0140625 0.02890625
0 0.51328125 0.028125 0.015625 0.02890625
0 0.19296875 0.03359375 0.01328125 0.025
0 0.42421875 0.4328125 0.01015625 0.0203125
0 0.47421875 0.55078125 0.01328125 0.02890625
0 0.221875 0.04921875 0.01328125 0.03984375
0 0.26796875 0.7453125 0.01484375 0.025
0 0.31640625 0.778125 0.0109375 0.015625
0 0.2953125 0.78359375 0.01171875 0.02265625
0 0.33515625 0.79296875 0.01484375 0.046875
0 0.24453125 0.07578125 0.0125 0.02890625
0 0.92578125 0.8640625 0.0234375 0.0203125
0 0.35390625 0.11328125 0.025 0.04765625