0 0.9078125 0.9765625 0.02734375 0.02734375
0 0.30625 0.90703125 0.021875 0.0359375
0 0.63984375 0.48671875 0.0171875 0.0203125
0 0.63203125 0.42109375 0.02421875 0.034375
0 0.596875 0.34921875 0.01796875 0.01875
0 0.97578125 0.39921875 0.01328125 0.034375
0 0.8609375 0.184375 0.0125 0.021875
0 0.6140625 0.31171875 0.01484375 0.028125
0 0.590625 0.29921875 0.0125 0.03203125
0 0.61640625 0.259375 0.00703125 0.028125
0 0.61171875 0.24375 0.01015625 0.025
0 0.62109375 0.23984375 0.0109375 0.025
0 0.5953125 0.20625 0.009375 0.028125
0 0.5890625 0.140625 0.009375 0.0296875
0 0.77109375 0.028125 0.0109375 0.01796875
0 0.778125 0.02421875 0.009375 0.015625
0 0.52109375 0.028125 0.01328125 0.025
0 0.51171875 0.26640625 0.0109375 0.03125
0 0.5234375 0.315625 0.00859375 0.0296875
0 0.53046875 0.34296875 0.015625 0.0359375
0 0.47578125 0.4421875 0.015625 0.034375
0 0.4765625 0.31171875 0.015625 0.02890625
0 0.490625 0.3890625 0.01796875 0.02421875
0 0.45390625 0.60625 0.02578125 0.01796875
0 0.44921875 0.57578125 0.02578125 0.01796875
0 0.43515625 0.48828125 0.025 0.01875
0 0.45859375 0.48671875 0.02109375 0.01875
0 0.465625 0.51328125 0.021875 0.0171875
0 0.428125 0.44296875 0.02265625 0.01796875
0 0.42109375 0.415625 0.0265625 0.021875
0 0.42890625 0.3078125 0.01875 0.02265625
0 0.409375 0.31484375 0.0171875 0.021875
0 0.41875 0.24921875 0.02109375 0.01875
0 0.43359375 0.140625 0.01171875 0.02578125
0 0.453125 0.44609375 0.01953125 0.0359375
0 0.45703125 0.54375 0.01171875 0.02421875
0 0.3546875 0.4671875 0.01328125 0.03125
0 0.34296875 0.503125 0.01171875 0.02265625
0 0.3796875 0.51875 0.01953125 0.0328125
0 0.35390625 0.31015625 0.015625 0.028125
0 0.32265625 0.1671875 0.01171875 0.028125
0 0.33125 0.16484375 0.009375 0.02578125
0 0.26484375 0.5046875 0.01328125 0.03515625
0 0.3 0.58359375 0.01640625 0.03515625
0 0.28359375 0.56875 0.01640625 0.02265625
0 0.2484375 0.59375 0.01875 0.03203125
0 0.29609375 0.62421875 0.01796875 0.03203125
0 0.24296875 0.4265625 0.02109375 0.03515625
0 0.15625 0.54765625 0.0203125 0.02734375
0 0.16640625 0.540625 0.0171875 0.0296875
0 0.1640625 0.3796875 0.02265625 0.0328125
0 0.10625 0.359375 0.02109375 0.03125
0 0.1109375 0.434375 0.0234375 0.034375
0 0.15703125 0.4234375 0.01953125 0.0390625
0 0.121875 0.39375 0.02265625 0.03515625
0 0.13046875 0.43828125 0.0203125 0.0328125
0 0.08671875 0.59765625 0.01640625 0.02265625
0 0.02109375 0.2921875 0.015625 0.02421875
0 0.1296875 0.3046875 0.01328125 0.02421875
0 0.1421875 0.29609375 0.01796875 0.021875
0 0.2875 0.178125 0.015625 0.03125