0 0.6078125 0.7375 0.01484375 0.0296875
0 0.4828125 0.89140625 0.01328125 0.02265625
0 0.6203125 0.896875 0.0171875 0.02265625
0 0.446875 0.10859375 0.00859375 0.02734375
0 0.446875 0.13125 0.00859375 0.0296875
0 0.46015625 0.13515625 0.0078125 0.0296875
0 0.4359375 0.1921875 0.00859375 0.0296875
0 0.4390625 0.196875 0.0140625 0.02734375
0 0.440625 0.203125 0.00625 0.025
0 0.41171875 0.21328125 0.00625 0.0109375
0 0.40625 0.2171875 0.00703125 0.025
0 0.46953125 0.2515625 0.0078125 0.028125
0 0.79453125 0.253125 0.01328125 0.03203125
0 0.87265625 0.2703125 0.00859375 0.0125
0 0.871875 0.2703125 0.01328125 0.0265625
0 0.83125 0.271875 0.01328125 0.02421875
0 0.85546875 0.271875 0.0109375 0.028125
0 0.81640625 0.27265625 0.0125 0.0234375
0 0.74140625 0.2828125 0.01015625 0.02265625
0 0.58671875 0.29140625 0.009375 0.0296875
0 0.95078125 0.3125 0.01796875 0.02421875
0 0.9578125 0.31875 0.015625 0.025
0 0.60078125 0.3953125 0.01015625 0.03046875
0 0.46171875 0.409375 0.009375 0.02734375
0 0.3734375 0.465625 0.009375 0.02578125
0 0.84609375 0.47265625 0.021875 0.02578125
0 0.3828125 0.4875 0.0109375 0.015625
0 0.353125 0.53671875 0.01171875 0.02421875
0 0.29140625 0.66171875 0.021875 0.0203125