0 0.94921875 0.771875 0.03828125 0.09921875
0 0.91484375 0.63828125 0.040625 0.10546875
0 0.8609375 0.49296875 0.03046875 0.1
0 0.83984375 0.47109375 0.03359375 0.096875
0 0.771875 0.06484375 0.02421875 0.08671875
0 0.5890625 0.1703125 0.0234375 0.1015625
0 0.565625 0.14296875 0.02109375 0.10234375
0 0.36484375 0.12109375 0.0265625 0.09453125
0 0.33359375 0.02890625 0.02578125 0.05703125
0 0.2796875 0.29609375 0.034375 0.10546875
0 0.25859375 0.2734375 0.03046875 0.103125
0 0.1921875 0.321875 0.034375 0.10390625
0 0.1203125 0.2296875 0.0359375 0.1
0 0.11015625 0.1421875 0.040625 0.1
0 0.10234375 0.3703125 0.04453125 0.09375
0 0.04453125 0.2921875 0.0328125 0.0984375
0 0.034375 0.396875 0.03515625 0.09921875
0 0.01171875 0.37734375 0.0234375 0.10234375
0 0.17109375 0.7078125 0.04765625 0.0859375
0 0.0765625 0.80078125 0.0609375 0.109375
0 0.03671875 0.7640625 0.04375 0.09375
0 0.01015625 0.6421875 0.0203125 0.09375
0 0.00703125 0.61484375 0.0140625 0.09765625
0 0.43828125 0.83203125 0.03359375 0.096875
0 0.96796875 0.0078125 0.02265625 0.015625