0 0.84765625 0.26171875 0.0109375 0.01796875
0 0.45859375 0.34375 0.0046875 0.01328125
0 0.4546875 0.36796875 0.00625 0.009375
0 0.05234375 0.3734375 0.0109375 0.01171875
0 0.47265625 0.37421875 0.00625 0.015625
0 0.775 0.465625 0.00703125 0.0140625
0 0.609375 0.4703125 0.00625 0.01328125
0 0.50703125 0.48359375 0.00546875 0.01796875
0 0.6203125 0.50234375 0.0078125 0.01328125
0 0.63203125 0.521875 0.00625 0.01171875
0 0.15625 0.6703125 0.00859375 0.01171875
0 0.1453125 0.75625 0.01171875 0.0140625
0 0.10234375 0.7671875 0.0109375 0.01015625
0 0.1078125 0.7765625 0.0109375 0.01015625
0 0.07578125 0.80859375 0.01796875 0.01171875
0 0.32265625 0.88671875 0.00625 0.01171875
0 0.3265625 0.89296875 0.00703125 0.01328125
0 0.39609375 0.9265625 0.0078125 0.01015625
0 0.134375 0.93515625 0.01484375 0.01953125
0 0.23828125 0.984375 0.00625 0.01328125
0 0.98515625 0.1296875 0.0125 0.01796875