0 0.940625 0.7734375 0.03671875 0.09609375
0 0.90703125 0.64453125 0.03984375 0.1015625
0 0.85546875 0.503125 0.0296875 0.096875
0 0.83515625 0.48203125 0.0328125 0.09375
0 0.76875 0.08828125 0.0234375 0.084375
0 0.5921875 0.190625 0.02265625 0.0984375
0 0.56953125 0.1640625 0.0203125 0.09921875
0 0.37421875 0.14296875 0.02578125 0.09140625
0 0.34453125 0.040625 0.025 0.08125
0 0.2921875 0.31328125 0.03359375 0.1015625
0 0.271875 0.290625 0.0296875 0.1
0 0.20703125 0.3375 0.03359375 0.10078125
0 0.1375 0.2484375 0.03515625 0.096875
0 0.128125 0.16328125 0.0390625 0.096875
0 0.1203125 0.384375 0.04296875 0.090625
0 0.06484375 0.30859375 0.03203125 0.0953125
0 0.0546875 0.41015625 0.03359375 0.09609375
0 0.02734375 0.39140625 0.03203125 0.09921875
0 0.1875 0.7109375 0.04609375 0.08359375
0 0.0953125 0.8015625 0.05859375 0.10546875
0 0.05703125 0.765625 0.0421875 0.090625
0 0.02421875 0.6484375 0.034375 0.090625
0 0.0171875 0.6203125 0.034375 0.09375
0 0.44609375 0.83203125 0.0328125 0.09375
0 0.95859375 0.0203125 0.021875 0.040625