0 0.3640625 0.190625 0.015625 0.05703125
0 0.3859375 0.2 0.01875 0.0515625
0 0.44453125 0.32890625 0.0140625 0.03984375
0 0.1671875 0.62265625 0.0296875 0.04921875
0 0.57578125 0.4078125 0.0140625 0.05078125
0 0.715625 0.35390625 0.02578125 0.05
0 0.728125 0.353125 0.021875 0.04921875
0 0.73828125 0.33671875 0.01640625 0.0515625
0 0.3515625 0.93828125 0.02109375 0.04375
0 0.325 0.903125 0.01875 0.0296875
0 0.321875 0.8390625 0.025 0.03125
0 0.3234375 0.8703125 0.0203125 0.03125
0 0.3421875 0.83125 0.0203125 0.0390625