0 0.565625 0.97578125 0.03671875 0.04609375
0 0.77109375 0.87109375 0.03671875 0.09609375
0 0.75 0.8296875 0.03203125 0.09609375
0 0.8125 0.9140625 0.0296875 0.11171875
0 0.8734375 0.73828125 0.03828125 0.1015625
0 0.90234375 0.61171875 0.034375 0.1015625
0 0.92109375 0.64296875 0.03203125 0.09140625
0 0.728125 0.13984375 0.0265625 0.09296875
0 0.63125 0.240625 0.0296875 0.090625
0 0.58671875 0.27578125 0.02109375 0.10078125
0 0.4296875 0.21953125 0.02734375 0.09609375
0 0.41953125 0.05703125 0.02578125 0.103125
0 0.2421875 0.203125 0.0359375 0.10078125
0 0.940625 0.084375 0.03203125 0.09375
0 0.784375 0.36796875 0.034375 0.06875
0 0.8796875 0.38984375 0.02890625 0.0515625
0 0.95390625 0.33515625 0.028125 0.08125