0 0.2296875 0.91875 0.03828125 0.1046875
0 0.240625 0.82890625 0.04609375 0.0765625
0 0.23515625 0.78828125 0.03203125 0.06875
0 0.940625 0.70546875 0.03359375 0.109375
0 0.90703125 0.684375 0.034375 0.090625
0 0.7703125 0.41953125 0.02578125 0.11171875
0 0.80390625 0.396875 0.02890625 0.1140625
0 0.9140625 0.3609375 0.0359375 0.10546875
0 0.890625 0.3 0.0203125 0.06640625
0 0.91171875 0.290625 0.02734375 0.0796875
0 0.93515625 0.309375 0.02890625 0.0890625
0 0.94453125 0.13359375 0.02890625 0.096875
0 0.96015625 0.14921875 0.0265625 0.1
0 0.984375 0.05703125 0.03046875 0.08671875
0 0.82109375 0.078125 0.03203125 0.09140625
0 0.46015625 0.1390625 0.02109375 0.0890625
0 0.4453125 0.11875 0.01796875 0.0984375
0 0.3796875 0.1734375 0.01953125 0.09375
0 0.3640625 0.16953125 0.01796875 0.08359375
0 0.35078125 0.15078125 0.01875 0.0984375
0 0.4140625 0.0359375 0.0203125 0.071875
0 0.39609375 0.03203125 0.01875 0.0640625
0 0.171875 0.2234375 0.02578125 0.0984375
0 0.1296875 0.33203125 0.03515625 0.06875
0 0.16484375 0.43203125 0.0328125 0.09921875
0 0.62109375 0.03046875 0.01953125 0.06015625