0 0.03515625 0.1 0.01875 0.0265625
0 0.590625 0.01484375 0.00703125 0.02578125
0 0.6703125 0.21328125 0.0109375 0.03203125
0 0.79296875 0.259375 0.009375 0.0171875
0 0.6375 0.28125 0.01015625 0.03359375
0 0.74609375 0.3078125 0.01015625 0.03046875
0 0.73515625 0.31171875 0.0109375 0.0203125
0 0.7625 0.32890625 0.0140625 0.02109375
0 0.76875 0.36796875 0.0125 0.025
0 0.0625 0.3875 0.01953125 0.03046875
0 0.8125 0.41875 0.01171875 0.0234375
0 0.52109375 0.05 0.00546875 0.02578125
0 0.5171875 0.0515625 0.00546875 0.025
0 0.8265625 0.51484375 0.01484375 0.03125
0 0.52109375 0.07734375 0.00859375 0.02890625
0 0.0375 0.07734375 0.0203125 0.03046875
0 0.84765625 0.840625 0.01953125 0.021875
0 0.88515625 0.8421875 0.021875 0.0203125