0 0.675 0.1671875 0.0078125 0.03203125
0 0.6625 0.171875 0.00703125 0.0265625
0 0.64453125 0.18125 0.0078125 0.025
0 0.478125 0.1875 0.00703125 0.03046875
0 0.47734375 0.19296875 0.00859375 0.0203125
0 0.65625 0.24375 0.00625 0.0328125
0 0.56875 0.27578125 0.0046875 0.03203125
0 0.5625 0.278125 0.00546875 0.028125
0 0.4796875 0.29140625 0.0109375 0.03203125
0 0.4234375 0.425 0.01171875 0.0328125
0 0.43359375 0.059375 0.009375 0.028125
0 0.44140625 0.06171875 0.00625 0.0265625
0 0.41640625 0.6265625 0.0078125 0.0328125
0 0.45859375 0.70078125 0.00859375 0.0328125
0 0.4234375 0.7125 0.01015625 0.034375
0 0.4734375 0.725 0.0125 0.03671875
0 0.47890625 0.7515625 0.01015625 0.04296875
0 0.44296875 0.80703125 0.0125 0.040625
0 0.496875 0.8296875 0.0125 0.03828125
0 0.43671875 0.97421875 0.015625 0.02421875
0 0.4828125 0.98125 0.01484375 0.03203125
0 0.43125 0.99140625 0.0140625 0.01640625