0 0.55703125 0.678125 0.015625 0.03515625
0 0.5828125 0.678125 0.01875 0.021875
0 0.653125 0.6953125 0.02109375 0.028125
0 0.38046875 0.715625 0.015625 0.02578125
0 0.459375 0.715625 0.021875 0.03046875
0 0.98359375 0.728125 0.0328125 0.0265625
0 0.6609375 0.72890625 0.01953125 0.02890625
0 0.62578125 0.75234375 0.0171875 0.03203125
0 0.9765625 0.75703125 0.040625 0.02421875
0 0.51953125 0.7578125 0.0171875 0.02890625
0 0.6640625 0.7625 0.01953125 0.0265625
0 0.55546875 0.77421875 0.01484375 0.0359375
0 0.43828125 0.7875 0.0140625 0.0453125
0 0.65078125 0.7921875 0.02265625 0.03515625
0 0.9671875 0.8 0.04375 0.02890625
0 0.971875 0.803125 0.0234375 0.01875
0 0.89609375 0.82109375 0.0421875 0.03515625
0 0.459375 0.8359375 0.0203125 0.034375
0 0.896875 0.83984375 0.03515625 0.0328125
0 0.95390625 0.85546875 0.0359375 0.03984375
0 0.98984375 0.85625 0.0203125 0.03125
0 0.54609375 0.07109375 0.01796875 0.04296875
0 0.95703125 0.8859375 0.04375 0.0375
0 0.9890625 0.8890625 0.021875 0.03984375
0 0.93046875 0.90859375 0.0390625 0.04140625
0 0.44609375 0.92890625 0.01640625 0.04140625
0 0.4609375 0.93125 0.015625 0.04375
0 0.27578125 0.0765625 0.02109375 0.0328125
0 0.92734375 0.9453125 0.040625 0.03984375
0 0.95859375 0.9625 0.03125 0.03984375
0 0.7609375 0.97109375 0.02265625 0.0421875
0 0.4890625 0.0921875 0.0140625 0.0375
0 0.55234375 0.09296875 0.0125 0.02421875
0 0.28046875 0.0984375 0.02578125 0.03359375
0 0.33828125 0.00546875 0.0140625 0.01015625
0 0.35703125 0.00546875 0.01953125 0.0109375
0 0.5578125 0.13671875 0.0140625 0.0296875
0 0.5234375 0.14296875 0.015625 0.03203125
0 0.52578125 0.265625 0.01484375 0.02265625
0 0.60078125 0.3703125 0.0125 0.021875
0 0.35078125 0.3734375 0.0328125 0.0234375
0 0.6 0.41328125 0.0140625 0.01875
0 0.59453125 0.5953125 0.01796875 0.01953125