0 0.78671875 0.95703125 0.0203125 0.025
0 0.75 0.9609375 0.02109375 0.025
0 0.1625 0.96171875 0.01796875 0.02265625
0 0.3046875 0.9859375 0.01953125 0.021875
0 0.753125 0.1015625 0.01484375 0.034375
0 0.76328125 0.1046875 0.0140625 0.034375
0 0.05390625 0.11015625 0.02265625 0.0328125
0 0.015625 0.1484375 0.0203125 0.0171875
0 0.1375 0.27421875 0.0203125 0.025
0 0.2234375 0.27890625 0.01796875 0.025
0 0.21875 0.3796875 0.0171875 0.02265625
0 0.20859375 0.396875 0.015625 0.02109375
0 0.334375 0.4140625 0.015625 0.02578125
0 0.1859375 0.4359375 0.01953125 0.0171875
0 0.5453125 0.43828125 0.009375 0.021875
0 0.7578125 0.06015625 0.0171875 0.03984375
0 0.5328125 0.67421875 0.0125 0.02109375
0 0.65625 0.6828125 0.01953125 0.01953125
0 0.7921875 0.69921875 0.01953125 0.0171875
0 0.74296875 0.778125 0.015625 0.01953125
0 0.7296875 0.7953125 0.01875 0.02265625
0 0.7171875 0.80234375 0.01640625 0.0203125
0 0.8484375 0.86328125 0.02265625 0.01953125
0 0.80390625 0.89921875 0.01796875 0.02421875
0 0.8703125 0.903125 0.02421875 0.03125
0 0.84609375 0.9296875 0.02265625 0.0265625
0 0.86328125 0.934375 0.02421875 0.0203125