0 0.28359375 0.0171875 0.009375 0.02421875
0 0.2484375 0.16796875 0.00703125 0.01875
0 0.24375 0.16875 0.00625 0.0203125
0 0.2234375 0.171875 0.00859375 0.021875
0 0.73515625 0.1796875 0.0078125 0.02421875
0 0.3015625 0.1875 0.0109375 0.02265625
0 0.315625 0.19296875 0.00625 0.01796875
0 0.20703125 0.2375 0.00625 0.02265625
0 0.2140625 0.2390625 0.00625 0.02421875
0 0.36015625 0.02890625 0.00390625 0.01640625
0 0.35078125 0.0296875 0.00625 0.01875
0 0.36484375 0.0296875 0.00390625 0.01171875
0 0.275 0.03046875 0.00859375 0.0203125
0 0.1921875 0.34453125 0.00859375 0.0265625
0 0.259375 0.36484375 0.00859375 0.021875
0 0.1796875 0.3671875 0.0078125 0.0265625
0 0.3203125 0.03671875 0.0078125 0.0203125
0 0.26875 0.371875 0.0046875 0.01484375
0 0.17109375 0.378125 0.00859375 0.02265625
0 0.26640625 0.5015625 0.0078125 0.0140625
0 0.325 0.5046875 0.0078125 0.025
0 0.27421875 0.00625 0.00703125 0.0125
0 0.3625 0.053125 0.00703125 0.01796875
0 0.303125 0.54375 0.01015625 0.02890625
0 0.22421875 0.55859375 0.0078125 0.01796875
0 0.22890625 0.559375 0.00390625 0.01640625
0 0.23359375 0.57265625 0.00390625 0.01875
0 0.225 0.57890625 0.0078125 0.0203125
0 0.240625 0.58125 0.00859375 0.0203125
0 0.21640625 0.58984375 0.00625 0.01796875
0 0.21015625 0.6 0.00703125 0.021875
0 0.1984375 0.6 0.00703125 0.01796875
0 0.2203125 0.68359375 0.01171875 0.02421875
0 0.38515625 0.07265625 0.00546875 0.01796875
0 0.22421875 0.71875 0.01015625 0.0265625
0 0.2140625 0.71953125 0.00859375 0.0203125
0 0.21328125 0.7578125 0.0109375 0.03046875
0 0.2015625 0.76875 0.00859375 0.028125
0 0.2015625 0.80859375 0.01015625 0.028125
0 0.0625 0.8140625 0.015625 0.0265625
0 0.17578125 0.82578125 0.01171875 0.02421875
0 0.28359375 0.1 0.0078125 0.0203125
0 0.27109375 0.10625 0.0078125 0.021875