0 0.321875 0.159375 0.009375 0.01953125
0 0.3296875 0.17265625 0.015625 0.021875
0 0.5109375 0.7203125 0.01171875 0.021875
0 0.58203125 0.56875 0.009375 0.0171875
0 0.58203125 0.55625 0.009375 0.0109375
0 0.79921875 0.8828125 0.01328125 0.01640625
0 0.803125 0.8703125 0.0125 0.01484375
0 0.81484375 0.87890625 0.00703125 0.0125
0 0.809375 0.89296875 0.00859375 0.0109375
0 0.79921875 0.775 0.01484375 0.0109375
0 0.9453125 0.6140625 0.02265625 0.01171875
0 0.8578125 0.54296875 0.0203125 0.015625
0 0.9734375 0.54765625 0.0203125 0.01328125
0 0.98828125 0.55234375 0.01796875 0.0109375
0 0.921875 0.47265625 0.01484375 0.0078125
0 0.92421875 0.47734375 0.01796875 0.01328125
0 0.69765625 0.4640625 0.0109375 0.015625
0 0.6859375 0.40546875 0.0109375 0.01484375
0 0.60625 0.33046875 0.00625 0.0140625
0 0.61171875 0.32890625 0.00625 0.01484375
0 0.6125 0.34453125 0.009375 0.015625
0 0.6859375 0.34609375 0.0109375 0.01484375
0 0.659375 0.3046875 0.00859375 0.0203125
0 0.68203125 0.296875 0.01171875 0.0171875
0 0.66796875 0.28125 0.01015625 0.02109375
0 0.5390625 0.23828125 0.00625 0.0203125
0 0.6125 0.26171875 0.009375 0.0203125
0 0.54296875 0.1734375 0.0078125 0.0203125
0 0.54765625 0.16171875 0.0078125 0.021875
0 0.596875 0.1734375 0.00703125 0.02421875
0 0.459375 0.171875 0.0078125 0.01953125
0 0.92578125 0.40625 0.021875 0.015625
0 0.91484375 0.425 0.01875 0.015625
0 0.97578125 0.36171875 0.0140625 0.01484375
0 0.82734375 0.2453125 0.0140625 0.015625
0 0.86640625 0.1109375 0.00546875 0.01796875
0 0.99296875 0.11953125 0.01328125 0.0203125
0 0.915625 0.01171875 0.0109375 0.01484375