0 0.97890625 0.11796875 0.02578125 0.04453125
0 0.58671875 0.171875 0.0140625 0.05625
0 0.32109375 0.1984375 0.0234375 0.03125
0 0.69453125 0.209375 0.01640625 0.03203125
0 0.3921875 0.21328125 0.015625 0.05546875
0 0.5578125 0.221875 0.01796875 0.0359375
0 0.4640625 0.2375 0.0203125 0.05546875
0 0.31015625 0.0234375 0.0140625 0.04609375
0 0.534375 0.2921875 0.015625 0.05703125
0 0.3328125 0.02734375 0.01171875 0.0453125
0 0.5453125 0.31640625 0.0171875 0.05546875
0 0.35234375 0.02890625 0.01015625 0.03984375
0 0.39296875 0.325 0.0203125 0.05625
0 0.471875 0.3296875 0.0109375 0.04921875
0 0.55390625 0.42734375 0.015625 0.05625
0 0.44609375 0.4421875 0.015625 0.0578125
0 0.5484375 0.44453125 0.01484375 0.05546875
0 0.52890625 0.46640625 0.015625 0.04921875
0 0.55 0.478125 0.015625 0.05703125
0 0.66171875 0.0546875 0.01171875 0.04765625
0 0.0828125 0.05546875 0.0234375 0.04765625