0 0.86015625 0.11015625 0.040625 0.0875
0 0.7609375 0.171875 0.0375 0.07890625
0 0.9015625 0.1796875 0.0359375 0.08359375
0 0.8015625 0.23515625 0.0375 0.0859375
0 0.86171875 0.48359375 0.05859375 0.0640625
0 0.59140625 0.49296875 0.03125 0.0640625
0 0.86640625 0.5453125 0.0375 0.0578125
0 0.60234375 0.65390625 0.03515625 0.05390625
0 0.621875 0.69609375 0.040625 0.0609375
0 0.9296875 0.72265625 0.07109375 0.065625
0 0.56796875 0.7625 0.03359375 0.07265625
0 0.9484375 0.7640625 0.059375 0.05703125