0 0.48828125 0.01953125 0.00859375 0.034375
0 0.434375 0.20625 0.01171875 0.02890625
0 0.43359375 0.21796875 0.0078125 0.02890625
0 0.334375 0.225 0.01171875 0.04296875
0 0.32734375 0.23125 0.01171875 0.03671875
0 0.32734375 0.32890625 0.0125 0.03515625
0 0.2328125 0.33984375 0.0125 0.034375
0 0.24140625 0.33984375 0.0078125 0.028125
0 0.43203125 0.3421875 0.0125 0.03203125
0 0.23046875 0.35546875 0.0109375 0.03515625
0 0.24609375 0.3609375 0.01171875 0.0390625
0 0.23984375 0.36484375 0.0109375 0.0421875
0 0.33203125 0.36640625 0.01171875 0.0390625
0 0.5 0.3890625 0.01015625 0.034375
0 0.3375 0.4546875 0.0203125 0.01796875
0 0.33671875 0.4703125 0.01328125 0.02421875
0 0.42734375 0.50859375 0.015625 0.028125
0 0.4234375 0.5203125 0.01484375 0.028125
0 0.43828125 0.690625 0.0125 0.03046875
0 0.43828125 0.7640625 0.00859375 0.0203125
0 0.15703125 0.76875 0.01953125 0.03671875
0 0.42578125 0.76953125 0.0171875 0.0390625
0 0.5015625 0.809375 0.0109375 0.03515625
0 0.50859375 0.83359375 0.01328125 0.02265625
0 0.5078125 0.85234375 0.01015625 0.034375
0 0.48984375 0.09453125 0.01015625 0.04453125
0 0.21328125 0.11328125 0.0125 0.03515625
0 0.19296875 0.1203125 0.01015625 0.02265625