0 0.753125 0.12578125 0.01171875 0.03046875
0 0.57421875 0.12734375 0.01015625 0.03359375
0 0.7640625 0.146875 0.0125 0.03046875
0 0.68203125 0.22265625 0.01328125 0.03359375
0 0.63125 0.2703125 0.0125 0.0265625
0 0.225 0.33125 0.02109375 0.03125
0 0.7796875 0.3328125 0.02109375 0.02734375
0 0.70625 0.33359375 0.0125 0.0265625
0 0.6609375 0.34921875 0.0125 0.02578125
0 0.1265625 0.35078125 0.021875 0.02578125
0 0.865625 0.39296875 0.01328125 0.02578125
0 0.78359375 0.40078125 0.02109375 0.0265625
0 0.1921875 0.4890625 0.0171875 0.0234375
0 0.7125 0.0578125 0.01171875 0.0296875
0 0.621875 0.05703125 0.0125 0.0265625
0 0.60625 0.6671875 0.01875 0.021875
0 0.6421875 0.7015625 0.0140625 0.0234375
0 0.12734375 0.90234375 0.0375 0.0234375