0 0.55625 0.1140625 0.00703125 0.02109375
0 0.57578125 0.128125 0.00703125 0.0203125
0 0.59140625 0.15859375 0.00625 0.01796875
0 0.56875 0.16328125 0.00703125 0.01640625
0 0.56953125 0.190625 0.00625 0.0203125
0 0.62421875 0.1953125 0.00703125 0.02265625
0 0.60546875 0.203125 0.0078125 0.015625
0 0.625 0.20390625 0.00625 0.01875
0 0.71171875 0.20703125 0.0109375 0.02109375
0 0.57734375 0.21640625 0.0046875 0.015625
0 0.5625 0.228125 0.00625 0.0203125
0 0.81796875 0.253125 0.0078125 0.0203125
0 0.8125 0.25546875 0.01015625 0.01796875
0 0.83671875 0.29921875 0.01015625 0.01875
0 0.77578125 0.3296875 0.01015625 0.01640625
0 0.42890625 0.35625 0.0078125 0.01875
0 0.425 0.37265625 0.009375 0.01875
0 0.75546875 0.040625 0.009375 0.02265625
0 0.6375 0.5328125 0.01171875 0.01796875
0 0.2125 0.62265625 0.0109375 0.015625
0 0.6828125 0.0765625 0.009375 0.02109375
0 0.59609375 0.009375 0.00859375 0.01875
0 0.65859375 0.0859375 0.0078125 0.0171875