0 0.5140625 0.9703125 0.01640625 0.05390625
0 0.7296875 0.809375 0.0171875 0.04453125
0 0.8921875 0.609375 0.015625 0.03984375
0 0.775 0.3890625 0.0140625 0.03984375
0 0.58203125 0.6375 0.01328125 0.04609375
0 0.365625 0.1421875 0.01015625 0.03515625
0 0.375 0.25 0.00859375 0.040625
0 0.46171875 0.06328125 0.0078125 0.02890625
0 0.73203125 0.2609375 0.009375 0.0375
0 0.64453125 0.14375 0.0109375 0.03515625
0 0.56484375 0.084375 0.00703125 0.02890625
0 0.28125 0.7828125 0.01640625 0.05078125
0 0.0265625 0.834375 0.028125 0.05
0 0.06875 0.34765625 0.01640625 0.040625
0 0.321875 0.49375 0.0109375 0.04765625
0 0.26171875 0.31953125 0.0109375 0.0375
0 0.27734375 0.25859375 0.0125 0.0421875
0 0.1984375 0.2140625 0.009375 0.040625
0 0.16640625 0.0796875 0.009375 0.03046875
0 0.296875 0.06015625 0.009375 0.03125
0 0.16796875 0.03828125 0.0109375 0.0296875
0 0.06953125 0.02890625 0.0109375 0.03203125