0 0.74296875 0.07109375 0.0125 0.03359375
0 0.54453125 0.07265625 0.0109375 0.03671875
0 0.75546875 0.09453125 0.0140625 0.03359375
0 0.6640625 0.178125 0.01484375 0.03671875
0 0.6078125 0.23203125 0.0140625 0.0296875
0 0.15625 0.29921875 0.02265625 0.03515625
0 0.77265625 0.3015625 0.0234375 0.03046875
0 0.690625 0.3015625 0.01328125 0.0296875
0 0.640625 0.31953125 0.0140625 0.02890625
0 0.046875 0.321875 0.02421875 0.02890625
0 0.86796875 0.36796875 0.01484375 0.02890625
0 0.77734375 0.37734375 0.0234375 0.0296875
0 0.11953125 0.475 0.01875 0.0265625
0 0.696875 0.00546875 0.0125 0.0109375
0 0.59765625 0.0046875 0.0140625 0.009375
0 0.58046875 0.6734375 0.0203125 0.02421875
0 0.61953125 0.71171875 0.015625 0.0265625
0 0.04765625 0.93515625 0.04140625 0.0265625