0 0.2421875 0.1296875 0.00546875 0.02421875
0 0.846875 0.1375 0.0078125 0.0265625
0 0.26953125 0.1421875 0.0046875 0.02265625
0 0.26796875 0.02421875 0.00625 0.02265625
0 0.2859375 0.025 0.0046875 0.021875
0 0.821875 0.259375 0.00859375 0.02421875
0 0.8296875 0.2609375 0.00625 0.02890625
0 0.646875 0.30078125 0.00546875 0.02265625
0 0.65 0.3171875 0.0046875 0.02265625
0 0.2953125 0.03203125 0.0046875 0.021875
0 0.64453125 0.3203125 0.0046875 0.0265625
0 0.2921875 0.03359375 0.00390625 0.01640625
0 0.67109375 0.375 0.00546875 0.02421875
0 0.2625 0.0421875 0.00703125 0.02265625
0 0.27265625 0.0484375 0.00546875 0.0203125
0 0.69453125 0.475 0.009375 0.021875
0 0.69609375 0.4828125 0.00859375 0.021875
0 0.2890625 0.0515625 0.00546875 0.021875
0 0.69921875 0.5828125 0.00703125 0.02421875
0 0.284375 0.059375 0.0046875 0.021875
0 0.69140625 0.58359375 0.0078125 0.02265625
0 0.2578125 0.06328125 0.00859375 0.028125
0 0.7296875 0.690625 0.01171875 0.02265625
0 0.6640625 0.09296875 0.00703125 0.02421875
0 0.25234375 0.09375 0.00859375 0.01796875