0 0.178125 0.3578125 0.0109375 0.0125
0 0.71328125 0.359375 0.0125 0.0125
0 0.18984375 0.36171875 0.01328125 0.0125
0 0.95078125 0.3625 0.0203125 0.0140625
0 0.96015625 0.37890625 0.01953125 0.01875
0 0.7328125 0.38359375 0.01171875 0.0140625
0 0.85 0.38671875 0.01953125 0.01484375
0 0.85390625 0.3984375 0.015625 0.01484375
0 0.73203125 0.40078125 0.00859375 0.0125
0 0.99375 0.41015625 0.0125 0.0125
0 0.92890625 0.4109375 0.01953125 0.0203125
0 0.67578125 0.41171875 0.01015625 0.01875
0 0.728125 0.41328125 0.0109375 0.01171875
0 0.85 0.41640625 0.0140625 0.02265625
0 0.1125 0.4203125 0.01796875 0.01640625
0 0.8109375 0.42890625 0.02109375 0.025
0 0.8703125 0.440625 0.02109375 0.0125
0 0.059375 0.4453125 0.02109375 0.01796875
0 0.0125 0.4515625 0.015625 0.0125
0 0.18203125 0.45546875 0.0125 0.0125
0 0.17890625 0.46640625 0.01171875 0.0140625
0 0.6125 0.46796875 0.01015625 0.02265625
0 0.803125 0.46875 0.01328125 0.01640625
0 0.70703125 0.475 0.01171875 0.01796875
0 0.1265625 0.4796875 0.01640625 0.01484375
0 0.45859375 0.48046875 0.00703125 0.01171875
0 0.6609375 0.48515625 0.0125 0.01640625
0 0.796875 0.48515625 0.0140625 0.0140625
0 0.74921875 0.48984375 0.0109375 0.01484375
0 0.6296875 0.49453125 0.0109375 0.01640625
0 0.45703125 0.4953125 0.0046875 0.0140625
0 0.88125 0.4984375 0.02109375 0.01640625
0 0.1203125 0.50234375 0.01796875 0.01484375
0 0.5984375 0.50703125 0.009375 0.01640625
0 0.4796875 0.5171875 0.01328125 0.01875
0 0.590625 0.525 0.009375 0.01171875
0 0.875 0.525 0.01328125 0.01484375
0 0.2296875 0.53515625 0.01484375 0.01484375
0 0.86875 0.5828125 0.01640625 0.0203125
0 0.23984375 0.59296875 0.0140625 0.01484375
0 0.87734375 0.609375 0.01796875 0.01796875
0 0.92109375 0.66171875 0.01640625 0.021875
0 0.91875 0.69140625 0.01640625 0.0203125
0 0.84140625 0.6921875 0.009375 0.0140625
0 0.8484375 0.71953125 0.015625 0.01796875
0 0.20859375 0.74296875 0.015625 0.01875
0 0.8859375 0.759375 0.01484375 0.01875
0 0.84296875 0.76171875 0.01640625 0.0203125
0 0.8375 0.765625 0.015625 0.01640625
0 0.86953125 0.77265625 0.01328125 0.0203125
0 0.86171875 0.775 0.01328125 0.01640625
0 0.22109375 0.7875 0.0140625 0.0265625
0 0.83984375 0.8484375 0.015625 0.0265625
0 0.815625 0.85078125 0.01171875 0.02421875
0 0.81875 0.91953125 0.01328125 0.021875
0 0.83046875 0.92109375 0.0125 0.02265625