0 0.0375 0.28203125 0.01015625 0.015625
0 0.3203125 0.03125 0.01015625 0.0234375
0 0.0484375 0.3046875 0.01328125 0.01328125
0 0.3796875 0.38203125 0.009375 0.02265625
0 0.340625 0.04140625 0.0109375 0.0234375
0 0.72421875 0.5625 0.0109375 0.02265625
0 0.26171875 0.6484375 0.01171875 0.01796875
0 0.5578125 0.66796875 0.0125 0.02890625
0 0.70546875 0.6921875 0.0125 0.03046875
0 0.71875 0.70546875 0.0109375 0.0234375
0 0.2921875 0.73125 0.015625 0.0171875
0 0.31953125 0.88984375 0.01484375 0.02578125