0 0.7140625 0.37265625 0.0140625 0.03515625
0 0.71171875 0.4140625 0.0109375 0.03671875
0 0.71640625 0.44375 0.01328125 0.0390625
0 0.69765625 0.4859375 0.00859375 0.03125
0 0.6859375 0.49375 0.01171875 0.03828125
0 0.6765625 0.4953125 0.0078125 0.03828125
0 0.7015625 0.51015625 0.0125 0.03515625
0 0.32890625 0.5171875 0.009375 0.03515625
0 0.3390625 0.5171875 0.0125 0.03828125
0 0.34921875 0.028125 0.01015625 0.03671875
0 0.48671875 0.58671875 0.0203125 0.02421875
0 0.39296875 0.696875 0.01171875 0.01953125
0 0.3953125 0.70546875 0.01171875 0.02421875
0 0.39375 0.72265625 0.01328125 0.0265625
0 0.54453125 0.81796875 0.03515625 0.03515625
0 0.5515625 0.8328125 0.01875 0.03125
0 0.703125 0.86875 0.015625 0.04375
0 0.3890625 0.92734375 0.0140625 0.040625
0 0.72890625 0.959375 0.01171875 0.0453125
0 0.4421875 0.9765625 0.0109375 0.02421875