0 0.6890625 0.83984375 0.0171875 0.04296875
0 0.86953125 0.575 0.0140625 0.04296875
0 0.7703125 0.23359375 0.0109375 0.034375
0 0.68125 0.15625 0.0078125 0.03203125
0 0.58359375 0.11875 0.009375 0.0328125
0 0.46796875 0.32890625 0.0109375 0.04140625
0 0.359375 0.95546875 0.0140625 0.05859375
0 0.11640625 0.39921875 0.01484375 0.04140625
0 0.009375 0.28515625 0.0140625 0.040625
0 0.16875 0.040625 0.009375 0.03359375
0 0.37578125 0.628125 0.0125 0.0484375
0 0.328125 0.39765625 0.0109375 0.040625
0 0.34375 0.33125 0.0125 0.04453125
0 0.2890625 0.2609375 0.00859375 0.03984375
0 0.4390625 0.2125 0.0109375 0.03515625
0 0.38125 0.09921875 0.01015625 0.034375
0 0.2625 0.06015625 0.01015625 0.0296875
0 0.23984375 0.10546875 0.0078125 0.0296875
0 0.8640625 0.39609375 0.0125 0.04140625