0 0.55703125 0.68203125 0.015625 0.034375
0 0.58203125 0.68203125 0.01875 0.02109375
0 0.65078125 0.69921875 0.02109375 0.02734375
0 0.384375 0.71875 0.015625 0.025
0 0.4609375 0.71875 0.021875 0.0296875
0 0.9765625 0.73125 0.03671875 0.02578125
0 0.65859375 0.73203125 0.01953125 0.02890625
0 0.62421875 0.7546875 0.01640625 0.03125
0 0.9671875 0.759375 0.03984375 0.02421875
0 0.5203125 0.76015625 0.01640625 0.028125
0 0.66171875 0.76484375 0.01875 0.02578125
0 0.55546875 0.7765625 0.01484375 0.03515625
0 0.440625 0.7890625 0.01328125 0.04453125
0 0.6484375 0.79375 0.02265625 0.034375
0 0.9578125 0.8015625 0.04296875 0.02890625
0 0.96328125 0.8046875 0.02265625 0.01796875
0 0.8890625 0.821875 0.040625 0.034375
0 0.46171875 0.83671875 0.0203125 0.034375
0 0.8890625 0.840625 0.034375 0.03203125
0 0.9453125 0.85625 0.03515625 0.03828125
0 0.98515625 0.85703125 0.028125 0.03046875
0 0.54609375 0.08828125 0.0171875 0.0421875
0 0.9484375 0.8859375 0.0421875 0.03671875
0 0.984375 0.8890625 0.03046875 0.0390625
0 0.921875 0.9078125 0.03828125 0.040625
0 0.44765625 0.92734375 0.015625 0.040625
0 0.4625 0.9296875 0.015625 0.04296875
0 0.28125 0.09296875 0.02109375 0.03203125
0 0.91953125 0.94375 0.03984375 0.0390625
0 0.95 0.9609375 0.03046875 0.03828125
0 0.75625 0.96875 0.02265625 0.04140625
0 0.490625 0.109375 0.0140625 0.03671875
0 0.55234375 0.109375 0.01171875 0.02421875
0 0.2859375 0.11484375 0.025 0.0328125
0 0.34140625 0.0140625 0.0140625 0.028125
0 0.3609375 0.01484375 0.01953125 0.0296875
0 0.55703125 0.15234375 0.01328125 0.0296875
0 0.52421875 0.15859375 0.01484375 0.03125
0 0.5265625 0.278125 0.01484375 0.021875
0 0.59921875 0.38125 0.01171875 0.02109375
0 0.35546875 0.384375 0.0328125 0.02265625
0 0.5984375 0.4234375 0.01328125 0.01875
0 0.59296875 0.60078125 0.0171875 0.01953125