0 0.30703125 0.06796875 0.02734375 0.05703125
0 0.190625 0.684375 0.0390625 0.025
0 0.34609375 0.0703125 0.01953125 0.053125
0 0.43671875 0.72734375 0.01953125 0.04140625
0 0.39375 0.75234375 0.02421875 0.034375
0 0.26328125 0.75390625 0.0359375 0.0359375
0 0.36015625 0.7859375 0.03125 0.0296875
0 0.30078125 0.88125 0.028125 0.034375
0 0.871875 0.93359375 0.04375 0.0546875
0 0.29921875 0.0125 0.02734375 0.025
0 0.28203125 0.17109375 0.0265625 0.03359375
0 0.3140625 0.24140625 0.02578125 0.04296875
0 0.26171875 0.246875 0.0296875 0.03671875
0 0.15703125 0.27109375 0.03671875 0.03515625
0 0.43828125 0.31796875 0.021875 0.034375
0 0.4984375 0.33203125 0.02734375 0.04296875
0 0.453125 0.3484375 0.02265625 0.034375
0 0.09921875 0.3609375 0.046875 0.03046875
0 0.3296875 0.03671875 0.025 0.05625
0 0.36328125 0.0375 0.02421875 0.053125
0 0.115625 0.39375 0.0390625 0.03125
0 0.6109375 0.48515625 0.02578125 0.025
0 0.37890625 0.5453125 0.0234375 0.0328125
0 0.32734375 0.66015625 0.02734375 0.034375