0 0.2015625 0.015625 0.01796875 0.03125
0 0.33125 0.01796875 0.0234375 0.03515625
0 0.309375 0.25859375 0.01875 0.0421875
0 0.2828125 0.0296875 0.02265625 0.05
0 0.2578125 0.3578125 0.01875 0.04296875
0 0.37578125 0.3671875 0.0171875 0.02890625
0 0.84609375 0.3765625 0.02578125 0.0390625
0 0.4328125 0.384375 0.01875 0.0390625
0 0.17578125 0.396875 0.0203125 0.0328125
0 0.803125 0.39921875 0.02421875 0.04296875
0 0.859375 0.40625 0.02734375 0.04296875
0 0.87890625 0.42578125 0.0328125 0.03828125
0 0.30625 0.43203125 0.021875 0.03828125
0 0.96328125 0.44140625 0.02578125 0.03515625
0 0.18203125 0.4515625 0.025 0.04296875
0 0.81484375 0.45234375 0.02421875 0.034375
0 0.31484375 0.04765625 0.01953125 0.05625
0 0.2828125 0.5 0.0234375 0.04296875
0 0.91875 0.50078125 0.028125 0.0390625
0 0.82890625 0.50703125 0.0296875 0.03671875
0 0.865625 0.5203125 0.028125 0.03671875
0 0.84375 0.52109375 0.03046875 0.03515625
0 0.2515625 0.5671875 0.025 0.046875
0 0.8875 0.0578125 0.02265625 0.046875
0 0.24140625 0.63046875 0.02734375 0.04296875
0 0.4515625 0.90078125 0.0234375 0.02890625