0 0.77578125 0.12890625 0.0140625 0.0515625
0 0.77890625 0.14765625 0.01015625 0.0328125
0 0.503125 0.2765625 0.01015625 0.0484375
0 0.565625 0.28515625 0.0078125 0.03125
0 0.425 0.290625 0.01171875 0.04453125
0 0.58828125 0.290625 0.00703125 0.03671875
0 0.56953125 0.2984375 0.009375 0.04609375
0 0.43828125 0.29921875 0.009375 0.03515625
0 0.43984375 0.31953125 0.00859375 0.02421875
0 0.33671875 0.3546875 0.0125 0.04609375
0 0.43984375 0.4140625 0.0109375 0.0421875
0 0.65 0.42109375 0.01640625 0.0328125
0 0.7546875 0.47265625 0.015625 0.04375
0 0.39296875 0.5171875 0.00859375 0.03671875
0 0.31015625 0.00859375 0.0109375 0.0171875
0 0.32578125 0.00859375 0.0109375 0.0171875
0 0.30078125 0.0109375 0.0078125 0.021875
0 0.31953125 0.70390625 0.015625 0.04453125
0 0.36796875 0.73671875 0.0171875 0.04765625
0 0.49296875 0.81484375 0.015625 0.0421875
0 0.4625 0.81953125 0.01171875 0.0328125
0 0.4390625 0.89140625 0.02109375 0.0296875
0 0.859375 0.9453125 0.03203125 0.04765625
0 0.87265625 0.9625 0.03046875 0.0390625
0 0.3203125 0.05859375 0.01953125 0.03125