0 0.2265625 0.10390625 0.0109375 0.02734375
0 0.240625 0.11171875 0.01328125 0.02890625
0 0.2609375 0.0125 0.0125 0.025
0 0.3171875 0.1515625 0.01015625 0.025
0 0.315625 0.16640625 0.00859375 0.02734375
0 0.32109375 0.1671875 0.00859375 0.0296875
0 0.29140625 0.02109375 0.0109375 0.03203125
0 0.33671875 0.02265625 0.00546875 0.02578125
0 0.3421875 0.025 0.00703125 0.02109375
0 0.3015625 0.25078125 0.01015625 0.02890625
0 0.31015625 0.26171875 0.01328125 0.02578125
0 0.209375 0.27265625 0.0125 0.02734375
0 0.21875 0.2765625 0.00859375 0.0203125
0 0.32890625 0.0296875 0.01015625 0.0265625
0 0.2234375 0.3203125 0.01640625 0.0265625
0 0.1828125 0.3453125 0.0109375 0.021875
0 0.18984375 0.04296875 0.0109375 0.025
0 0.309375 0.46328125 0.01484375 0.02734375
0 0.240625 0.4671875 0.01328125 0.0234375
0 0.30859375 0.5015625 0.01484375 0.02734375
0 0.32734375 0.50703125 0.0125 0.03125
0 0.18203125 0.05703125 0.0109375 0.0234375
0 0.33125 0.5890625 0.0125 0.02578125
0 0.3453125 0.6109375 0.01484375 0.02734375
0 0.3203125 0.6140625 0.01328125 0.02734375
0 0.33359375 0.69296875 0.0203125 0.02109375
0 0.32265625 0.7375 0.0140625 0.0265625
0 0.184375 0.76171875 0.0203125 0.03046875
0 0.16953125 0.7765625 0.02109375 0.02265625
0 0.19296875 0.81484375 0.02421875 0.0296875
0 0.10546875 0.08203125 0.0140625 0.0203125
0 0.3296875 0.865625 0.01484375 0.0234375