0 0.63671875 0.2265625 0.0078125 0.02890625
0 0.6515625 0.2484375 0.00703125 0.03125
0 0.35234375 0.0046875 0.0078125 0.009375
0 0.69609375 0.5296875 0.0109375 0.03828125
0 0.70234375 0.534375 0.01015625 0.03828125
0 0.7140625 0.63046875 0.01328125 0.04921875
0 0.87890625 0.7640625 0.02109375 0.0515625
0 0.103125 0.86875 0.01640625 0.03984375
0 0.06015625 0.86953125 0.01875 0.04375
0 0.0828125 0.878125 0.0171875 0.0421875
0 0.040625 0.9828125 0.0140625 0.034375
0 0.0078125 0.9859375 0.015625 0.028125
0 0.009375 0.9953125 0.01796875 0.009375