0 0.12734375 0.36171875 0.0203125 0.0328125
0 0.22265625 0.3625 0.015625 0.028125
0 0.19609375 0.365625 0.015625 0.03125
0 0.0984375 0.36953125 0.02265625 0.02734375
0 0.271875 0.38515625 0.02109375 0.028125
0 0.203125 0.39296875 0.01796875 0.0234375
0 0.3140625 0.40625 0.0171875 0.02421875
0 0.23203125 0.40703125 0.015625 0.0296875
0 0.21953125 0.42109375 0.01875 0.02578125
0 0.28046875 0.4484375 0.01640625 0.028125
0 0.14609375 0.46953125 0.02421875 0.028125
0 0.57421875 0.48984375 0.01484375 0.02421875
0 0.18984375 0.49765625 0.0171875 0.03125
0 0.628125 0.51015625 0.01484375 0.03046875
0 0.4765625 0.58515625 0.01484375 0.02109375
0 0.47109375 0.59765625 0.009375 0.0203125
0 0.25 0.61875 0.0171875 0.01640625
0 0.25390625 0.63125 0.0203125 0.01796875
0 0.403125 0.64296875 0.0125 0.02578125
0 0.21875 0.66484375 0.025 0.02109375
0 0.23984375 0.68515625 0.02734375 0.02265625
0 0.42578125 0.68984375 0.0171875 0.03125
0 0.1984375 0.7015625 0.0171875 0.01953125
0 0.61015625 0.72578125 0.015625 0.03046875
0 0.3453125 0.7421875 0.015625 0.03046875
0 0.37890625 0.75546875 0.01015625 0.015625
0 0.38515625 0.76796875 0.0140625 0.0234375
0 0.40859375 0.84375 0.015625 0.02578125
0 0.4015625 0.85859375 0.01640625 0.02578125
0 0.45859375 0.92578125 0.01640625 0.02421875
0 0.86328125 0.95390625 0.021875 0.0203125