0 0.421875 0.584375 0.0140625 0.021875
0 0.4109375 0.48203125 0.01015625 0.02421875
0 0.3984375 0.5203125 0.01015625 0.02421875
0 0.40703125 0.55390625 0.0125 0.02421875
0 0.4375 0.53828125 0.0109375 0.02421875
0 0.409375 0.503125 0.01328125 0.01640625
0 0.43125 0.52109375 0.0140625 0.028125
0 0.4265625 0.50078125 0.01796875 0.01796875
0 0.65 0.278125 0.01484375 0.03671875
0 0.35625 0.2375 0.01796875 0.0453125
0 0.6125 0.12421875 0.0140625 0.0453125
0 0.8515625 0.33203125 0.01953125 0.04453125
0 0.875 0.30625 0.01328125 0.02109375
0 0.8640625 0.334375 0.01953125 0.046875