0 0.76640625 0.13671875 0.009375 0.03515625
0 0.58671875 0.1515625 0.0078125 0.0421875
0 0.57890625 0.15390625 0.015625 0.0484375
0 0.51484375 0.16484375 0.01328125 0.04296875
0 0.49921875 0.171875 0.01171875 0.03203125
0 0.4625 0.21640625 0.0109375 0.046875
0 0.6203125 0.365625 0.0125 0.05078125
0 0.596875 0.37421875 0.0109375 0.04296875
0 0.5921875 0.409375 0.0109375 0.046875
0 0.61875 0.41640625 0.02109375 0.04296875
0 0.63359375 0.4234375 0.0109375 0.034375
0 0.65234375 0.43515625 0.0125 0.0453125
0 0.63203125 0.4359375 0.01484375 0.034375
0 0.5796875 0.43984375 0.01328125 0.05234375
0 0.384375 0.44453125 0.01328125 0.0421875
0 0.6125 0.45390625 0.01171875 0.0421875
0 0.6359375 0.4578125 0.01015625 0.04296875
0 0.62890625 0.459375 0.0078125 0.040625
0 0.675 0.46875 0.0125 0.04453125
0 0.6203125 0.475 0.0125 0.0484375
0 0.603125 0.49453125 0.0140625 0.059375
0 0.4296875 0.4953125 0.015625 0.04921875
0 0.665625 0.4953125 0.0203125 0.05703125
0 0.21015625 0.50625 0.0171875 0.03828125
0 0.39609375 0.51171875 0.01171875 0.0390625
0 0.628125 0.51796875 0.01328125 0.040625
0 0.4171875 0.53203125 0.01796875 0.0453125
0 0.38203125 0.53359375 0.01484375 0.046875
0 0.44140625 0.55234375 0.01171875 0.04296875
0 0.36328125 0.55234375 0.0140625 0.0390625
0 0.17734375 0.58359375 0.0234375 0.05546875
0 0.415625 0.62734375 0.01796875 0.046875
0 0.10703125 0.6671875 0.0328125 0.053125
0 0.478125 0.69765625 0.0125 0.04453125
0 0.40859375 0.71171875 0.01484375 0.0453125
0 0.39296875 0.71484375 0.01171875 0.02890625
0 0.421875 0.72109375 0.01171875 0.03828125
0 0.32890625 0.725 0.015625 0.04453125
0 0.3640625 0.73515625 0.0140625 0.04296875
0 0.3953125 0.7421875 0.02109375 0.05546875