0 0.61953125 0.13125 0.0046875 0.01875
0 0.62578125 0.1421875 0.00546875 0.01484375
0 0.675 0.15859375 0.0046875 0.01796875
0 0.67265625 0.159375 0.0046875 0.01875
0 0.56875 0.209375 0.00546875 0.01796875
0 0.69921875 0.221875 0.0046875 0.01796875
0 0.60390625 0.228125 0.00546875 0.01484375
0 0.58828125 0.23046875 0.00859375 0.01875
0 0.6921875 0.23828125 0.00625 0.025
0 0.56640625 0.24296875 0.00546875 0.01875
0 0.61953125 0.25546875 0.00546875 0.01640625
0 0.58203125 0.26640625 0.009375 0.0203125
0 0.615625 0.27421875 0.00546875 0.01796875
0 0.6671875 0.02734375 0.00546875 0.01875
0 0.675 0.2796875 0.0078125 0.021875
0 0.56171875 0.28671875 0.00390625 0.0203125
0 0.16328125 0.3078125 0.01171875 0.021875
0 0.57265625 0.3265625 0.009375 0.01875
0 0.57890625 0.4078125 0.00859375 0.021875
0 0.596875 0.43515625 0.009375 0.01796875
0 0.6703125 0.44609375 0.00625 0.01875
0 0.71171875 0.5421875 0.00703125 0.02265625
0 0.74921875 0.5953125 0.00625 0.02265625
0 0.68359375 0.0625 0.00546875 0.0265625
0 0.690625 0.7234375 0.00546875 0.01484375
0 0.746875 0.7953125 0.0109375 0.028125
0 0.78828125 0.8640625 0.0078125 0.025