0 0.0078125 0.1265625 0.01484375 0.0328125
0 0.0078125 0.140625 0.01484375 0.04296875
0 0.121875 0.2203125 0.02109375 0.04453125
0 0.10703125 0.23046875 0.01953125 0.0390625
0 0.01640625 0.23671875 0.02578125 0.0421875
0 0.08671875 0.2453125 0.02109375 0.0421875
0 0.04921875 0.24609375 0.02109375 0.04296875
0 0.14140625 0.24921875 0.0203125 0.03671875
0 0.1671875 0.2515625 0.01640625 0.040625
0 0.1625 0.26796875 0.0171875 0.0453125
0 0.09921875 0.2859375 0.0203125 0.0421875
0 0.22734375 0.31328125 0.0171875 0.03828125
0 0.58203125 0.35078125 0.0140625 0.04921875
0 0.18203125 0.35546875 0.021875 0.03828125
0 0.34140625 0.440625 0.0140625 0.0328125
0 0.56328125 0.44140625 0.0125 0.03515625
0 0.43203125 0.44609375 0.0078125 0.0421875
0 0.5859375 0.44921875 0.01796875 0.03515625
0 0.34140625 0.4625 0.01796875 0.03203125
0 0.57890625 0.47578125 0.0125 0.025
0 0.42578125 0.4765625 0.015625 0.03203125
0 0.30078125 0.48984375 0.01640625 0.03515625
0 0.42109375 0.490625 0.0171875 0.03203125
0 0.41328125 0.51640625 0.01484375 0.03046875
0 0.41328125 0.52734375 0.01796875 0.034375
0 0.5515625 0.57734375 0.01484375 0.03046875
0 0.5296875 0.578125 0.01484375 0.0421875
0 0.55546875 0.603125 0.0125 0.0265625
0 0.52890625 0.60625 0.0125 0.03203125
0 0.58515625 0.6125 0.01484375 0.03203125
0 0.6359375 0.62265625 0.01328125 0.03671875
0 0.57109375 0.6328125 0.0125 0.03203125
0 0.44609375 0.63671875 0.0125 0.03046875
0 0.52421875 0.6546875 0.0109375 0.03046875
0 0.55 0.65703125 0.01328125 0.03046875
0 0.57578125 0.66640625 0.0140625 0.03828125
0 0.47421875 0.071875 0.0140625 0.03203125
0 0.5296875 0.71171875 0.01484375 0.0328125
0 0.54921875 0.7328125 0.0109375 0.0390625
0 0.56640625 0.74453125 0.01328125 0.02421875
0 0.590625 0.76484375 0.01484375 0.0328125
0 0.0125 0.08203125 0.0203125 0.046875
0 0.88671875 0.896875 0.03203125 0.03046875
0 0.88125 0.92578125 0.0296875 0.02890625
0 0.78125 0.92734375 0.02109375 0.02890625
0 0.8359375 0.928125 0.02890625 0.02890625
0 0.90703125 0.94453125 0.02890625 0.0328125
0 0.94609375 0.9515625 0.0328125 0.025
0 0.84765625 0.96484375 0.02890625 0.03671875
0 0.95234375 0.990625 0.0296875 0.01875
0 0.36328125 0.11015625 0.01171875 0.02890625