0 0.34921875 0.19765625 0.01640625 0.06015625
0 0.37265625 0.20703125 0.01953125 0.05390625
0 0.43359375 0.3421875 0.01484375 0.04140625
0 0.14453125 0.6484375 0.03125 0.0515625
0 0.5703125 0.42421875 0.01484375 0.053125
0 0.71640625 0.3671875 0.0265625 0.05234375
0 0.7296875 0.3671875 0.02265625 0.0515625
0 0.73984375 0.35 0.0171875 0.05390625
0 0.33515625 0.97734375 0.0234375 0.0453125
0 0.30859375 0.940625 0.01953125 0.03125
0 0.30546875 0.87421875 0.02578125 0.0328125
0 0.30703125 0.90703125 0.02109375 0.0328125
0 0.3265625 0.86640625 0.02109375 0.040625