0 0.52265625 0.14609375 0.0078125 0.0328125
0 0.5171875 0.14765625 0.00703125 0.03671875
0 0.3265625 0.2015625 0.00546875 0.028125
0 0.31640625 0.2140625 0.0078125 0.02890625
0 0.2546875 0.021875 0.00703125 0.03046875
0 0.27265625 0.02265625 0.00703125 0.03046875
0 0.3640625 0.23125 0.00703125 0.02421875
0 0.26328125 0.025 0.00859375 0.02890625
0 0.66640625 0.3078125 0.00625 0.02421875
0 0.28671875 0.03203125 0.00859375 0.021875
0 0.33671875 0.32265625 0.009375 0.025
0 0.6828125 0.35625 0.00703125 0.028125
0 0.38515625 0.4140625 0.0078125 0.0265625
0 0.7140625 0.42265625 0.0109375 0.025
0 0.74765625 0.4296875 0.00859375 0.021875
0 0.7375 0.453125 0.009375 0.01796875
0 0.7796875 0.4578125 0.01171875 0.02265625
0 0.73046875 0.4625 0.009375 0.02421875
0 0.80078125 0.475 0.0140625 0.021875
0 0.7890625 0.4796875 0.01171875 0.0203125
0 0.78203125 0.5 0.0125 0.02265625
0 0.753125 0.5015625 0.0125 0.0203125
0 0.7421875 0.503125 0.00859375 0.01875
0 0.79765625 0.5046875 0.0125 0.02421875
0 0.7453125 0.51953125 0.009375 0.0265625
0 0.77890625 0.521875 0.01015625 0.02265625
0 0.790625 0.52265625 0.01171875 0.02265625
0 0.74453125 0.534375 0.0109375 0.0328125
0 0.303125 0.05703125 0.00703125 0.025
0 0.440625 0.59609375 0.0078125 0.02265625
0 0.4421875 0.61171875 0.0078125 0.0203125
0 0.3921875 0.690625 0.00703125 0.021875
0 0.415625 0.69296875 0.00625 0.02265625
0 0.38359375 0.71796875 0.0078125 0.021875
0 0.36953125 0.74609375 0.00703125 0.0203125
0 0.4125 0.746875 0.01015625 0.021875
0 0.34140625 0.7734375 0.01171875 0.02421875
0 0.1125 0.87109375 0.0203125 0.01875
0 0.0375 0.925 0.01875 0.025
0 0.98984375 0.98515625 0.0203125 0.0171875