0 0.50234375 0.08828125 0.0109375 0.02265625
0 0.58359375 0.1546875 0.009375 0.01953125
0 0.61015625 0.159375 0.0078125 0.0296875
0 0.52265625 0.1671875 0.00625 0.03125
0 0.70234375 0.1921875 0.0109375 0.03125
0 0.70625 0.22734375 0.01015625 0.025
0 0.7546875 0.30078125 0.00859375 0.025
0 0.12890625 0.3109375 0.01171875 0.0296875
0 0.7828125 0.4125 0.0109375 0.03515625
0 0.59375 0.46875 0.0140625 0.0140625
0 0.8171875 0.5015625 0.01484375 0.025
0 0.68984375 0.50859375 0.00625 0.01953125
0 0.825 0.5109375 0.0140625 0.02265625
0 0.7109375 0.52109375 0.00703125 0.03125
0 0.70546875 0.5296875 0.00625 0.01953125
0 0.81328125 0.56875 0.009375 0.02265625
0 0.77734375 0.5796875 0.00703125 0.0296875
0 0.56953125 0.5921875 0.009375 0.0265625
0 0.71015625 0.00625 0.0078125 0.0125
0 0.4671875 0.00546875 0.00703125 0.0109375
0 0.20703125 0.96484375 0.01796875 0.028125
0 0.19765625 0.98359375 0.01640625 0.03203125