0 0.28203125 0.14453125 0.0078125 0.0203125
0 0.2484375 0.17109375 0.0078125 0.025
0 0.24375 0.17421875 0.00703125 0.0203125
0 0.2453125 0.2515625 0.0109375 0.01484375
0 0.2296875 0.3296875 0.0078125 0.02265625
0 0.21796875 0.3328125 0.01015625 0.028125
0 0.23515625 0.43515625 0.00625 0.025
0 0.15390625 0.55859375 0.00859375 0.01796875
0 0.1515625 0.565625 0.00703125 0.0203125
0 0.1453125 0.57109375 0.0078125 0.0203125
0 0.23515625 0.6 0.00546875 0.021875
0 0.2390625 0.60078125 0.00859375 0.01875
0 0.64375 0.6234375 0.0140625 0.0265625
0 0.6390625 0.65703125 0.0109375 0.03046875
0 0.209375 0.6703125 0.01171875 0.021875
0 0.203125 0.67734375 0.00703125 0.02421875
0 0.66953125 0.6796875 0.0078125 0.0265625
0 0.675 0.68359375 0.00625 0.02890625
0 0.10859375 0.759375 0.0125 0.02421875
0 0.1046875 0.76875 0.009375 0.01875
0 0.09921875 0.80078125 0.01015625 0.0203125
0 0.09609375 0.81953125 0.01171875 0.025
0 0.125 0.8515625 0.0140625 0.0328125
0 0.91796875 0.89140625 0.015625 0.03203125
0 0.27578125 0.09453125 0.00625 0.01640625
0 0.26640625 0.09921875 0.0078125 0.0203125
0 0.26484375 0.11328125 0.00625 0.01640625
0 0.271875 0.11328125 0.00546875 0.01640625
0 0.66171875 0.11953125 0.00546875 0.01796875