0 0.759375 0.17265625 0.01328125 0.0421875
0 0.43203125 0.25234375 0.01640625 0.04609375
0 0.41640625 0.32109375 0.01328125 0.04921875
0 0.39375 0.33984375 0.0171875 0.04453125
0 0.4375 0.36015625 0.0125 0.04140625
0 0.41796875 0.36328125 0.0171875 0.04140625
0 0.41796875 0.428125 0.01484375 0.04765625
0 0.35 0.4671875 0.01875 0.0515625
0 0.2265625 0.521875 0.025 0.0390625
0 0.77734375 0.0109375 0.0109375 0.021875
0 0.4734375 0.01875 0.01015625 0.0171875
0 0.53828125 0.0203125 0.0078125 0.03515625
0 0.35390625 0.79765625 0.0203125 0.04453125