0 0.35234375 0.64765625 0.01953125 0.04140625
0 0.37578125 0.7390625 0.021875 0.04140625
0 0.3625 0.84296875 0.01796875 0.03828125
0 0.2609375 0.93046875 0.0265625 0.03125
0 0.24609375 0.825 0.02265625 0.03125
0 0.23515625 0.7796875 0.0203125 0.0296875
0 0.1796875 0.97109375 0.028125 0.025
0 0.14453125 0.94375 0.02109375 0.06640625
0 0.18203125 0.928125 0.04453125 0.034375
0 0.1703125 0.88671875 0.01640625 0.02890625
0 0.18125 0.85390625 0.01875 0.025
0 0.15546875 0.79296875 0.021875 0.0359375
0 0.16796875 0.74609375 0.02890625 0.03125
0 0.11328125 0.03125 0.01015625 0.025
0 0.1390625 0.0359375 0.01484375 0.03046875
0 0.11171875 0.065625 0.01015625 0.01484375
0 0.2375 0.08828125 0.01796875 0.021875
0 0.31953125 0.05390625 0.01640625 0.025
0 0.3203125 0.0296875 0.01171875 0.01875