0 0.41171875 0.8890625 0.01640625 0.0625
0 0.125 0.5796875 0.015625 0.04921875
0 0.359375 0.60625 0.01328125 0.0484375
0 0.35390625 0.53046875 0.01796875 0.0515625
0 0.33203125 0.4046875 0.009375 0.0484375
0 0.47421875 0.37421875 0.01484375 0.04296875
0 0.3015625 0.22578125 0.0078125 0.03828125
0 0.35546875 0.13671875 0.0109375 0.0359375
0 0.4546875 0.1890625 0.00703125 0.03828125
0 0.43203125 0.08671875 0.00703125 0.03359375
0 0.33515625 0.01953125 0.0078125 0.03125
0 0.54765625 0.02421875 0.0078125 0.02734375
0 0.5125 0.03359375 0.009375 0.0296875
0 0.5015625 0.01875 0.00859375 0.03203125
0 0.80625 0.3046875 0.009375 0.03671875
0 0.7375 0.23359375 0.01015625 0.03515625
0 0.69609375 0.1265625 0.0109375 0.0265625
0 0.709375 0.03203125 0.00625 0.02421875
0 0.5328125 0.534375 0.01171875 0.04375
0 0.9296875 0.440625 0.015625 0.04765625
0 0.0234375 0.25078125 0.01328125 0.0421875
0 0.24140625 0.09453125 0.0109375 0.03671875