0 0.4203125 0.0890625 0.01015625 0.01796875
0 0.40078125 0.12734375 0.00859375 0.0265625
0 0.32109375 0.17890625 0.0078125 0.025
0 0.42890625 0.1328125 0.00859375 0.0234375
0 0.41328125 0.19296875 0.00859375 0.02109375
0 0.3984375 0.17421875 0.00859375 0.025
0 0.38984375 0.17734375 0.009375 0.021875
0 0.384375 0.1859375 0.0078125 0.02265625
0 0.396875 0.209375 0.00625 0.0234375
0 0.3875 0.20625 0.00859375 0.0234375
0 0.36328125 0.2578125 0.00703125 0.0203125
0 0.36328125 0.2421875 0.00703125 0.02578125
0 0.46875 0.08359375 0.00859375 0.02578125
0 0.528125 0.10078125 0.00703125 0.02265625
0 0.5640625 0.02265625 0.00859375 0.0171875
0 0.60625 0.02265625 0.01015625 0.01796875
0 0.61015625 0.0109375 0.00625 0.0203125
0 0.6171875 0.0109375 0.00625 0.01796875
0 0.76875 0.0171875 0.009375 0.025
0 0.8390625 0.053125 0.0078125 0.0234375
0 0.653125 0.06796875 0.00625 0.01796875
0 0.6453125 0.04140625 0.00703125 0.01640625
0 0.6375 0.03515625 0.00703125 0.02265625
0 0.6453125 0.03671875 0.00625 0.021875
0 0.54765625 0.04453125 0.00625 0.01796875
0 0.52265625 0.16484375 0.00546875 0.025
0 0.5765625 0.10078125 0.0078125 0.01796875
0 0.5921875 0.16328125 0.00625 0.0234375
0 0.51484375 0.97421875 0.01484375 0.02265625
0 0.25078125 0.8703125 0.01640625 0.01796875
0 0.23515625 0.8640625 0.01875 0.0125
0 0.1546875 0.821875 0.01796875 0.01171875
0 0.1421875 0.78203125 0.01953125 0.0125
0 0.121875 0.77890625 0.0203125 0.01328125
0 0.125 0.746875 0.01953125 0.015625
0 0.1484375 0.72734375 0.021875 0.015625
0 0.153125 0.6703125 0.0171875 0.0234375
0 0.15390625 0.640625 0.0171875 0.01328125
0 0.23515625 0.58203125 0.01328125 0.01640625
0 0.36640625 0.43984375 0.009375 0.0125
0 0.5265625 0.44921875 0.00625 0.021875
0 0.47890625 0.4296875 0.00859375 0.01875
0 0.59765625 0.221875 0.0078125 0.025
0 0.58515625 0.2265625 0.01171875 0.02734375
0 0.5703125 0.23828125 0.00859375 0.02578125
0 0.56640625 0.31640625 0.009375 0.0265625
0 0.55 0.5359375 0.00859375 0.021875
0 0.5015625 0.61171875 0.0078125 0.01875
0 0.5359375 0.63828125 0.01015625 0.0140625
0 0.24609375 0.73125 0.0125 0.01796875
0 0.2453125 0.7109375 0.015625 0.0203125
0 0.9875 0.0375 0.01015625 0.02265625
0 0.9671875 0.05546875 0.015625 0.021875