0 0.07734375 0.0171875 0.04375 0.034375
0 0.07265625 0.12890625 0.05 0.03359375
0 0.0421875 0.24609375 0.04296875 0.03359375
0 0.01171875 0.453125 0.0234375 0.03515625
0 0.12109375 0.4609375 0.0484375 0.04140625
0 0.1921875 0.61171875 0.03984375 0.03984375
0 0.23984375 0.54765625 0.0375 0.03984375
0 0.271875 0.4546875 0.0421875 0.03359375
0 0.2203125 0.31953125 0.0421875 0.034375
0 0.3109375 0.33984375 0.0390625 0.0375
0 0.32734375 0.2828125 0.0359375 0.03671875
0 0.30859375 0.0546875 0.03125 0.05234375
0 0.43671875 0.0328125 0.034375 0.0390625
0 0.38828125 0.534375 0.04453125 0.04375
0 0.371875 0.628125 0.034375 0.03515625
0 0.4109375 0.740625 0.040625 0.04140625
0 0.28046875 0.79921875 0.03984375 0.03984375
0 0.08046875 0.8859375 0.06171875 0.05625
0 0.19921875 0.921875 0.04453125 0.053125
0 0.36171875 0.825 0.034375 0.05078125
0 0.39453125 0.89140625 0.0375 0.0546875
0 0.51015625 0.84296875 0.0359375 0.04375
0 0.625 0.7890625 0.0328125 0.046875
0 0.62734375 0.93515625 0.0390625 0.04453125
0 0.7578125 0.85703125 0.0453125 0.04921875
0 0.84921875 0.959375 0.034375 0.04921875
0 0.95078125 0.9421875 0.03984375 0.05625
0 0.95546875 0.834375 0.0671875 0.0390625
0 0.771875 0.72734375 0.03671875 0.03515625
0 0.6921875 0.6796875 0.0390625 0.034375
0 0.90859375 0.7109375 0.05390625 0.040625
0 0.96953125 0.67421875 0.06015625 0.04296875
0 0.821875 0.58984375 0.0359375 0.04921875
0 0.8625 0.4625 0.0484375 0.040625
0 0.6796875 0.57578125 0.04140625 0.03515625
0 0.546875 0.61796875 0.0375 0.0375
0 0.58359375 0.59296875 0.03515625 0.0359375
0 0.553125 0.52890625 0.034375 0.03828125
0 0.4515625 0.47109375 0.03515625 0.03046875
0 0.4390625 0.3609375 0.0390625 0.03828125
0 0.43984375 0.253125 0.03671875 0.04921875
0 0.35390625 0.15703125 0.03828125 0.04921875
0 0.56015625 0.33359375 0.03359375 0.04140625
0 0.615625 0.2609375 0.0375 0.0390625
0 0.66171875 0.1484375 0.0328125 0.04765625
0 0.63515625 0.34609375 0.03828125 0.0375
0 0.67421875 0.45703125 0.0375 0.0328125
0 0.79921875 0.4203125 0.0453125 0.03046875
0 0.80625 0.378125 0.05703125 0.0296875
0 0.8375 0.28046875 0.0421875 0.04375
0 0.76953125 0.17734375 0.0375 0.04453125
0 0.8515625 0.08984375 0.04453125 0.04609375
0 0.91953125 0.1453125 0.0515625 0.03515625
0 0.0703125 0.70625 0.05703125 0.04375
0 0.0984375 0.79453125 0.0515625 0.04921875
0 0.51875 0.425 0.04140625 0.0359375
0 0.18515625 0.16953125 0.03984375 0.05078125