0 0.540625 0.57109375 0.01328125 0.04609375
0 0.4765625 0.40390625 0.00859375 0.04453125
0 0.946875 0.475 0.01484375 0.05234375
0 0.8125 0.33515625 0.01328125 0.0375
0 0.75078125 0.25859375 0.0125 0.0375
0 0.4640625 0.2125 0.00703125 0.03828125
0 0.7046875 0.153125 0.01015625 0.02734375
0 0.41953125 0.92265625 0.0140625 0.0640625
0 0.36328125 0.64375 0.01171875 0.0484375
0 0.36015625 0.565625 0.01640625 0.053125
0 0.3375 0.4359375 0.01015625 0.04453125
0 0.12578125 0.61328125 0.01484375 0.05390625
0 0.034375 0.27265625 0.01640625 0.03828125
0 0.2546875 0.11484375 0.0109375 0.03515625
0 0.30859375 0.25 0.0078125 0.03984375
0 0.34453125 0.0390625 0.0078125 0.03203125
0 0.36015625 0.15546875 0.009375 0.03515625
0 0.44140625 0.10859375 0.00625 0.034375
0 0.5140625 0.04140625 0.0078125 0.03515625
0 0.5203125 0.053125 0.00625 0.03046875
0 0.55859375 0.0453125 0.0078125 0.03125
0 0.003125 0.4078125 0.00546875 0.0390625