0 0.6921875 0.13203125 0.0125 0.025
0 0.56328125 0.00390625 0.00625 0.0078125
0 0.43984375 0.00703125 0.00625 0.0140625
0 0.58515625 0.209375 0.00625 0.02734375
0 0.49296875 0.2484375 0.00703125 0.02578125
0 0.48828125 0.26875 0.0078125 0.0328125
0 0.48203125 0.31640625 0.01171875 0.0390625
0 0.63828125 0.015625 0.0078125 0.03125
0 0.475 0.365625 0.0109375 0.040625
0 0.6515625 0.42890625 0.0109375 0.03515625
0 0.778125 0.44453125 0.0078125 0.0375
0 0.509375 0.44921875 0.01171875 0.02890625
0 0.77109375 0.44921875 0.0078125 0.03671875
0 0.46953125 0.48828125 0.00625 0.02890625
0 0.61875 0.490625 0.01015625 0.040625
0 0.46328125 0.49375 0.00703125 0.0234375
0 0.45859375 0.50390625 0.00859375 0.03671875
0 0.465625 0.5109375 0.009375 0.0328125
0 0.6390625 0.52734375 0.0125 0.0390625
0 0.61796875 0.5328125 0.0109375 0.0390625
0 0.6546875 0.6265625 0.0109375 0.0390625
0 0.52578125 0.67265625 0.0125 0.01953125
0 0.52578125 0.7015625 0.0125 0.0375
0 0.83046875 0.7515625 0.0125 0.0390625
0 0.484375 0.80625 0.01171875 0.0328125
0 0.459375 0.9078125 0.01171875 0.0390625