0 0.0296875 0.62890625 0.02265625 0.06015625
0 0.0015625 0.6140625 0.003125 0.028125
0 0.15703125 0.71484375 0.01875 0.02734375
0 0.265625 0.62109375 0.0171875 0.021875
0 0.26640625 0.66328125 0.01875 0.028125
0 0.421875 0.5265625 0.021875 0.03984375
0 0.625 0.14375 0.0125 0.0234375
0 0.61015625 0.11484375 0.01015625 0.02890625
0 0.61640625 0.10859375 0.009375 0.0328125
0 0.6 0.153125 0.01015625 0.028125
0 0.5984375 0.1296875 0.01171875 0.02578125
0 0.8046875 0.1015625 0.01875 0.0421875
0 0.60390625 0.1859375 0.009375 0.0234375