0 0.49375 0.01640625 0.00859375 0.03203125
0 0.43828125 0.203125 0.01171875 0.0296875
0 0.4375 0.21484375 0.0078125 0.0296875
0 0.3375 0.221875 0.01171875 0.04375
0 0.33046875 0.22890625 0.01171875 0.0375
0 0.33046875 0.3265625 0.0125 0.0359375
0 0.23515625 0.3375 0.01328125 0.034375
0 0.24375 0.33828125 0.0078125 0.028125
0 0.43671875 0.340625 0.01328125 0.03203125
0 0.23203125 0.35390625 0.0109375 0.0359375
0 0.2484375 0.359375 0.01171875 0.03984375
0 0.24140625 0.36328125 0.0109375 0.0421875
0 0.33515625 0.36484375 0.01171875 0.03984375
0 0.5046875 0.3875 0.01015625 0.034375
0 0.34140625 0.45390625 0.0203125 0.01796875
0 0.33984375 0.46953125 0.0140625 0.02421875
0 0.43125 0.50859375 0.015625 0.028125
0 0.42734375 0.5203125 0.01484375 0.028125
0 0.44296875 0.6921875 0.01328125 0.03046875
0 0.44296875 0.76640625 0.00859375 0.0203125
0 0.1578125 0.77109375 0.01953125 0.0375
0 0.4296875 0.77265625 0.0171875 0.03984375
0 0.50703125 0.8125 0.0109375 0.0359375
0 0.5140625 0.8375 0.0140625 0.0234375
0 0.51328125 0.85546875 0.01015625 0.034375
0 0.4953125 0.090625 0.01015625 0.04453125
0 0.21484375 0.10859375 0.0125 0.0359375
0 0.19453125 0.11640625 0.01015625 0.0234375