0 0.4546875 0.14609375 0.00546875 0.025
0 0.43515625 0.146875 0.00625 0.03203125
0 0.465625 0.209375 0.0078125 0.03046875
0 0.43828125 0.2140625 0.0078125 0.034375
0 0.40859375 0.21796875 0.00625 0.0328125
0 0.4140625 0.21875 0.00703125 0.0265625
0 0.40234375 0.22109375 0.0078125 0.0328125
0 0.45625 0.240625 0.0078125 0.02421875
0 0.45625 0.2484375 0.00859375 0.02265625
0 0.5421875 0.31015625 0.00625 0.02421875
0 0.57109375 0.0421875 0.0078125 0.0390625
0 0.59609375 0.478125 0.00703125 0.02890625
0 0.5765625 0.05390625 0.00625 0.03203125
0 0.76015625 0.8 0.01328125 0.0390625
0 0.41875 0.81953125 0.00703125 0.03671875
0 0.42734375 0.82265625 0.0109375 0.040625
0 0.7359375 0.840625 0.01171875 0.034375
0 0.3828125 0.92265625 0.01171875 0.0328125
0 0.36796875 0.93125 0.0109375 0.03515625
0 0.3890625 0.9640625 0.0140625 0.03671875
0 0.40703125 0.97890625 0.0125 0.0390625