0 0.06875 0.4515625 0.01640625 0.0328125
0 0.07109375 0.4609375 0.0203125 0.0328125
0 0.07421875 0.4765625 0.02109375 0.034375
0 0.05859375 0.515625 0.02109375 0.0390625
0 0.05859375 0.53046875 0.0125 0.028125
0 0.290625 0.58203125 0.01171875 0.03671875
0 0.20859375 0.59609375 0.01796875 0.0390625
0 0.41796875 0.6265625 0.0109375 0.03671875
0 0.471875 0.63125 0.0140625 0.0421875
0 0.4671875 0.64140625 0.00859375 0.03671875
0 0.4125 0.6453125 0.009375 0.0421875
0 0.43203125 0.64921875 0.01171875 0.0390625
0 0.45234375 0.671875 0.0125 0.046875
0 0.40234375 0.67890625 0.01171875 0.03828125
0 0.4203125 0.690625 0.0125 0.03203125
0 0.415625 0.7078125 0.00859375 0.034375
0 0.26015625 0.70859375 0.0125 0.034375
0 0.29921875 0.715625 0.009375 0.02265625
0 0.30078125 0.71640625 0.015625 0.0390625
0 0.2421875 0.73828125 0.0125 0.0390625
0 0.25859375 0.74140625 0.009375 0.0265625
0 0.2671875 0.76171875 0.0140625 0.040625
0 0.97734375 0.95859375 0.02421875 0.04921875