0 0.8625 0.00625 0.01171875 0.0125
0 0.64453125 0.125 0.0109375 0.0125
0 0.2109375 0.19921875 0.0109375 0.021875
0 0.74140625 0.20390625 0.01171875 0.01953125
0 0.73046875 0.22734375 0.01171875 0.01953125
0 0.228125 0.22890625 0.009375 0.02109375
0 0.21015625 0.2421875 0.01171875 0.01875
0 0.84140625 0.2609375 0.01015625 0.01875
0 0.89609375 0.01796875 0.01015625 0.015625
0 0.82890625 0.27578125 0.01171875 0.01640625
0 0.70390625 0.290625 0.01328125 0.01953125
0 0.28125 0.3171875 0.0109375 0.01796875
0 0.2984375 0.31953125 0.00859375 0.021875
0 0.97265625 0.3203125 0.01796875 0.01484375
0 0.7609375 0.3296875 0.01171875 0.01875
0 0.765625 0.3359375 0.01015625 0.01953125
0 0.27734375 0.33828125 0.00859375 0.01953125
0 0.9171875 0.340625 0.0125 0.01796875
0 0.89140625 0.02578125 0.0109375 0.01953125
0 0.8453125 0.02578125 0.01015625 0.01875
0 0.909375 0.02734375 0.01484375 0.01875
0 0.2640625 0.3640625 0.01484375 0.015625
0 0.8453125 0.02890625 0.0125 0.02265625
0 0.878125 0.03671875 0.0109375 0.01953125
0 0.97578125 0.4671875 0.01875 0.01796875
0 0.990625 0.47265625 0.01875 0.015625
0 0.8734375 0.03828125 0.0109375 0.01875
0 0.9765625 0.48203125 0.01484375 0.01171875
0 0.88671875 0.04453125 0.009375 0.01953125
0 0.85703125 0.04921875 0.01171875 0.01953125
0 0.29375 0.61640625 0.015625 0.01640625
0 0.8953125 0.05390625 0.0125 0.01875
0 0.86953125 0.0640625 0.01171875 0.021875
0 0.765625 0.07578125 0.009375 0.01875