0 0.31484375 0.23984375 0.01171875 0.03203125
0 0.3015625 0.24296875 0.0109375 0.028125
0 0.4984375 0.24765625 0.009375 0.03046875
0 0.484375 0.26171875 0.009375 0.03203125
0 0.3 0.265625 0.009375 0.02109375
0 0.4953125 0.2765625 0.0078125 0.028125
0 0.51796875 0.28515625 0.0078125 0.0296875
0 0.50703125 0.29765625 0.0078125 0.0296875
0 0.51796875 0.315625 0.0078125 0.028125
0 0.53515625 0.3296875 0.00859375 0.0296875
0 0.49609375 0.33828125 0.0078125 0.0296875
0 0.5234375 0.3421875 0.00703125 0.028125
0 0.48828125 0.34453125 0.009375 0.03046875
0 0.54609375 0.35078125 0.009375 0.0296875
0 0.51484375 0.353125 0.00859375 0.0265625
0 0.5359375 0.36171875 0.0078125 0.025
0 0.50703125 0.36484375 0.0078125 0.028125
0 0.471875 0.3671875 0.009375 0.025
0 0.52734375 0.3765625 0.0078125 0.028125
0 0.496875 0.37890625 0.00859375 0.0296875
0 0.51875 0.38671875 0.0078125 0.02421875
0 0.5625 0.38671875 0.00859375 0.0265625
0 0.4859375 0.39765625 0.00703125 0.025
0 0.509375 0.4046875 0.01015625 0.02265625
0 0.546875 0.409375 0.00859375 0.0296875
0 0.409375 0.41171875 0.00703125 0.0265625
0 0.43515625 0.41484375 0.009375 0.02421875
0 0.57578125 0.41484375 0.009375 0.0265625
0 0.46875 0.4171875 0.009375 0.0265625
0 0.5375 0.4171875 0.00859375 0.0265625
0 0.496875 0.4203125 0.00859375 0.028125
0 0.5671875 0.4265625 0.009375 0.02109375
0 0.459375 0.42734375 0.00703125 0.03046875
0 0.41796875 0.4296875 0.015625 0.0375
0 0.5296875 0.4296875 0.0078125 0.02265625
0 0.48828125 0.434375 0.0078125 0.0296875
0 0.5609375 0.4359375 0.0109375 0.0265625
0 0.44609375 0.4421875 0.009375 0.028125
0 0.47890625 0.44375 0.0078125 0.02421875
0 0.5234375 0.44375 0.009375 0.02421875
0 0.5921875 0.44609375 0.00859375 0.025
0 0.55390625 0.44609375 0.00703125 0.02265625
0 0.515625 0.45234375 0.00859375 0.02421875
0 0.46953125 0.453125 0.0078125 0.0265625
0 0.584375 0.4578125 0.009375 0.0203125
0 0.54453125 0.459375 0.00859375 0.025
0 0.5765625 0.465625 0.009375 0.02265625
0 0.50625 0.4671875 0.009375 0.025
0 0.45703125 0.47109375 0.0078125 0.02265625
0 0.53671875 0.4734375 0.00859375 0.02421875
0 0.49375 0.47890625 0.009375 0.02421875
0 0.5671875 0.4796875 0.009375 0.02421875
0 0.60625 0.48046875 0.0078125 0.02265625
0 0.528125 0.484375 0.009375 0.02109375
0 0.44296875 0.484375 0.00859375 0.028125
0 0.59921875 0.48828125 0.00859375 0.02109375
0 0.5578125 0.48984375 0.0078125 0.02265625
0 0.37265625 0.49140625 0.0109375 0.02265625
0 0.484375 0.49140625 0.0078125 0.028125
0 0.409375 0.49375 0.009375 0.025
0 0.51875 0.49609375 0.009375 0.02421875
0 0.59296875 0.49765625 0.009375 0.01875
0 0.5515625 0.50078125 0.0109375 0.02265625
0 0.5109375 0.50859375 0.00859375 0.0203125
0 0.584375 0.50859375 0.009375 0.0203125
0 0.4734375 0.5125 0.009375 0.02265625
0 0.334375 0.51328125 0.0125 0.02421875
0 0.54375 0.5140625 0.0078125 0.02265625
0 0.61875 0.51640625 0.0125 0.02265625
0 0.46171875 0.51875 0.009375 0.02109375
0 0.57578125 0.5203125 0.009375 0.025
0 0.5015625 0.5234375 0.0078125 0.0203125
0 0.41953125 0.525 0.0078125 0.025
0 0.640625 0.525 0.01328125 0.025
0 0.384375 0.525 0.01015625 0.02109375
0 0.61171875 0.5265625 0.0109375 0.02109375
0 0.5359375 0.5296875 0.00859375 0.02109375
0 0.5671875 0.53359375 0.00859375 0.02109375
0 0.60625 0.534375 0.009375 0.0203125
0 0.490625 0.53828125 0.01015625 0.02265625
0 0.52421875 0.53828125 0.00859375 0.02421875
0 0.5984375 0.54609375 0.009375 0.0203125
0 0.559375 0.54765625 0.0109375 0.0203125
0 0.63515625 0.5484375 0.0109375 0.025
0 0.478125 0.55234375 0.009375 0.01875
0 0.40078125 0.553125 0.009375 0.02109375
0 0.5140625 0.55390625 0.0078125 0.025
0 0.59296875 0.5546875 0.00859375 0.02109375
0 0.43359375 0.55546875 0.009375 0.0203125
0 0.54921875 0.55625 0.009375 0.02109375
0 0.5828125 0.565625 0.009375 0.0203125
0 0.62265625 0.56796875 0.009375 0.02109375
0 0.540625 0.56875 0.009375 0.02265625
0 0.503125 0.57265625 0.009375 0.0203125
0 0.57578125 0.58359375 0.009375 0.02265625
0 0.4921875 0.58828125 0.00859375 0.02109375
0 0.45234375 0.58828125 0.009375 0.025
0 0.53125 0.58984375 0.01171875 0.0171875
0 0.56875 0.5921875 0.009375 0.02421875
0 0.41328125 0.59296875 0.0109375 0.025
0 0.51875 0.60234375 0.01328125 0.0203125
0 0.56171875 0.6046875 0.009375 0.0203125
0 0.59375 0.60703125 0.0109375 0.0203125
0 0.5078125 0.6140625 0.009375 0.0203125
0 0.546875 0.625 0.0078125 0.02421875
0 0.42890625 0.62578125 0.01171875 0.0203125
0 0.465625 0.628125 0.0109375 0.02109375
0 0.53671875 0.6296875 0.00859375 0.0265625
0 0.57265625 0.6359375 0.009375 0.02421875
0 0.528125 0.646875 0.009375 0.02109375
0 0.475 0.65859375 0.01015625 0.02109375
0 0.440625 0.66171875 0.01171875 0.01875
0 0.51484375 0.6640625 0.01015625 0.02421875
0 0.5328125 0.675 0.0109375 0.0171875
0 0.45 0.6921875 0.009375 0.02109375
0 0.5671875 0.69765625 0.01328125 0.02421875
0 0.49296875 0.6984375 0.009375 0.02421875
0 0.47265625 0.725 0.01171875 0.0203125
0 0.5203125 0.7359375 0.0109375 0.01875
0 0.50625 0.75859375 0.009375 0.02109375