0 0.72265625 0.10390625 0.01171875 0.03828125
0 0.6984375 0.13203125 0.01171875 0.04140625
0 0.66015625 0.13984375 0.01015625 0.03828125
0 0.64609375 0.14609375 0.0140625 0.0375
0 0.7078125 0.146875 0.0140625 0.0375
0 0.6953125 0.16484375 0.0140625 0.04140625
0 0.61328125 0.2171875 0.009375 0.04140625
0 0.62109375 0.22578125 0.01171875 0.0453125
0 0.72578125 0.234375 0.0171875 0.0375
0 0.6796875 0.28515625 0.00859375 0.0375
0 0.72578125 0.290625 0.01328125 0.0265625
0 0.66640625 0.29921875 0.009375 0.0328125
0 0.6734375 0.3 0.0078125 0.0265625
0 0.68203125 0.303125 0.0078125 0.025
0 0.72578125 0.3171875 0.0125 0.0375
0 0.54375 0.31953125 0.0078125 0.02890625
0 0.56875 0.328125 0.0140625 0.03828125
0 0.63046875 0.359375 0.0140625 0.0453125
0 0.7015625 0.3609375 0.01015625 0.03984375
0 0.68828125 0.3671875 0.0140625 0.0421875
0 0.4296875 0.3796875 0.01015625 0.03828125
0 0.68125 0.3875 0.01484375 0.0375
0 0.66328125 0.39453125 0.0109375 0.03828125
0 0.52421875 0.396875 0.009375 0.02890625
0 0.37265625 0.42734375 0.01015625 0.0375
0 0.34765625 0.43515625 0.01328125 0.0375
0 0.38828125 0.43515625 0.00859375 0.034375
0 0.396875 0.45703125 0.015625 0.04140625
0 0.35390625 0.46171875 0.0109375 0.03203125
0 0.415625 0.46953125 0.01796875 0.0453125
0 0.30546875 0.47578125 0.0125 0.0375
0 0.33359375 0.47890625 0.01328125 0.0421875
0 0.3484375 0.48125 0.01640625 0.0375
0 0.3375 0.4984375 0.0125 0.0375
0 0.3703125 0.4984375 0.0109375 0.0375
0 0.36171875 0.49921875 0.0140625 0.04375
0 0.3828125 0.509375 0.01484375 0.0375
0 0.259375 0.54375 0.0203125 0.0421875
0 0.2203125 0.55078125 0.02265625 0.03828125
0 0.26796875 0.55625 0.021875 0.04140625
0 0.340625 0.56328125 0.01015625 0.0171875
0 0.32265625 0.5765625 0.0140625 0.0359375
0 0.32421875 0.58125 0.0140625 0.03828125
0 0.16015625 0.584375 0.025 0.04140625
0 0.2703125 0.58671875 0.01640625 0.04140625
0 0.29140625 0.6 0.0109375 0.02265625
0 0.203125 0.60546875 0.01796875 0.0328125
0 0.2953125 0.609375 0.01015625 0.02265625
0 0.25078125 0.61640625 0.02265625 0.0328125
0 0.17421875 0.6265625 0.01796875 0.0328125
0 0.11875 0.63984375 0.0203125 0.03046875
0 0.18828125 0.65078125 0.01328125 0.0328125
0 0.1109375 0.65234375 0.01640625 0.0421875
0 0.15859375 0.66484375 0.0203125 0.04140625
0 0.19765625 0.66640625 0.01875 0.0328125
0 0.1609375 0.66875 0.01875 0.03203125
0 0.16640625 0.68359375 0.021875 0.0359375
0 0.8859375 0.7015625 0.02421875 0.0375
0 0.8359375 0.03984375 0.0171875 0.03984375
0 0.075 0.76015625 0.02421875 0.03203125
0 0.9875 0.86640625 0.02421875 0.04375
0 0.70703125 0.07578125 0.0109375 0.0421875
0 0.709375 0.08515625 0.009375 0.03828125