0 0.08359375 0.128125 0.01015625 0.02421875
0 0.0859375 0.14140625 0.0125 0.03125
0 0.84296875 0.1890625 0.01640625 0.03515625
0 0.93515625 0.28984375 0.01328125 0.0375
0 0.33671875 0.31875 0.01484375 0.025
0 0.309375 0.3234375 0.01796875 0.02578125
0 0.94765625 0.4171875 0.0203125 0.03359375
0 0.8515625 0.01328125 0.01875 0.0265625
0 0.9171875 0.5203125 0.02421875 0.03046875
0 0.859375 0.54609375 0.01953125 0.03046875
0 0.01328125 0.56484375 0.0265625 0.028125
0 0.096875 0.6078125 0.0234375 0.03125
0 0.99609375 0.69765625 0.0078125 0.0265625
0 0.79609375 0.04921875 0.0125 0.03515625