0 0.45546875 0.95625 0.009375 0.015625
0 0.25625 0.03203125 0.01171875 0.015625
0 0.08828125 0.15703125 0.01796875 0.0234375
0 0.04375 0.16640625 0.0125 0.01484375
0 0.02578125 0.16875 0.0125 0.01484375
0 0.28125 0.17109375 0.01015625 0.0140625
0 0.0359375 0.18046875 0.01328125 0.01796875
0 0.33359375 0.18359375 0.009375 0.0140625
0 0.07890625 0.184375 0.015625 0.0140625
0 0.2328125 0.20234375 0.0109375 0.0125
0 0.21953125 0.2109375 0.009375 0.01171875
0 0.2296875 0.21484375 0.01328125 0.01015625
0 0.02578125 0.22890625 0.01484375 0.009375