0 0.7375 0.87890625 0.03359375 0.02109375
0 0.7265625 0.85703125 0.03984375 0.03125
0 0.703125 0.50234375 0.02578125 0.03828125
0 0.4859375 0.4265625 0.0203125 0.03984375
0 0.41875 0.60078125 0.02421875 0.0421875
0 0.43203125 0.571875 0.01796875 0.03984375
0 0.55 0.32578125 0.015625 0.04375
0 0.84375 0.27421875 0.01484375 0.02890625
0 0.5953125 0.33203125 0.01640625 0.03125
0 0.6125 0.27109375 0.0125 0.04375
0 0.5609375 0.140625 0.01640625 0.0390625
0 0.57890625 0.1640625 0.01328125 0.0359375
0 0.5765625 0.14375 0.01640625 0.03828125
0 0.596875 0.16015625 0.0171875 0.040625
0 0.52265625 0.11953125 0.0109375 0.04296875
0 0.54296875 0.15 0.01171875 0.04375
0 0.4328125 0.73515625 0.0234375 0.025
0 0.08671875 0.1765625 0.0171875 0.025
0 0.45390625 0.0578125 0.01796875 0.04375
0 0.51796875 0.0171875 0.0078125 0.034375
0 0.53515625 0.009375 0.0140625 0.01875
0 0.4828125 0.0125 0.01015625 0.02421875