0 0.05 0.1828125 0.0171875 0.040625
0 0.52109375 0.228125 0.01015625 0.03203125
0 0.02890625 0.2296875 0.015625 0.03828125
0 0.53125 0.29921875 0.01171875 0.01875
0 0.56171875 0.0453125 0.0109375 0.03203125
0 0.64609375 0.44453125 0.01328125 0.034375
0 0.540625 0.45625 0.01171875 0.034375
0 0.48515625 0.04609375 0.01015625 0.0265625
0 0.53359375 0.05859375 0.0078125 0.0203125
0 0.57421875 0.70703125 0.01484375 0.040625
0 0.94375 0.8734375 0.02109375 0.021875
0 0.9703125 0.9109375 0.02578125 0.025
0 0.65390625 0.98984375 0.01953125 0.0203125