0 0.546875 0.67265625 0.0203125 0.0390625
0 0.4546875 0.70546875 0.0203125 0.03046875
0 0.6078125 0.71171875 0.025 0.0515625
0 0.47890625 0.7140625 0.0203125 0.03515625
0 0.56328125 0.075 0.04375 0.075
0 0.58984375 0.828125 0.0203125 0.05625
0 0.54296875 0.91171875 0.0296875 0.05859375
0 0.5625 0.9359375 0.015625 0.04375
0 0.77890625 0.1734375 0.05625 0.06796875
0 0.60546875 0.175 0.03828125 0.06171875
0 0.4546875 0.2109375 0.02265625 0.04375
0 0.5859375 0.2171875 0.028125 0.053125
0 0.61015625 0.240625 0.03203125 0.05390625
0 0.55234375 0.2515625 0.028125 0.0546875
0 0.740625 0.27734375 0.02265625 0.02890625
0 0.715625 0.31953125 0.03671875 0.04921875
0 0.09453125 0.3390625 0.046875 0.03203125
0 0.54921875 0.38671875 0.02578125 0.04609375
0 0.5421875 0.42265625 0.021875 0.028125
0 0.5515625 0.44453125 0.0234375 0.02578125
0 0.4765625 0.44609375 0.03671875 0.0359375
0 0.5515625 0.45234375 0.02421875 0.03203125
0 0.57890625 0.45390625 0.03515625 0.028125
0 0.46875 0.48671875 0.02890625 0.03125
0 0.5765625 0.4890625 0.02421875 0.03828125
0 0.553125 0.503125 0.028125 0.02578125
0 0.74453125 0.5328125 0.0453125 0.04375
0 0.5875 0.55078125 0.0453125 0.05703125
0 0.6796875 0.60234375 0.04375 0.03984375
0 0.525 0.61953125 0.0328125 0.0296875
0 0.5828125 0.6515625 0.03359375 0.0421875