0 0.45078125 0.109375 0.009375 0.02265625
0 0.32421875 0.3640625 0.0171875 0.02734375
0 0.815625 0.37109375 0.015625 0.0265625
0 0.28828125 0.3828125 0.01328125 0.0296875
0 0.25546875 0.403125 0.01328125 0.0265625
0 0.27578125 0.415625 0.015625 0.028125
0 0.26796875 0.421875 0.01171875 0.02578125
0 0.26015625 0.43984375 0.0140625 0.0234375
0 0.9890625 0.4453125 0.015625 0.03359375
0 0.87734375 0.446875 0.01640625 0.02421875
0 0.24296875 0.49140625 0.01640625 0.02734375
0 0.22578125 0.52578125 0.0125 0.0296875
0 0.07265625 0.7515625 0.02265625 0.0296875
0 0.29375 0.90625 0.0234375 0.0296875