0 0.45625 0.015625 0.00859375 0.025
0 0.34375 0.16796875 0.009375 0.01640625
0 0.35390625 0.228125 0.00859375 0.0140625
0 0.3640625 0.234375 0.009375 0.015625
0 0.56171875 0.403125 0.01015625 0.0171875
0 0.39765625 0.4578125 0.01171875 0.01015625
0 0.38828125 0.47109375 0.0109375 0.009375
0 0.37890625 0.48203125 0.01015625 0.01640625
0 0.24140625 0.51953125 0.0125 0.01015625
0 0.1859375 0.5328125 0.01328125 0.00859375
0 0.09375 0.55390625 0.0203125 0.01015625
0 0.075 0.56953125 0.02109375 0.0078125
0 0.08828125 0.65390625 0.0171875 0.01171875
0 0.07109375 0.66171875 0.01875 0.009375
0 0.4859375 0.66640625 0.0125 0.02265625
0 0.36640625 0.696875 0.0125 0.015625
0 0.0984375 0.75390625 0.0171875 0.0125
0 0.44921875 0.87890625 0.01015625 0.0203125