0 0.89140625 0.53046875 0.01640625 0.04609375
0 0.88359375 0.41171875 0.0171875 0.04453125
0 0.478125 0.6125 0.01640625 0.0515625
0 0.56953125 0.85390625 0.01640625 0.06015625
0 0.503125 0.3109375 0.00859375 0.05078125
0 0.48359375 0.16328125 0.0078125 0.03828125
0 0.56015625 0.08203125 0.01015625 0.0359375
0 0.60859375 0.0875 0.01171875 0.040625
0 0.6265625 0.08203125 0.00859375 0.0328125
0 0.84921875 0.259375 0.009375 0.03828125
0 0.81953125 0.1140625 0.01328125 0.0375
0 0.3453125 0.97421875 0.015625 0.0515625
0 0.37421875 0.8359375 0.02109375 0.06640625
0 0.321875 0.6359375 0.01953125 0.0546875
0 0.02265625 0.88125 0.02578125 0.06875
0 0.26796875 0.16015625 0.01171875 0.04375
0 0.3375 0.346875 0.0125 0.04453125
0 0.3625 0.20859375 0.01328125 0.04375
0 0.371875 0.06328125 0.01171875 0.0390625