0 0.16328125 0.37421875 0.009375 0.0140625
0 0.1734375 0.3765625 0.01875 0.0453125
0 0.3828125 0.4375 0.01875 0.03125
0 0.45 0.44453125 0.01171875 0.02578125
0 0.378125 0.44765625 0.0078125 0.021875
0 0.45546875 0.45078125 0.01328125 0.0453125
0 0.40078125 0.47265625 0.009375 0.02265625
0 0.37890625 0.4734375 0.015625 0.04453125
0 0.38828125 0.484375 0.01484375 0.0453125
0 0.35078125 0.509375 0.01875 0.02578125
0 0.3625 0.51953125 0.01328125 0.0203125
0 0.4375 0.52734375 0.01171875 0.05234375
0 0.46640625 0.534375 0.01796875 0.028125
0 0.4625 0.5546875 0.0125 0.0203125
0 0.47734375 0.55546875 0.01484375 0.0296875
0 0.428125 0.5609375 0.00625 0.025
0 0.409375 0.5609375 0.01484375 0.05234375
0 0.52578125 0.5953125 0.0078125 0.021875
0 0.3796875 0.5953125 0.01640625 0.046875
0 0.39296875 0.5984375 0.01328125 0.01796875
0 0.521875 0.59921875 0.0140625 0.04296875
0 0.50234375 0.60703125 0.01171875 0.0171875
0 0.50390625 0.6125 0.01328125 0.04921875
0 0.521875 0.615625 0.00859375 0.01640625
0 0.51875 0.628125 0.01328125 0.03515625