0 0.78203125 0.928125 0.0171875 0.04453125
0 0.9359375 0.71640625 0.0140625 0.040625
0 0.80859375 0.45546875 0.0171875 0.0421875
0 0.621875 0.7109375 0.0125 0.05234375
0 0.784375 0.3109375 0.0109375 0.040625
0 0.69375 0.178125 0.0109375 0.0375
0 0.4109375 0.2796875 0.01328125 0.034375
0 0.6125 0.1109375 0.0078125 0.03046875
0 0.51171875 0.084375 0.0078125 0.03203125
0 0.396875 0.16875 0.009375 0.0359375
0 0.3328125 0.07421875 0.0078125 0.0328125
0 0.30703125 0.28671875 0.0109375 0.0453125
0 0.29296875 0.346875 0.0109375 0.0375
0 0.2359375 0.228125 0.01015625 0.03828125
0 0.1984375 0.0859375 0.0125 0.028125
0 0.2046875 0.04375 0.009375 0.028125
0 0.1109375 0.03046875 0.0109375 0.03203125
0 0.0890625 0.3640625 0.0140625 0.0421875
0 0.0125 0.90625 0.025 0.053125
0 0.315625 0.84453125 0.01796875 0.05703125
0 0.34609375 0.540625 0.01953125 0.05234375