0 0.0390625 0.64296875 0.021875 0.05703125
0 0.00703125 0.62890625 0.0140625 0.0265625
0 0.1609375 0.725 0.01796875 0.02578125
0 0.26484375 0.6359375 0.01640625 0.02109375
0 0.265625 0.67578125 0.01796875 0.0265625
0 0.41484375 0.54453125 0.02109375 0.03828125
0 0.609375 0.17890625 0.01171875 0.021875
0 0.59453125 0.15078125 0.009375 0.028125
0 0.6015625 0.14453125 0.00859375 0.03125
0 0.58515625 0.1875 0.01015625 0.0265625
0 0.58359375 0.165625 0.01171875 0.025
0 0.78125 0.13828125 0.01796875 0.040625
0 0.5890625 0.21875 0.00859375 0.021875