0 0.48515625 0.67265625 0.009375 0.025
0 0.45859375 0.6953125 0.01328125 0.0234375
0 0.46953125 0.71015625 0.01328125 0.02421875
0 0.4140625 0.71484375 0.00859375 0.0140625
0 0.4578125 0.715625 0.0109375 0.021875
0 0.40546875 0.73046875 0.01015625 0.02265625
0 0.43828125 0.75234375 0.01875 0.0203125
0 0.50234375 0.090625 0.0078125 0.0234375
0 0.78046875 0.9328125 0.02421875 0.0203125
0 0.76171875 0.98203125 0.0203125 0.025
0 0.4609375 0.14140625 0.01015625 0.03203125
0 0.46875 0.1421875 0.0078125 0.03046875
0 0.50703125 0.01484375 0.00625 0.0296875
0 0.5375 0.1734375 0.01328125 0.02109375
0 0.446875 0.18046875 0.0125 0.03125
0 0.43125 0.234375 0.009375 0.0203125
0 0.46015625 0.2421875 0.01015625 0.03359375
0 0.43203125 0.046875 0.00859375 0.028125
0 0.48984375 0.46953125 0.01171875 0.02578125
0 0.46640625 0.50078125 0.01171875 0.025
0 0.48359375 0.0515625 0.01015625 0.01640625
0 0.46796875 0.54921875 0.009375 0.02734375
0 0.50859375 0.5734375 0.01484375 0.0265625