0 0.92421875 0.7984375 0.02578125 0.05625
0 0.99375 0.62421875 0.0125 0.04765625
0 0.51953125 0.4515625 0.0125 0.05859375
0 0.5046875 0.24765625 0.009375 0.0453125
0 0.603125 0.13984375 0.01015625 0.040625
0 0.671875 0.1453125 0.00859375 0.04765625
0 0.67890625 0.15859375 0.01171875 0.0453125
0 0.7640625 0.07265625 0.01015625 0.03828125
0 0.36171875 0.08359375 0.009375 0.04375
0 0.34296875 0.30390625 0.0125 0.04453125
0 0.2453125 0.23203125 0.01328125 0.04453125
0 0.0359375 0.2890625 0.01328125 0.04765625
0 0.30078125 0.934375 0.01875 0.0609375
0 0.46328125 0.94921875 0.0203125 0.065625
0 0.33515625 0.48203125 0.0140625 0.05234375
0 0.8796875 0.21796875 0.0140625 0.04609375
0 0.94140625 0.4 0.0171875 0.04765625