0 0.2125 0.11015625 0.01484375 0.03203125
0 0.1890625 0.190625 0.0125 0.028125
0 0.1921875 0.225 0.015625 0.02734375
0 0.48984375 0.24296875 0.009375 0.0171875
0 0.490625 0.25234375 0.0125 0.01875
0 0.425 0.25703125 0.0109375 0.0390625
0 0.27890625 0.28515625 0.00859375 0.02578125
0 0.26640625 0.30625 0.0125 0.03671875
0 0.50625 0.30703125 0.0078125 0.02734375
0 0.24921875 0.315625 0.0125 0.0375
0 0.3703125 0.34765625 0.0125 0.03203125
0 0.159375 0.359375 0.01171875 0.02578125
0 0.446875 0.37265625 0.0125 0.028125
0 0.446875 0.38203125 0.0125 0.03359375
0 0.2734375 0.00703125 0.009375 0.01328125
0 0.2671875 0.403125 0.01796875 0.021875
0 0.32578125 0.4390625 0.0265625 0.0203125
0 0.140625 0.4640625 0.01328125 0.04140625
0 0.12109375 0.51640625 0.0171875 0.03203125
0 0.44375 0.52578125 0.01171875 0.03203125
0 0.45234375 0.53359375 0.01171875 0.03515625
0 0.2734375 0.5671875 0.01171875 0.04296875
0 0.44921875 0.021875 0.00859375 0.02265625
0 0.23671875 0.025 0.015625 0.03359375
0 0.45390625 0.77421875 0.01015625 0.028125
0 0.51484375 0.78359375 0.01328125 0.0390625
0 0.53125 0.82109375 0.00859375 0.04453125
0 0.06875 0.8546875 0.01953125 0.0375
0 0.24765625 0.046875 0.009375 0.03515625
0 0.50703125 0.9859375 0.0125 0.028125
0 0.26328125 0.06171875 0.009375 0.0375
0 0.5046875 0.075 0.00625 0.03125