0 0.50625 0.14375 0.0078125 0.034375
0 0.49765625 0.14609375 0.0046875 0.0203125
0 0.409375 0.16015625 0.00703125 0.021875
0 0.52265625 0.16015625 0.01328125 0.021875
0 0.421875 0.16171875 0.0078125 0.03671875
0 0.3921875 0.225 0.009375 0.034375
0 0.38203125 0.23203125 0.0078125 0.0328125
0 0.24609375 0.23359375 0.0109375 0.03515625
0 0.5390625 0.02734375 0.0078125 0.02890625
0 0.35 0.32578125 0.0125 0.02265625
0 0.39140625 0.4203125 0.009375 0.0203125
0 0.53359375 0.0484375 0.00625 0.0328125
0 0.50390625 0.05234375 0.00703125 0.03828125
0 0.49453125 0.05234375 0.00546875 0.034375
0 0.3640625 0.52109375 0.01015625 0.03671875
0 0.35546875 0.52109375 0.0109375 0.02421875
0 0.51015625 0.0578125 0.00625 0.02890625
0 0.34609375 0.78671875 0.01015625 0.03046875
0 0.35390625 0.80546875 0.01171875 0.028125
0 0.3 0.8640625 0.0125 0.028125
0 0.48359375 0.11328125 0.00703125 0.0265625
0 0.4890625 0.115625 0.0046875 0.028125