0 0.63828125 0.08046875 0.00625 0.02734375
0 0.6640625 0.084375 0.00625 0.0109375
0 0.6578125 0.0875 0.00625 0.0140625
0 0.6296875 0.08828125 0.00703125 0.01640625
0 0.66640625 0.08984375 0.0078125 0.0125
0 0.82109375 0.0984375 0.009375 0.028125
0 0.4265625 0.00234375 0.0078125 0.0046875
0 0.39140625 0.00625 0.009375 0.01171875
0 0.484375 0.00703125 0.00703125 0.0140625
0 0.98671875 0.21875 0.02109375 0.03125
0 0.9703125 0.225 0.02109375 0.02734375
0 0.984375 0.23515625 0.01953125 0.03359375
0 0.996875 0.24375 0.00625 0.03515625
0 0.52421875 0.34375 0.0140625 0.046875
0 0.484375 0.3578125 0.01328125 0.03046875
0 0.4703125 0.359375 0.01484375 0.0296875
0 0.44765625 0.3671875 0.01796875 0.02265625
0 0.446875 0.38125 0.0109375 0.02265625
0 0.4890625 0.3890625 0.01796875 0.0234375
0 0.46953125 0.38984375 0.01328125 0.02421875
0 0.4578125 0.39609375 0.0125 0.021875
0 0.4875 0.40234375 0.015625 0.0265625
0 0.4234375 0.4109375 0.01171875 0.0421875
0 0.434375 0.41171875 0.01328125 0.04453125
0 0.35234375 0.48984375 0.01484375 0.053125
0 0.3265625 0.50078125 0.02578125 0.03046875
0 0.303125 0.63671875 0.01796875 0.053125
0 0.4375 0.6609375 0.02421875 0.05390625
0 0.53203125 0.05859375 0.0046875 0.01171875
0 0.5453125 0.06171875 0.00625 0.01640625
0 0.5375 0.0625 0.00625 0.01484375
0 0.5125 0.06328125 0.009375 0.01640625
0 0.5015625 0.06796875 0.00625 0.01171875
0 0.61953125 0.071875 0.0078125 0.015625
0 0.6046875 0.0734375 0.00703125 0.01484375
0 0.61171875 0.075 0.00625 0.0125