0 0.39765625 0.19921875 0.01953125 0.05859375
0 0.36328125 0.26171875 0.0234375 0.0515625
0 0.29609375 0.37265625 0.02421875 0.05234375
0 0.353125 0.39140625 0.02734375 0.03984375
0 0.37890625 0.40703125 0.01796875 0.04453125
0 0.409375 0.4203125 0.03203125 0.0484375
0 0.38046875 0.44375 0.02421875 0.05703125
0 0.40390625 0.47578125 0.025 0.05546875
0 0.37734375 0.50859375 0.0265625 0.05
0 0.42265625 0.51875 0.021875 0.05
0 0.2546875 0.528125 0.02890625 0.04609375
0 0.390625 0.55 0.021875 0.0484375
0 0.4609375 0.5984375 0.02421875 0.0515625
0 0.0203125 0.70234375 0.040625 0.04453125